ts,agent_id,x,y,z,v
1541061371,0,192.36241149902344,-86.26268005371094,0.5393258333206177,0.0
1566061371,0,192.36241149902344,-86.26268005371094,0.4919061064720154,0.0
1591061372,0,192.36241149902344,-86.26268005371094,0.4383743107318878,0.0
1616061372,0,192.36241149902344,-86.26268005371094,0.3787320554256439,0.0
1641061373,0,192.36241149902344,-86.26268005371094,0.31298086047172546,0.0
1666061373,0,192.36241149902344,-86.26268005371094,0.24112220108509064,0.0
1691061373,0,192.36241149902344,-86.26268005371094,0.16315768659114838,0.0
1716061374,0,192.36241149902344,-86.26268005371094,0.08290393650531769,0.0
1741061374,0,192.36241149902344,-86.26268005371094,0.026514854282140732,3.500639275457996e-08
1766061374,0,192.36241149902344,-86.26268005371094,-0.008726844564080238,8.505035316139543e-08
1791061375,0,192.36241149902344,-86.26268005371094,-0.029134521260857582,4.0671624123947987e-08
1816061375,0,192.36241149902344,-86.26268005371094,-0.03932075574994087,8.361516494236895e-08
1841061376,0,192.36241149902344,-86.26268005371094,-0.04107673466205597,0.00028551323963086484
1866061376,0,192.36244201660156,-86.26265716552734,-0.03865554556250572,0.0011584831246884285
1891061376,0,192.36241149902344,-86.26264190673828,-0.03404334932565689,0.00045497129181805397
1916061377,0,192.36241149902344,-86.26263427734375,-0.028247259557247162,0.0001136731909063507
1941061377,0,192.36241149902344,-86.26263427734375,-0.02195255272090435,4.645333239132939e-05
1966061377,0,192.36241149902344,-86.26263427734375,-0.015612220391631126,0.00012667204383681076
1991061378,0,192.36241149902344,-86.26263427734375,-0.009513778612017632,0.00015670338755402477
2016061378,0,192.36244201660156,-86.26264190673828,-0.0038280105218291283,0.00014849149513538533
2041061379,0,192.36244201660156,-86.26264190673828,0.0013550185831263661,0.00016266515420826458
2066061379,0,192.36244201660156,-86.26264190673828,0.006000022869557142,0.0001502767800983553
2091061379,0,192.36244201660156,-86.26265716552734,0.01010768860578537,0.00013830207534555098
2116061380,0,192.36244201660156,-86.26265716552734,0.013701400719583035,0.0001224633081497022
2141061380,0,192.36244201660156,-86.26265716552734,0.016817893832921982,0.00010957199731911865
2166061380,0,192.36245727539062,-86.26266479492188,0.019500503316521645,9.577752803550871e-05
2191061381,0,192.36245727539062,-86.26266479492188,0.021795310080051422,7.965147480429598e-05
2216061381,0,192.36245727539062,-86.26266479492188,0.02374771051108837,7.181928050369442e-05
2241061381,0,192.36245727539062,-86.26266479492188,0.025401076301932335,5.604111757609078e-05
2266061382,0,192.36245727539062,-86.2626724243164,0.026795310899615288,5.611207994233024e-05
2291061382,0,192.36245727539062,-86.2626724243164,0.02796676568686962,4.8912918802633445e-05
2316061383,0,192.36245727539062,-86.2626724243164,0.028947867453098297,4.3181634405766525e-05
2341061383,0,192.36245727539062,-86.2626724243164,0.0297671128064394,3.806036838130633e-05
2366061383,0,192.36245727539062,-86.2626724243164,0.030449332669377327,3.281127540676216e-05
2391061384,0,192.36245727539062,-86.2626724243164,0.03101608157157898,2.9191923419111994e-05
2416061384,0,192.36245727539062,-86.2626724243164,0.03148593753576279,2.2678074213282948e-05
2441061384,0,192.36245727539062,-86.2626724243164,0.031874656677246094,2.181859626705691e-05
2466061385,0,192.36245727539062,-86.2626724243164,0.032195623964071274,1.717789786406572e-05
2491061385,0,192.36245727539062,-86.2626724243164,0.03246017545461655,1.6244813810984695e-05
2516061386,0,192.36245727539062,-86.2626724243164,0.03267795592546463,1.273706018455415e-05
2541061386,0,192.36245727539062,-86.2626724243164,0.032856862992048264,9.689721224580729e-06
2566061386,0,192.36245727539062,-86.2626724243164,0.033003728836774826,1.0331713247064867e-05
2591061387,0,192.36245727539062,-86.2626724243164,0.033124085515737534,9.231201818639556e-06
2616061387,0,192.36245727539062,-86.2626724243164,0.03322257846593857,7.893318545926909e-06
2641061387,0,192.36245727539062,-86.2626724243164,0.03330310806632042,6.958971969453019e-06
2666061388,0,192.36245727539062,-86.2626724243164,0.033368948847055435,5.868360116241293e-06
2691061388,0,192.36245727539062,-86.2626724243164,0.03342258557677269,4.994456344019586e-06
2716061389,0,192.36245727539062,-86.26268005371094,0.033466413617134094,4.797335697863905e-06
2741061389,0,192.36245727539062,-86.26268005371094,0.033471524715423584,4.5811080185434783e-07
2766061389,0,192.36245727539062,-86.26268005371094,0.03348483890295029,4.0555747544727743e-07
2791061390,0,192.36245727539062,-86.26268005371094,0.03350051864981651,4.4032951085362275e-07
2816061390,0,192.36245727539062,-86.26268005371094,0.03351703658699989,3.792703870160121e-07
2841061390,0,192.36245727539062,-86.26268005371094,0.033533286303281784,4.351791034505181e-07
2866061391,0,192.36245727539062,-86.26268005371094,0.03354877233505249,3.1481845276918845e-07
2891061391,0,192.36245727539062,-86.26268005371094,0.0335630401968956,2.7690903440488127e-07
2916061392,0,192.36245727539062,-86.26268005371094,0.03357597440481186,3.018476857731182e-07
2941061392,0,192.36245727539062,-86.26268005371094,0.03358745574951172,2.187428544966985e-07
2966061392,0,192.36245727539062,-86.26268005371094,0.033597640693187714,2.2370241568408228e-07
2991061393,0,192.36245727539062,-86.26268005371094,0.033606529235839844,2.0060063535326953e-07
3016061393,0,192.36245727539062,-86.26268005371094,0.033614158630371094,1.496633965564708e-07
3041061393,0,192.36245727539062,-86.26268005371094,0.03362075611948967,1.423754233400367e-07
3066061394,0,192.36245727539062,-86.26268005371094,0.03362636640667915,9.998270554296136e-08
3091061394,0,192.36245727539062,-86.26268005371094,0.03363117203116417,7.99099560274585e-08
3116061395,0,192.36245727539062,-86.26268005371094,0.033635213971138,1.1990219712271108e-07
3141061395,0,192.36245727539062,-86.26268005371094,0.033638570457696915,6.741396586958961e-08
3166061395,0,192.36245727539062,-86.26268005371094,0.033638570457696915,3.679736602152283e-08
3191061396,0,192.36245727539062,-86.26268005371094,0.033640097826719284,1.2222445291136817e-07
3216061396,0,192.36245727539062,-86.26268005371094,0.033641472458839417,6.214743777403232e-08
3241061396,0,192.36245727539062,-86.26268005371094,0.03364292159676552,5.6940597338045794e-08
3266061397,0,192.36245727539062,-86.26268005371094,0.03364437073469162,5.289385126327433e-08
3291061397,0,192.36245727539062,-86.26268005371094,0.033645667135715485,1.2630052354640267e-07
3316061398,0,192.36245727539062,-86.26268005371094,0.03364696353673935,2.857590843577485e-08
3341061398,0,192.36245727539062,-86.26268005371094,0.03364810720086098,4.6496890368443954e-08
3366061398,0,192.36245727539062,-86.26268005371094,0.03364913910627365,4.745911819635837e-08
3391061399,0,192.36245727539062,-86.26268005371094,0.03364913910627365,6.261361698737363e-08
3416061399,0,192.36245727539062,-86.26268005371094,0.03365085646510124,1.2919412043049838e-07
3441061399,0,192.36245727539062,-86.26268005371094,0.03365085646510124,2.337419781626803e-08
3466061400,0,192.36245727539062,-86.26268005371094,0.03365211561322212,7.562626561669893e-08
3491061400,0,192.36245727539062,-86.26268005371094,0.03365211561322212,1.4850262924796553e-07
3516061400,0,192.36245727539062,-86.26268005371094,0.03365211561322212,9.684247004473684e-08
3541061401,0,192.36245727539062,-86.26268005371094,0.03365344926714897,7.208799181941234e-08
3566061401,0,192.36245727539062,-86.26268005371094,0.03365344926714897,4.77603134867007e-08
3591061402,0,192.36245727539062,-86.26268005371094,0.03365344926714897,1.0484853822217623e-07
3616061402,0,192.36245727539062,-86.26268005371094,0.03365344926714897,4.115611524666788e-08
3641061402,0,192.36245727539062,-86.26268005371094,0.03365344926714897,1.0418936387968259e-07
3666061403,0,192.36245727539062,-86.26268005371094,0.03365344926714897,6.520000560283292e-08
3691061403,0,192.36245727539062,-86.26268005371094,0.03365344926714897,2.1100005712485289e-07
3716061403,0,192.36245727539062,-86.26268005371094,0.03365344926714897,1.2068183357665436e-07
3741061404,0,192.36245727539062,-86.26268005371094,0.03365447744727135,8.879877571532907e-08
3766061404,0,192.36245727539062,-86.26268005371094,0.03365447744727135,8.360702007490133e-08
3791061405,0,192.36245727539062,-86.26268005371094,0.03365447744727135,5.357422224442376e-08
3816061405,0,192.36245727539062,-86.26268005371094,0.03365447744727135,1.1303134018275442e-07
3841061405,0,192.36245727539062,-86.26268005371094,0.03365447744727135,1.0285917054119844e-07
3866061406,0,192.36245727539062,-86.26268005371094,0.03365447744727135,9.424453700471984e-08
3891061406,0,192.36245727539062,-86.26266479492188,0.03365615755319595,0.0013487823869868566
3916061406,0,192.3624725341797,-86.256591796875,0.03353675827383995,0.3170185617553455
3941061407,0,192.36233520507812,-86.2428207397461,0.033336296677589417,0.6187752231846703
3966061407,0,192.36183166503906,-86.22179412841797,0.03310466557741165,0.9049791886532746
3991061408,0,192.36085510253906,-86.19393157958984,0.03287326917052269,1.1746822347000865
4016061408,0,192.36000061035156,-86.15962982177734,0.032658614218235016,1.4288124203970605
4041061408,0,192.35987854003906,-86.11933135986328,0.03247184678912163,1.6642431613257334
4066061409,0,192.3597869873047,-86.07344818115234,0.03231765702366829,1.8841625712761212
4091061409,0,192.3596649169922,-86.02240753173828,0.03219711408019066,2.0872746726216223
4116061409,0,192.35946655273438,-85.96662902832031,0.03210926055908203,2.2740175828822715
4141061410,0,192.35939025878906,-85.90650177001953,0.03205154463648796,2.445391145434272
4166061410,0,192.3584747314453,-85.84246063232422,0.032022397965192795,2.599030968410456
4191061411,0,192.3573760986328,-85.7747573852539,0.03201572224497795,2.7440499965091245
4216061411,0,192.3563690185547,-85.70368194580078,0.03202762454748154,2.8768759155753263
4241061411,0,192.35504150390625,-85.62950897216797,0.03205551207065582,2.9981794841330167
4266061412,0,192.35374450683594,-85.55249786376953,0.03209560364484787,3.1098561406867784
4291061412,0,192.35308837890625,-85.4728775024414,0.03214531019330025,3.2115913165196015
4316061412,0,192.3516387939453,-85.39092254638672,0.032203637063503265,3.3027992843027834
4341061413,0,192.35081481933594,-85.30680847167969,0.03226665407419205,3.38826757982071
4366061413,0,192.34877014160156,-85.2208023071289,0.03233509138226509,3.4621800587725735
4391061414,0,192.34689331054688,-85.13291931152344,0.032403066754341125,3.5373280589301297
4416061414,0,192.34532165527344,-85.04322052001953,0.03246955946087837,3.608043381318031
4441061414,0,192.343994140625,-84.95184326171875,0.032533761113882065,3.6740945765819495
4466061415,0,192.3427276611328,-84.85887145996094,0.03259574994444847,3.7363086901579727
4491061415,0,192.3405303955078,-84.7645034790039,0.032656554132699966,3.792478272884908
4516061415,0,192.3378448486328,-84.66873931884766,0.032714005559682846,3.848156160078543
4541061416,0,192.33580017089844,-84.5716323852539,0.03276752308011055,3.9006052138095875
4566061416,0,192.3342742919922,-84.47322082519531,0.03281734511256218,3.9512127702432687
4591061417,0,192.33184814453125,-84.37364959716797,0.03286510333418846,3.9967322317885974
4616061417,0,192.3292999267578,-84.27291870117188,0.032909125089645386,4.04413665342803
4641061417,0,192.3275909423828,-84.1710433959961,0.032949142158031464,4.088349632021632
4666061418,0,192.3263397216797,-84.06803894042969,0.0329858772456646,4.132450281021003
4691061418,0,192.3241424560547,-83.96403503417969,0.033020246773958206,4.172964033863052
4716061418,0,192.3219757080078,-83.85896301269531,0.03305106982588768,4.215006487160613
4741061419,0,192.31956481933594,-83.75287628173828,0.033078957349061966,4.255771785139765
4766061419,0,192.3157958984375,-83.64593505859375,0.03310653567314148,4.290327194056916
4791061419,0,192.31272888183594,-83.53807067871094,0.0331316739320755,4.325071989314905
4816061420,0,192.31007385253906,-83.42927551269531,0.03315376117825508,4.364173580929251
4841061420,0,192.307373046875,-83.31950378417969,0.03317276015877724,4.4024393294658415
4866061421,0,192.30357360839844,-83.20889282226562,0.03319144994020462,4.4355421778841375
4891061421,0,192.30023193359375,-83.097412109375,0.03320762515068054,4.470818608229622
4916061421,0,192.2958221435547,-82.98518371582031,0.03322448581457138,4.50100399510397
4941061422,0,192.2916717529297,-82.87210845947266,0.03323856368660927,4.535518956855206
4966061422,0,192.28668212890625,-82.75827026367188,0.0332525260746479,4.5665000684032515
4991061422,0,192.2820587158203,-82.64358520507812,0.033263854682445526,4.600663128040477
5016061423,0,192.27821350097656,-82.52799987792969,0.03327266499400139,4.635293542140424
5041061423,0,192.27386474609375,-82.41156768798828,0.03328048810362816,4.669133635709885
5066061424,0,192.26962280273438,-82.29429626464844,0.03328689560294151,4.70318170457646
5091061424,0,192.26458740234375,-82.17623901367188,0.03329360857605934,4.7350787205707086
5116061424,0,192.2579803466797,-82.05756378173828,0.033302191644907,4.762668046203956
5141061425,0,192.25230407714844,-81.9381103515625,0.03330947831273079,4.790354736394068
5166061425,0,192.24757385253906,-81.81784057617188,0.03331531584262848,4.823105036284421
5191061425,0,192.2421112060547,-81.69681549072266,0.03332073241472244,4.854072326617888
5216061426,0,192.23751831054688,-81.57500457763672,0.03332545980811119,4.883508278327239
5241061426,0,192.23297119140625,-81.45240783691406,0.03332916274666786,4.915399599191367
5266061427,0,192.2281951904297,-81.32902526855469,0.033332135528326035,4.946820812987145
5291061427,0,192.22425842285156,-81.20487976074219,0.03333541750907898,4.975939176425402
5316061427,0,192.21888732910156,-81.08014678955078,0.03334079682826996,4.9993221956971405
5341061428,0,192.21302795410156,-80.95472717285156,0.03348884359002113,5.030352348812377
5366061428,0,192.20797729492188,-80.82852935791016,0.03368808701634407,5.059748768176194
5391061428,0,192.20314025878906,-80.7015609741211,0.03380054235458374,5.090152183423026
5416061429,0,192.1980743408203,-80.57466888427734,0.03387397527694702,5.092679774973696
5441061429,0,192.19381713867188,-80.44784545898438,0.03392063081264496,5.092982150923598
5466061430,0,192.18917846679688,-80.32112884521484,0.033948782831430435,5.093085086615498
5491061430,0,192.18296813964844,-80.19464874267578,0.033966634422540665,5.085335533193482
5516061430,0,192.1740264892578,-80.0687026977539,0.03398258239030838,5.0692965748139915
5541061431,0,192.16506958007812,-79.94287872314453,0.03398803621530533,5.069479619584114
5566061431,0,192.15798950195312,-79.8170166015625,0.03398730978369713,5.063922112313679
5591061431,0,192.1494903564453,-79.69143676757812,0.033987272530794144,5.055126360306695
5616061432,0,192.14141845703125,-79.56592559814453,0.033984411507844925,5.052044719112455
5641061432,0,192.13504028320312,-79.44042205810547,0.03397991135716438,5.047961408380732
5666061433,0,192.12893676757812,-79.31497192382812,0.033974263817071915,5.0473882315500065
5691061433,0,192.12112426757812,-79.1900634765625,0.033856961876153946,5.0177530278753615
5716061433,0,192.11415100097656,-79.06487274169922,0.033900488168001175,5.013009527887735
5741061434,0,192.1068572998047,-78.9397964477539,0.033927954733371735,5.008914195146859
5766061434,0,192.09796142578125,-78.81498718261719,0.03394675999879837,4.999855560913359
5791061434,0,192.08985900878906,-78.69020080566406,0.033861882984638214,5.001224072274418
5816061435,0,192.08251953125,-78.56543731689453,0.0337822325527668,4.9991354169436875
5841061435,0,192.07577514648438,-78.44068908691406,0.033630333840847015,4.996628886235795
5866061436,0,192.06890869140625,-78.31600189208984,0.033535804599523544,4.99479183995017
5891061436,0,192.0607452392578,-78.19151306152344,0.03348327428102493,4.988549088282442
5916061436,0,192.0531768798828,-78.06598663330078,0.03357497975230217,5.046755041047634
5941061437,0,192.04684448242188,-77.93861389160156,0.03371242433786392,5.117378012942025
5966061437,0,192.03956604003906,-77.80962371826172,0.03377040848135948,5.18202047544172
5991061437,0,192.0334014892578,-77.6791000366211,0.03378413990139961,5.239601286717124
6016061438,0,192.0276336669922,-77.547119140625,0.03377223759889603,5.297078091379859
6041061438,0,192.021728515625,-77.41378021240234,0.033747557550668716,5.3509913701451755
6066061438,0,192.01353454589844,-77.27951049804688,0.033723488450050354,5.38880349375332
6091061439,0,192.0052490234375,-77.14412689208984,0.033698003739118576,5.435939415082643
6116061439,0,191.99566650390625,-77.00782012939453,0.03367641195654869,5.474260936887398
6141061440,0,191.9828338623047,-76.87114715576172,0.03366653248667717,5.499230220617917
6166061440,0,191.9694061279297,-76.73358917236328,0.03365371748805046,5.542376075584399
6191061440,0,191.95852661132812,-76.59489440917969,0.033640556037425995,5.574335647190888
6216061441,0,191.9478302001953,-76.45518493652344,0.03362800553441048,5.614868822616271
6241061441,0,191.93809509277344,-76.31446838378906,0.03361743688583374,5.651037466144342
6266061441,0,191.92864990234375,-76.17279815673828,0.03360813111066818,5.688909204105062
6291061442,0,191.92051696777344,-76.03021240234375,0.0336027517914772,5.7202707870042495
6316061442,0,191.911376953125,-75.88692474365234,0.0336005762219429,5.749662750003444
6341061443,0,191.9029998779297,-75.74291229248047,0.03360225632786751,5.776824923127318
6366061443,0,191.8943328857422,-75.59819030761719,0.03360450640320778,5.806914557310084
6391061443,0,191.88575744628906,-75.4527587890625,0.03360801562666893,5.8342717187191
6416061444,0,191.87852478027344,-75.30667114257812,0.03361450135707855,5.856786558757399
6441061444,0,191.8707733154297,-75.16001892089844,0.03362129256129265,5.880994516374836
6466061444,0,191.86392211914062,-75.01278686523438,0.03362991288304329,5.900815843208656
6491061445,0,191.85623168945312,-74.865234375,0.03364250063896179,5.911527915955394
6516061445,0,191.8484649658203,-74.71768188476562,0.033663559705019,5.913698139104066
6541061446,0,191.84234619140625,-74.57001495361328,0.03368797153234482,5.91266449451407
6566061446,0,191.83580017089844,-74.42232513427734,0.03371185064315796,5.914967091308634
6591061446,0,191.8300018310547,-74.27458190917969,0.033735159784555435,5.9154424483338754
6616061447,0,191.82508850097656,-74.12681579589844,0.033757325261831284,5.915424350766001
6641061447,0,191.82191467285156,-73.97915649414062,0.03378158435225487,5.908276266684034
6666061447,0,191.818359375,-73.83161163330078,0.03380287066102028,5.903140652238086
6691061448,0,191.81494140625,-73.6845703125,0.03383117541670799,5.877765906953106
6716061448,0,191.81288146972656,-73.53865051269531,0.03387577086687088,5.826690003556622
6741061449,0,191.80978393554688,-73.39424133300781,0.03393150120973587,5.767608251813724
6766061449,0,191.80699157714844,-73.25102996826172,0.03398551791906357,5.717404669311655
6791061449,0,191.8060302734375,-73.10957336425781,0.03404815495014191,5.641525746330328
6816061450,0,191.80462646484375,-72.97029876708984,0.03411857411265373,5.550934461043869
6841061450,0,191.8026580810547,-72.83366394042969,0.03419944643974304,5.441030806512546
6866061450,0,191.80197143554688,-72.70018768310547,0.03429321199655533,5.309099522346072
6891061451,0,191.8026123046875,-72.57038116455078,0.03439861163496971,5.159675386378594
6916061451,0,191.8031005859375,-72.44438934326172,0.03450603410601616,5.00656712718523
6941061452,0,191.80337524414062,-72.32229614257812,0.03448135405778885,4.848822906426345
6966061452,0,191.80380249023438,-72.2042007446289,0.034393806010484695,4.687060640375175
6991061452,0,191.80409240722656,-72.0901870727539,0.03437152877449989,4.522507297843681
7016061453,0,191.804443359375,-71.98033905029297,0.03439205139875412,4.3553701272325025
7041061453,0,191.804443359375,-71.87468719482422,0.03443893417716026,4.186275874583423
7066061453,0,191.8046417236328,-71.77330780029297,0.0345015712082386,4.015503425199272
7091061454,0,191.80503845214844,-71.67619323730469,0.03457164764404297,3.8437775116731863
7116061454,0,191.8048858642578,-71.58338928222656,0.034643400460481644,3.6709181692067
7141061455,0,191.80490112304688,-71.49491119384766,0.034713782370090485,3.497675748470852
7166061455,0,191.80517578125,-71.41075897216797,0.034780386835336685,3.324293417166527
7191061455,0,191.80540466308594,-71.33094024658203,0.03484153747558594,3.151005175964182
7216061456,0,191.8053741455078,-71.25543975830078,0.034896887838840485,2.97773502276523
7241061456,0,191.80555725097656,-71.18427276611328,0.034946098923683167,2.804532669320439
7266061456,0,191.80567932128906,-71.11742401123047,0.03498931974172592,2.6319650681566373
7291061457,0,191.8054656982422,-71.05487060546875,0.03502670302987099,2.459697732593367
7316061457,0,191.80545043945312,-70.99661254882812,0.03505870699882507,2.28806781949094
7341061457,0,191.8056640625,-70.94263458251953,0.035085830837488174,2.117062827607942
7366061458,0,191.80555725097656,-70.89291381835938,0.035108376294374466,1.9467738565099377
7391061458,0,191.80538940429688,-70.84742736816406,0.03512683883309364,1.7774502509385932
7416061459,0,191.80528259277344,-70.80626678466797,0.035143736749887466,1.6028934109441393
7441061459,0,191.80514526367188,-70.76947784423828,0.035159606486558914,1.4278287811323835
7466061459,0,191.8050994873047,-70.73709106445312,0.035174787044525146,1.2498588264958819
7491061460,0,191.804931640625,-70.70997619628906,0.035207632929086685,1.0222181643860553
7516061460,0,191.80490112304688,-70.6893081665039,0.035268209874629974,0.7546607926291418
7541061460,0,191.80491638183594,-70.67591857910156,0.035355109721422195,0.46741393935431463
7566061461,0,191.8048553466797,-70.6692886352539,0.035442885011434555,0.20457023143120012
7591061461,0,191.8048553466797,-70.66722106933594,0.0354953370988369,0.004102208159243636
7616061462,0,191.8048553466797,-70.66719818115234,0.03546260669827461,0.00037081396206157385
7641061462,0,191.8048553466797,-70.66712951660156,0.03535720705986023,0.0007021585207479019
7666061462,0,191.8048553466797,-70.66703796386719,0.035214539617300034,0.0008618150748727989
7691061463,0,191.8048553466797,-70.66692352294922,0.035056836903095245,0.0009242192657349887
7716061463,0,191.8048858642578,-70.66681671142578,0.03489791974425316,0.0009190754745000668
7741061463,0,191.8048858642578,-70.66670989990234,0.034746017307043076,0.0008739721820045727
7766061464,0,191.8048858642578,-70.66661834716797,0.03460529074072838,0.0008069260456733668
7791061464,0,191.8048858642578,-70.66653442382812,0.034477729350328445,0.000730236361497082
7816061465,0,191.8048858642578,-70.66646575927734,0.034364089369773865,0.0006508375172823957
7841061465,0,191.8048858642578,-70.66639709472656,0.03426380082964897,0.0005739725521548815
7866061465,0,191.8048858642578,-70.66633605957031,0.03417625278234482,0.0005015952266552792
7891061466,0,191.8048858642578,-70.66629028320312,0.03410018980503082,0.00043582182292464865
7916061466,0,191.8048858642578,-70.66624450683594,0.03403453901410103,0.00037654702841341347
7941061466,0,191.8048858642578,-70.66620635986328,0.03397811949253082,0.0003238555255862802
7966061467,0,191.8048858642578,-70.66618347167969,0.03392978757619858,0.0002778436741443128
7991061467,0,191.8048858642578,-70.66615295410156,0.03388839587569237,0.000237598226933992
8016061468,0,191.8048858642578,-70.6661376953125,0.033853109925985336,0.00020280943715718017
8041061468,0,191.8048858642578,-70.6661148071289,0.03382289782166481,0.00017272182833200493
8066061468,0,191.8048858642578,-70.66609191894531,0.033797379583120346,0.00014690622052186477
8091061469,0,191.8048858642578,-70.66606903076172,0.03377567231655121,0.00012493790652983998
8116061469,0,191.8048858642578,-70.66606140136719,0.033757247030735016,0.00010605226532735188
8141061469,0,191.8048858642578,-70.66606140136719,0.03375442326068878,3.513176836702063e-05
8166061470,0,191.8048858642578,-70.66605377197266,0.03374694660305977,4.799216532057546e-05
8191061470,0,191.8048858642578,-70.66604614257812,0.03373817354440689,5.3722359972635865e-05
8216061471,0,191.8048858642578,-70.6660385131836,0.033729132264852524,5.447401053992635e-05
8241061471,0,191.8048858642578,-70.66603088378906,0.03372032195329666,5.23125111323004e-05
8266061471,0,191.8048858642578,-70.66602325439453,0.033712003380060196,4.860537941249913e-05
8291061472,0,191.8048858642578,-70.666015625,0.0337044894695282,4.411841789515444e-05
8316061472,0,191.8048858642578,-70.666015625,0.033697739243507385,3.9373922240189995e-05
8341061472,0,191.8048858642578,-70.66600799560547,0.03369178622961044,3.475389738552578e-05
8366061473,0,191.8048858642578,-70.66600799560547,0.0336865596473217,3.0422160697403664e-05
8391061473,0,191.8048858642578,-70.66600036621094,0.03368198499083519,2.6331694396913047e-05
8416061474,0,191.8048858642578,-70.6659927368164,0.03367805480957031,2.2720285111564816e-05
8441061474,0,191.8048858642578,-70.6659927368164,0.0336746983230114,1.9565404806378427e-05
8466061474,0,191.8048858642578,-70.6659927368164,0.03367175906896591,1.6786745836474722e-05
8491061475,0,191.8048858642578,-70.6659927368164,0.033669281750917435,1.4337222771964418e-05
8516061475,0,191.8048858642578,-70.6659927368164,0.03366710618138313,1.2220028211227154e-05
8541061475,0,191.8048858642578,-70.6661605834961,0.03367065265774727,0.013806097241225328
8566061476,0,191.8048858642578,-70.66580200195312,0.03366104140877724,0.012400756430739275
8591061476,0,191.8048858642578,-70.66542053222656,0.03365440294146538,0.01351620868024232
8616061476,0,191.8048858642578,-70.66500091552734,0.03364967182278633,0.01571360662055585
8641061477,0,191.80490112304688,-70.66448974609375,0.03364570438861847,0.01911213818792429
8666061477,0,191.80491638183594,-70.66387176513672,0.03364193066954613,0.02370215821098128
8691061478,0,191.80491638183594,-70.66312408447266,0.033637769520282745,0.02955660120349221
8716061478,0,191.804931640625,-70.66219329833984,0.033633001148700714,0.03683266921255549
8741061478,0,191.80496215820312,-70.66104888916016,0.03362732008099556,0.04596288784448191
8766061479,0,191.80499267578125,-70.65961456298828,0.033619996160268784,0.05820333409183956
8791061479,0,191.80499267578125,-70.65725708007812,0.03359802067279816,0.10870907276112314
8816061479,0,191.80484008789062,-70.65350341796875,0.033563271164894104,0.16478457394706972
8841061480,0,191.80477905273438,-70.64838409423828,0.03352344408631325,0.21338898250421465
8866061480,0,191.80462646484375,-70.64195251464844,0.03348216786980629,0.27395177009163674
8891061481,0,191.8047637939453,-70.63424682617188,0.033445242792367935,0.30966939045516906
8916061481,0,191.80479431152344,-70.625244140625,0.03341136872768402,0.369498874062382
8941061481,0,191.80490112304688,-70.61516571044922,0.03338371217250824,0.4138602136779843
8966061482,0,191.80519104003906,-70.603759765625,0.03335472196340561,0.46464688120831305
8991061482,0,191.8051300048828,-70.59135437011719,0.033334121108055115,0.5044710666135216
9016061482,0,191.8050537109375,-70.57738494873047,0.03330787643790245,0.5825813455979965
9041061483,0,191.8054962158203,-70.56189727783203,0.033283233642578125,0.6262776993181254
9066061483,0,191.80560302734375,-70.54463195800781,0.033251646906137466,0.7150313795171837
9091061484,0,191.805908203125,-70.52438354492188,0.03319888934493065,0.8378512911703097
9116061484,0,191.80560302734375,-70.50141143798828,0.03314121067523956,0.9424011665156873
9141061484,0,191.80593872070312,-70.47611236572266,0.03309028595685959,1.0325767716556393
9166061485,0,191.80587768554688,-70.44890594482422,0.03305374085903168,1.1017019968557735
9191061485,0,191.8063507080078,-70.42018127441406,0.03303329274058342,1.1636699944379771
9216061485,0,191.8064727783203,-70.38993835449219,0.03302322328090668,1.2245605978264777
9241061486,0,191.80673217773438,-70.35820007324219,0.03302017226815224,1.2846222484593237
9266061486,0,191.80609130859375,-70.32501220703125,0.03302234411239624,1.3424552366480857
9291061487,0,191.80618286132812,-70.29037475585938,0.03302726522088051,1.400133089045617
9316061487,0,191.80665588378906,-70.25428771972656,0.033033713698387146,1.4585488500900563
9341061487,0,191.8067169189453,-70.21673583984375,0.03304046392440796,1.5166378867157742
9366061488,0,191.8068389892578,-70.177734375,0.033047255128622055,1.5751378705341126
9391061488,0,191.80728149414062,-70.13728332519531,0.033053893595933914,1.6326962034412935
9416061488,0,191.80775451660156,-70.09542846679688,0.033060990273952484,1.6886159660609437
9441061489,0,191.8084259033203,-70.0522232055664,0.033068809658288956,1.7425042179564698
9466061489,0,191.8085479736328,-70.0076904296875,0.03307727724313736,1.794488003792788
9491061490,0,191.80870056152344,-69.96186828613281,0.033086203038692474,1.846098780256969
9516061490,0,191.80882263183594,-69.9147720336914,0.033095359802246094,1.8967752643579732
9541061490,0,191.80751037597656,-69.86656951904297,0.03310760483145714,1.940146830223175
9566061491,0,191.8063201904297,-69.81716918945312,0.033118437975645065,1.9898702354790232
9591061491,0,191.8057403564453,-69.76652526855469,0.033127784729003906,2.038381056091845
9616061491,0,191.80548095703125,-69.71466827392578,0.03313636779785156,2.0865807912989323
9641061492,0,191.8053741455078,-69.66161346435547,0.03314407169818878,2.134445674141691
9666061492,0,191.80520629882812,-69.60736083984375,0.03315135836601257,2.181847122627142
9691061493,0,191.8052520751953,-69.55194091796875,0.03315822407603264,2.2286965360976927
9716061493,0,191.805419921875,-69.49535369873047,0.03316459432244301,2.2752363627045216
9741061493,0,191.8054962158203,-69.43761444091797,0.033170510083436966,2.3214538705808634
9766061494,0,191.80548095703125,-69.37871551513672,0.0331762321293354,2.367330661342764
9791061494,0,191.80531311035156,-69.31868743896484,0.03318149596452713,2.4128598632571636
9816061494,0,191.8056182861328,-69.25753784179688,0.03318675979971886,2.4574135441213008
9841061495,0,191.80563354492188,-69.19526672363281,0.03319164365530014,2.5021822554627438
9866061495,0,191.80581665039062,-69.13188171386719,0.03319618105888367,2.546843444929012
9891061495,0,191.80589294433594,-69.06737518310547,0.033200301229953766,2.591343489960404
9916061496,0,191.80612182617188,-69.00176239013672,0.03320419415831566,2.6354853672579663
9941061496,0,191.80589294433594,-68.93507385253906,0.03320808336138725,2.67885420340158
9966061497,0,191.80589294433594,-68.8672866821289,0.03321162983775139,2.7224175415031873
9991061497,0,191.80572509765625,-68.79840850830078,0.03321494907140732,2.7658794954524324
10016061497,0,191.80560302734375,-68.72844696044922,0.033217962831258774,2.8092185332983632
10041061498,0,191.80548095703125,-68.65741729736328,0.03322090208530426,2.852333686523176
10066061498,0,191.80572509765625,-68.58531188964844,0.033223722130060196,2.894839915930356
10091061498,0,191.80581665039062,-68.51214599609375,0.033226318657398224,2.93743693810398
10116061499,0,191.80609130859375,-68.43791961669922,0.03322898969054222,2.9797394670117963
10141061499,0,191.80569458007812,-68.36266326904297,0.03323185071349144,3.020798659136732
10166061500,0,191.80552673339844,-68.28636169433594,0.03323455899953842,3.062662404768574
10191061500,0,191.8040313720703,-68.20914459228516,0.03323932737112045,3.099351307125755
10216061500,0,191.8034210205078,-68.13093566894531,0.03324367478489876,3.138170792669413
10241061501,0,191.80206298828125,-68.0517807006836,0.033248480409383774,3.175994546517985
10266061501,0,191.8000030517578,-67.97164154052734,0.0332522951066494,3.2175284777966437
10291061501,0,191.79934692382812,-67.89053344726562,0.033255767077207565,3.253979475204028
10316061502,0,191.79861450195312,-67.80841827392578,0.033258359879255295,3.2950606933941997
10341061502,0,191.7981414794922,-67.72528076171875,0.03325984999537468,3.3360037453649958
10366061503,0,191.79774475097656,-67.64111328125,0.03326091542840004,3.3770408226876873
10391061503,0,191.79722595214844,-67.55592346191406,0.03326129913330078,3.417715356485503
10416061503,0,191.7955780029297,-67.46981048583984,0.0332634337246418,3.454345501512227
10441061504,0,191.79443359375,-67.38273620605469,0.03326522931456566,3.4935783240234324
10466061504,0,191.79383850097656,-67.2946548461914,0.03326648473739624,3.5333312524627742
10491061504,0,191.7916717529297,-67.20576477050781,0.03327091038227081,3.5648387625731646
10516061505,0,191.78977966308594,-67.11595916748047,0.03327430784702301,3.6026540453440226
10541061505,0,191.7891387939453,-67.02517700195312,0.03327671065926552,3.6410665386613417
10566061506,0,191.788330078125,-66.93341064453125,0.033277928829193115,3.68064061276178
10591061506,0,191.78741455078125,-66.84066009521484,0.03327853977680206,3.720066124239939
10616061506,0,191.7864532470703,-66.7469253540039,0.033278729766607285,3.7591720259544967
10641061507,0,191.78591918945312,-66.65222930908203,0.03327896073460579,3.79752137969308
10666061507,0,191.785400390625,-66.55657196044922,0.03327926620841026,3.8361029770875312
10691061507,0,191.78494262695312,-66.4599609375,0.03327960893511772,3.8743830091425844
10716061508,0,191.7840118408203,-66.3624038696289,0.03328040987253189,3.911876788818675
10741061508,0,191.78176879882812,-66.2640151977539,0.03328315541148186,3.9448829146000244
10766061509,0,191.77999877929688,-66.16472625732422,0.03328567370772362,3.9813574688678908
10791061509,0,191.7787322998047,-66.06449890136719,0.03328723832964897,4.018955320399039
10816061509,0,191.77780151367188,-65.96333312988281,0.03328857198357582,4.056080458685874
10841061510,0,191.77691650390625,-65.86124420166016,0.03328948840498924,4.093292819323574
10866061510,0,191.77589416503906,-65.75822448730469,0.033290326595306396,4.130236939011228
10891061510,0,191.7745819091797,-65.65428924560547,0.03329124301671982,4.166745266411473
10916061511,0,191.77224731445312,-65.54951477050781,0.033293455839157104,4.200791052561568
10941061511,0,191.77088928222656,-65.44388580322266,0.03329593688249588,4.234289399456
10966061512,0,191.76966857910156,-65.33735656738281,0.03329788148403168,4.270658078140244
10991061512,0,191.7684326171875,-65.22992706298828,0.03329917788505554,4.306728244343648
11016061512,0,191.7664794921875,-65.12163543701172,0.033300817012786865,4.341252236187946
11041061513,0,191.7653350830078,-65.01248168945312,0.033302877098321915,4.37485173201695
11066061513,0,191.7638397216797,-64.90247344970703,0.03330470994114876,4.4096221607980315
11091061513,0,191.76258850097656,-64.79158782958984,0.03330627456307411,4.44442925442188
11116061514,0,191.76187133789062,-64.67984771728516,0.03330795094370842,4.47862261230449
11141061514,0,191.76126098632812,-64.5672378540039,0.03330928832292557,4.513184440360774
11166061514,0,191.76026916503906,-64.45377349853516,0.0333106592297554,4.5470727485645295
11191061515,0,191.75819396972656,-64.33953094482422,0.033313293009996414,4.578430270572988
11216061515,0,191.7563018798828,-64.22460174560547,0.03331848233938217,4.60178629170012
11241061516,0,191.75350952148438,-64.10968780517578,0.033337973058223724,4.597037217651126
11266061516,0,191.74951171875,-63.99494934082031,0.033366356045007706,4.593444193029019
11291061516,0,191.746337890625,-63.880252838134766,0.03339683637022972,4.5904392925275355
11316061517,0,191.7439422607422,-63.76558303833008,0.0334271602332592,4.588321232018836
11341061517,0,191.7418975830078,-63.65095520019531,0.03345600143074989,4.586583623327881
11366061517,0,191.7401580810547,-63.53635787963867,0.033482588827610016,4.58479457335671
11391061518,0,191.73849487304688,-63.42179489135742,0.03350658342242241,4.583183922175166
11416061518,0,191.73690795898438,-63.307273864746094,0.03352779150009155,4.581572265440692
11441061519,0,191.73500061035156,-63.19280242919922,0.03354652225971222,4.579757924428225
11466061519,0,191.73326110839844,-63.07836151123047,0.03356288745999336,4.578071601684188
11491061519,0,191.73153686523438,-62.96396255493164,0.033577002584934235,4.576471253672204
11516061520,0,191.7303009033203,-62.849613189697266,0.033589400351047516,4.574335171718778
11541061520,0,191.72882080078125,-62.73530578613281,0.03359992802143097,4.572529407393588
11566061520,0,191.7273406982422,-62.62104034423828,0.03360889479517937,4.57090330500358
11591061521,0,191.7259063720703,-62.506805419921875,0.033616598695516586,4.569307446487686
11616061521,0,191.72540283203125,-62.39265823364258,0.03362395986914635,4.5658089476824895
11641061522,0,191.72450256347656,-62.27855682373047,0.03362998738884926,4.563748595240055
11666061522,0,191.72262573242188,-62.16454315185547,0.03363563492894173,4.5606845503854085
11691061522,0,191.72125244140625,-62.05058288574219,0.03364013507962227,4.558348116931372
11716061523,0,191.72018432617188,-61.93666458129883,0.03364391252398491,4.5566497186187425
11741061523,0,191.71981811523438,-61.82168960571289,0.033624496310949326,4.61703840060066
11766061523,0,191.71890258789062,-61.704925537109375,0.033582381904125214,4.686527223521834
11791061524,0,191.71820068359375,-61.58650207519531,0.03353137895464897,4.751166711496226
11816061524,0,191.71633911132812,-61.46663284301758,0.033481139689683914,4.8078058703618165
11841061525,0,191.7152557373047,-61.345394134521484,0.033434636890888214,4.861989799021567
11866061525,0,191.71446228027344,-61.222816467285156,0.03339359164237976,4.915074957778498
11891061525,0,191.71324157714844,-61.09898376464844,0.033358801156282425,4.964681313856667
11916061526,0,191.71226501464844,-60.97396469116211,0.03333057463169098,5.011863801661435
11941061526,0,191.71107482910156,-60.84779739379883,0.033558692783117294,5.057195782675187
11966061526,0,191.7103729248047,-60.720550537109375,0.03368949890136719,5.099969684688446
11991061527,0,191.70985412597656,-60.59225845336914,0.03375770524144173,5.141757606546356
12016061527,0,191.70713806152344,-60.46319580078125,0.03379146382212639,5.170242634625294
12041061528,0,191.70468139648438,-60.333255767822266,0.033800430595874786,5.206937949238208
12066061528,0,191.70211791992188,-60.202396392822266,0.03379363939166069,5.245040755793043
12091061528,0,191.70040893554688,-60.070613861083984,0.033778607845306396,5.280873324281539
12116061529,0,191.69876098632812,-59.937904357910156,0.03375892713665962,5.317930792330527
12141061529,0,191.69735717773438,-59.804290771484375,0.03373809903860092,5.3540220901578195
12166061529,0,191.69593811035156,-59.66978073120117,0.03371768817305565,5.3896724584575955
12191061530,0,191.694580078125,-59.53438949584961,0.03369876742362976,5.424738889879062
12216061530,0,191.69293212890625,-59.39813995361328,0.033682286739349365,5.45916306878171
12241061531,0,191.69163513183594,-59.26102828979492,0.03366794437170029,5.49304718424208
12266061531,0,191.690673828125,-59.12308120727539,0.033655814826488495,5.526660916708909
12291061531,0,191.6883087158203,-58.98440170288086,0.033647727221250534,5.555935647995149
12316061532,0,191.68653869628906,-58.84491729736328,0.03364070877432823,5.588135370598255
12341061532,0,191.68556213378906,-58.70461654663086,0.03363475576043129,5.620360705349399
12366061532,0,191.68438720703125,-58.563499450683594,0.03362938016653061,5.653175319556471
12391061533,0,191.6835479736328,-58.42156982421875,0.03362487629055977,5.685492500241749
12416061533,0,191.6828155517578,-58.278831481933594,0.03362102434039116,5.717969405792558
12441061533,0,191.68247985839844,-58.13529586791992,0.03361823782324791,5.7497966936798175
12466061534,0,191.68226623535156,-57.99095153808594,0.0336158350110054,5.781920847853227
12491061534,0,191.68240356445312,-57.84581756591797,0.03361423313617706,5.81352691730713
12516061535,0,191.6830291748047,-57.69990539550781,0.03361320495605469,5.844833612060317
12541061535,0,191.68296813964844,-57.55322265625,0.03361266851425171,5.875434997183423
12566061535,0,191.68292236328125,-57.40574264526367,0.033612288534641266,5.9069700211876945
12591061536,0,191.6829833984375,-57.257484436035156,0.03361194580793381,5.938382080915729
12616061536,0,191.68356323242188,-57.108455657958984,0.033612098544836044,5.96902654157805
12641061536,0,191.68397521972656,-56.958656311035156,0.03361225128173828,6.000124889641058
12666061537,0,191.68438720703125,-56.80807113647461,0.03361240401864052,6.031182622306704
12691061537,0,191.68463134765625,-56.65671920776367,0.03361266851425171,6.062033919788206
12716061538,0,191.68495178222656,-56.50458908081055,0.03361305221915245,6.092828753948331
12741061538,0,191.6857452392578,-56.35170364379883,0.033613622188568115,6.123108360693772
12766061538,0,191.6864776611328,-56.198055267333984,0.033614158630371094,6.1537359650134364
12791061539,0,191.6878662109375,-56.043670654296875,0.03361518681049347,6.183233923993888
12816061539,0,191.6895294189453,-55.88853454589844,0.03361621871590614,6.213673851397536
12841061539,0,191.6911163330078,-55.73263931274414,0.03361675143241882,6.2440487405408405
12866061540,0,191.69192504882812,-55.57600021362305,0.03361770510673523,6.273209617960028
12891061540,0,191.69309997558594,-55.418617248535156,0.03361877426505089,6.303032638028585
12916061541,0,191.69485473632812,-55.260501861572266,0.03361976519227028,6.332562684473903
12941061541,0,191.69764709472656,-55.10170364379883,0.03362167254090309,6.360626081003881
12966061541,0,191.70083618164062,-54.94216537475586,0.03362289443612099,6.390578233914962
12991061542,0,191.70416259765625,-54.781883239746094,0.03362365812063217,6.420524351581522
13016061542,0,191.7063751220703,-54.62088394165039,0.0336248017847538,6.44783368196825
13041061542,0,191.7102508544922,-54.45932388305664,0.03362926468253136,6.469531286281385
13066061543,0,191.7144317626953,-54.297088623046875,0.03363216295838356,6.4997046117395465
13091061543,0,191.71829223632812,-54.134090423583984,0.033633001148700714,6.529537209792435
13116061544,0,191.72044372558594,-53.9704475402832,0.0336359404027462,6.5523004531826725
13141061544,0,191.7235565185547,-53.8062629699707,0.0336407832801342,6.573992265906032
13166061544,0,191.7270050048828,-53.641517639160156,0.03364600986242294,6.597474646951116
13191061545,0,191.72930908203125,-53.476200103759766,0.03365173190832138,6.619051325440533
13216061545,0,191.73208618164062,-53.31029510498047,0.03365638479590416,6.643199420368082
13241061545,0,191.73562622070312,-53.143798828125,0.033659934997558594,6.667724360004283
13266061546,0,191.74069213867188,-52.976806640625,0.03366412967443466,6.68918187499715
13291061546,0,191.74624633789062,-52.80918884277344,0.03366634249687195,6.715273235565009
13316061547,0,191.751220703125,-52.64092254638672,0.033667296171188354,6.740544079276097
13341061547,0,191.75631713867188,-52.47200393676758,0.03366744890809059,6.766693883450436
13366061547,0,191.76171875,-52.30243682861328,0.033667027950286865,6.79292729771108
13391061548,0,191.7676544189453,-52.13224411010742,0.03366664797067642,6.818495439635268
13416061548,0,191.7737274169922,-51.96141052246094,0.03366607427597046,6.844967903042881
13441061548,0,191.7801513671875,-51.78992462158203,0.03366531431674957,6.870576224391759
13466061549,0,191.78781127929688,-51.61799621582031,0.033668402582407,6.8893934176253255
13491061549,0,191.7948455810547,-51.445556640625,0.03367256000638008,6.90903864303598
13516061550,0,191.80140686035156,-51.27255630493164,0.03367641195654869,6.9306210318699595
13541061550,0,191.8083038330078,-51.09901809692383,0.03367957845330238,6.9530759070309065
13566061550,0,191.81524658203125,-50.92491149902344,0.03368194401264191,6.975580165687626
13591061551,0,191.82298278808594,-50.75037384033203,0.03368602693080902,6.993040738435353
13616061551,0,191.8303985595703,-50.57538604736328,0.03369102254509926,7.0107961798904475
13641061551,0,191.8389434814453,-50.40004348754883,0.033697471022605896,7.0255755724438025
13666061552,0,191.84730529785156,-50.22430419921875,0.033703919500112534,7.042027578375828
13691061552,0,191.8561248779297,-50.04818344116211,0.03371009603142738,7.058279038622377
13716061552,0,191.8645477294922,-49.87166213989258,0.033716123551130295,7.07291098420578
13741061553,0,191.87306213378906,-49.6948127746582,0.0337231419980526,7.084279936455242
13766061553,0,191.88157653808594,-49.51788330078125,0.03373504430055618,7.08876376577967
13791061554,0,191.88995361328125,-49.34067916870117,0.033745039254426956,7.099534171511965
13816061554,0,191.89720153808594,-49.16316604614258,0.03375404328107834,7.109122021714889
13841061554,0,191.9053497314453,-48.98550796508789,0.03376319631934166,7.115530830576123
13866061555,0,191.91363525390625,-48.80774688720703,0.033773649483919144,7.119099000958573
13891061555,0,191.92189025878906,-48.62994384765625,0.033785589039325714,7.120184052784949
13916061555,0,191.93020629882812,-48.452205657958984,0.033799972385168076,7.116665061838868
13941061556,0,191.9363555908203,-48.274803161621094,0.03382274508476257,7.094613973028476
13966061556,0,191.943115234375,-48.09812927246094,0.033853720873594284,7.067228570829252
13991061557,0,191.9508514404297,-47.922035217285156,0.033883895725011826,7.046642793536474
14016061557,0,191.95797729492188,-47.74648666381836,0.03391330689191818,7.021023647007601
14041061557,0,191.96498107910156,-47.571781158447266,0.03394576907157898,6.988605985820142
14066061558,0,191.9728546142578,-47.39778518676758,0.033974722027778625,6.960828879523026
14091061558,0,191.98069763183594,-47.22444152832031,0.03399955853819847,6.935441674172749
14116061558,0,191.98858642578125,-47.05174255371094,0.0340208038687706,6.909511393428068
14141061559,0,191.99620056152344,-46.87963104248047,0.034038085490465164,6.886009105843215
14166061559,0,192.00494384765625,-46.7081298828125,0.03405139967799187,6.86405930600772
14191061560,0,192.01345825195312,-46.53711700439453,0.03406047821044922,6.8446311380261
14216061560,0,192.0223388671875,-46.36656188964844,0.03406558930873871,6.828077572202403
14241061560,0,192.03233337402344,-46.19643783569336,0.034067269414663315,6.813590376595066
14266061561,0,192.04251098632812,-46.0267333984375,0.03406776487827301,6.794916534689046
14291061561,0,192.05360412597656,-45.85783767700195,0.03407478332519531,6.766062762546284
14316061561,0,192.06407165527344,-45.68953323364258,0.03408237546682358,6.737164270241812
14341061562,0,192.07369995117188,-45.522117614746094,0.03409595414996147,6.700742922150767
14366061562,0,192.08328247070312,-45.35546112060547,0.03410850465297699,6.670426991125431
14391061563,0,192.09304809570312,-45.18952941894531,0.03411849960684776,6.642586029350186
14416061563,0,192.102783203125,-45.024192810058594,0.03412429615855217,6.619921509794511
14441061563,0,192.11036682128906,-44.85935974121094,0.034128494560718536,6.59435799799746
14466061564,0,192.11822509765625,-44.69498062133789,0.0341268926858902,6.5792746217930045
14491061564,0,192.12667846679688,-44.53090286254883,0.03411903232336044,6.56976121095751
14516061564,0,192.13612365722656,-44.367034912109375,0.03410637006163597,6.563659904283353
14541061565,0,192.1453094482422,-44.203269958496094,0.034090880304574966,6.559487389639847
14566061565,0,192.1544647216797,-44.039554595947266,0.034073371440172195,6.55801354190491
14591061566,0,192.16360473632812,-43.87583541870117,0.034054677933454514,6.558928721498154
14616061566,0,192.17355346679688,-43.71209716796875,0.03403518721461296,6.562097084921601
14641061566,0,192.1837921142578,-43.5482177734375,0.03401431813836098,6.569325287239081
14666061567,0,192.19300842285156,-43.3841438293457,0.0339944064617157,6.57414130898063
14691061567,0,192.20220947265625,-43.21988296508789,0.033975258469581604,6.581869160588862
14716061567,0,192.21234130859375,-43.055580139160156,0.03395935148000717,6.584750132917549
14741061568,0,192.2225341796875,-42.89131164550781,0.03394882008433342,6.580524616645989
14766061568,0,192.23255920410156,-42.7274169921875,0.03394882008433342,6.5663274842670045
14791061569,0,192.2423858642578,-42.563777923583984,0.03395232930779457,6.554050648187703
14816061569,0,192.2528839111328,-42.400604248046875,0.03396037966012955,6.536234677100723
14841061569,0,192.2635040283203,-42.23789978027344,0.033971212804317474,6.518197454281753
14866061570,0,192.27337646484375,-42.07558059692383,0.03398250415921211,6.500401687930642
14891061570,0,192.28298950195312,-41.91368865966797,0.033993300050497055,6.483069728088489
14916061570,0,192.2926788330078,-41.7521858215332,0.034002114087343216,6.468725223618985
14941061571,0,192.302490234375,-41.59095764160156,0.03400657698512077,6.45946761999963
14966061571,0,192.31124877929688,-41.42986297607422,0.034007757902145386,6.451598731110948
14991061571,0,192.3206329345703,-41.26906204223633,0.0340082161128521,6.438178469946511
15016061572,0,192.32974243164062,-41.10881423950195,0.034014470875263214,6.417114410549799
15041061572,0,192.3386993408203,-40.948951721191406,0.0340200811624527,6.400865749422778
15066061573,0,192.34747314453125,-40.789466857910156,0.03402469679713249,6.385363160912889
15091061573,0,192.3566131591797,-40.630393981933594,0.03402877599000931,6.369801689986468
15116061573,0,192.36566162109375,-40.471641540527344,0.03403079882264137,6.357588587719971
15141061574,0,192.37437438964844,-40.31307601928711,0.03402915969491005,6.350928981781426
15166061574,0,192.38372802734375,-40.15462875366211,0.034023016691207886,6.348171974251955
15191061574,0,192.39208984375,-39.996238708496094,0.03401580825448036,6.342786403700093
15216061575,0,192.4002227783203,-39.8380012512207,0.034009359776973724,6.335742396182987
15241061575,0,192.40855407714844,-39.680030822753906,0.03400573506951332,6.324384537061962
15266061576,0,192.41688537597656,-39.522422790527344,0.03400588780641556,6.309303632685787
15291061576,0,192.42446899414062,-39.36518859863281,0.0340091697871685,6.292753677275168
15316061576,0,192.43209838867188,-39.20836639404297,0.0340137854218483,6.276222549143386
15341061577,0,192.44000244140625,-39.05208206176758,0.03402141481637955,6.252381660777598
15366061577,0,192.4479217529297,-38.89662170410156,0.034036025404930115,6.221124955464994
15391061577,0,192.45550537109375,-38.741783142089844,0.034050103276968,6.1949444899895045
15416061578,0,192.46310424804688,-38.58757019042969,0.034062307327985764,6.170362462868769
15441061578,0,192.4707794189453,-38.4339599609375,0.034072645008563995,6.14661696661879
15466061579,0,192.47860717773438,-38.280906677246094,0.034080199897289276,6.125119004256449
15491061579,0,192.48634338378906,-38.12841796875,0.034086644649505615,6.101508661014327
15516061579,0,192.49386596679688,-37.97662353515625,0.03409496322274208,6.070226176453792
15541061580,0,192.5008544921875,-37.8257942199707,0.034109458327293396,6.032657757513257
15566061580,0,192.5081024169922,-37.67583084106445,0.03412376344203949,5.9955825906746085
15591061580,0,192.5159912109375,-37.52717590332031,0.034146346151828766,5.940341746465672
15616061581,0,192.52357482910156,-37.37959671020508,0.0341666005551815,5.907720754628143
15641061581,0,192.53121948242188,-37.23216247558594,0.03416549786925316,5.9057302885894405
15666061582,0,192.53900146484375,-37.08477783203125,0.03415141999721527,5.903795499500698
15691061582,0,192.5466766357422,-36.937435150146484,0.03413131460547447,5.901895756335601
15716061582,0,192.55393981933594,-36.79012680053711,0.03410957381129265,5.899721042515114
15741061583,0,192.56173706054688,-36.64308166503906,0.034092213958501816,5.883994120407203
15766061583,0,192.5692901611328,-36.496463775634766,0.03408115357160568,5.877526641408329
15791061583,0,192.57640075683594,-36.34988021850586,0.03406684845685959,5.875312093874937
15816061584,0,192.58399963378906,-36.20338821411133,0.03405162692070007,5.872769286491904
15841061584,0,192.59141540527344,-36.05694580078125,0.03403667360544205,5.870793149103863
15866061585,0,192.5985870361328,-35.910545349121094,0.03402278944849968,5.868874953219294
15891061585,0,192.60556030273438,-35.764347076416016,0.03401390090584755,5.854160907278604
15916061585,0,192.61265563964844,-35.618614196777344,0.034012068063020706,5.846498634925387
15941061586,0,192.61886596679688,-35.472923278808594,0.03400710970163345,5.841921724514014
15966061586,0,192.62521362304688,-35.32728958129883,0.03399978578090668,5.839504746850062
15991061586,0,192.63121032714844,-35.18185043334961,0.0339958555996418,5.824627695275131
16016061587,0,192.6376495361328,-35.037315368652344,0.03400791063904762,5.783200825582108
16041061587,0,192.64431762695312,-34.89432907104492,0.034041136503219604,5.715771486385664
16066061588,0,192.65011596679688,-34.7530517578125,0.034087102860212326,5.656055485997286
16091061588,0,192.65675354003906,-34.61293411254883,0.03412502259016037,5.604771993941196
16116061588,0,192.6620635986328,-34.47532653808594,0.03418979421257973,5.466551117423291
16141061589,0,192.6668701171875,-34.341983795166016,0.034297484904527664,5.298438539303395
16166061589,0,192.671630859375,-34.212867736816406,0.03442024067044258,5.132056893454897
16191061589,0,192.6765899658203,-34.08765411376953,0.03453727811574936,4.97718655847322
16216061590,0,192.68121337890625,-33.966400146484375,0.034412384033203125,4.815867052708352
16241061590,0,192.6849365234375,-33.84929656982422,0.03436756134033203,4.647267453834933
16266061590,0,192.6884765625,-33.7363166809082,0.034372519701719284,4.484966975999438
16291061591,0,192.69227600097656,-33.62704086303711,0.034400824457407,4.341635647958673
16316061591,0,192.69631958007812,-33.52114486694336,0.0344376377761364,4.206917103090164
16341061592,0,192.7000274658203,-33.418460845947266,0.03447597473859787,4.081183610855107
16366061592,0,192.70343017578125,-33.3184700012207,0.03450435400009155,3.9786306732526473
16391061592,0,192.70626831054688,-33.22064971923828,0.03451751545071602,3.894315535502447
16416061593,0,192.70925903320312,-33.12464904785156,0.03451484441757202,3.824806581218349
16441061593,0,192.7126007080078,-33.03009796142578,0.03449653461575508,3.7705886676237443
16466061593,0,192.71609497070312,-32.9366340637207,0.0344640351831913,3.730345674726916
16491061594,0,192.7198028564453,-32.84396743774414,0.03441989794373512,3.700568977852426
