X,Y,R,G,B,A
0,0,148,142,140,255
0,1,148,142,140,255
0,2,148,142,140,255
0,3,148,142,140,255
0,4,147,141,139,255
0,5,148,142,140,255
0,6,147,142,139,255
0,7,147,142,139,255
0,8,146,141,138,255
0,9,147,142,139,255
0,10,147,142,139,255
0,11,147,141,138,255
0,12,147,141,137,255
0,13,147,141,138,255
0,14,146,141,137,255
0,15,145,140,138,255
0,16,145,140,138,255
0,17,145,140,137,255
0,18,145,140,138,255
0,19,145,140,138,255
0,20,145,140,138,255
0,21,147,141,138,255
0,22,146,140,137,255
0,23,146,140,137,255
0,24,147,141,138,255
0,25,146,141,137,255
0,26,146,141,137,255
0,27,147,141,138,255
0,28,146,141,137,255
0,29,146,141,137,255
0,30,148,143,138,255
0,31,148,143,137,255
0,32,148,143,136,255
0,33,150,143,135,255
0,34,150,143,135,255
0,35,150,144,134,255
0,36,150,144,134,255
0,37,150,143,130,255
0,38,148,139,122,255
0,39,148,138,120,255
0,40,148,139,121,255
0,41,148,139,121,255
0,42,149,142,126,255
0,43,150,143,127,255
0,44,151,144,128,255
0,45,151,144,127,255
0,46,151,145,128,255
0,47,152,148,132,255
0,48,154,151,141,255
0,49,152,149,144,255
0,50,152,150,143,255
0,51,154,151,145,255
0,52,153,151,145,255
0,53,153,151,145,255
0,54,154,153,146,255
0,55,155,155,147,255
0,56,156,158,149,255
0,57,155,155,148,255
0,58,155,159,151,255
0,59,142,174,159,255
0,60,131,186,167,255
0,61,126,186,167,255
0,62,110,170,152,255
0,63,110,132,132,255
0,64,79,122,127,255
0,65,83,142,147,255
0,66,83,149,145,255
0,67,77,148,135,255
0,68,93,158,140,255
0,69,71,125,108,255
0,70,73,102,88,255
0,71,126,138,145,255
0,72,163,180,194,255
0,73,180,194,206,255
0,74,173,189,201,255
0,75,152,176,193,255
0,76,95,141,169,255
0,77,104,124,140,255
0,78,88,96,102,255
0,79,95,104,122,255
0,80,85,91,135,255
0,81,59,77,120,255
0,82,56,64,96,255
0,83,38,38,50,255
0,84,28,28,28,255
0,85,22,22,28,255
0,86,22,22,28,255
0,87,28,28,28,255
0,88,13,13,22,255
0,89,13,13,13,255
0,90,13,13,13,255
0,91,13,13,13,255
0,92,13,13,34,255
0,93,0,13,28,255
0,94,0,13,34,255
0,95,13,22,34,255
0,96,0,0,13,255
0,97,13,13,13,255
0,98,0,0,0,255
0,99,0,0,13,255
0,100,77,88,99,255
0,101,130,148,163,255
0,102,151,170,186,255
0,103,151,170,186,255
0,104,180,192,203,255
0,105,179,192,203,255
0,106,180,193,205,255
0,107,183,194,206,255
0,108,180,193,205,255
0,109,181,194,204,255
0,110,181,194,204,255
0,111,181,194,204,255
0,112,182,194,206,255
0,113,178,192,205,255
0,114,180,194,205,255
0,115,180,194,205,255
0,116,181,192,204,255
0,117,179,192,203,255
0,118,180,192,204,255
0,119,180,193,205,255
0,120,180,194,204,255
0,121,178,192,204,255
0,122,178,192,204,255
0,123,180,192,204,255
0,124,182,194,205,255
0,125,182,194,205,255
0,126,180,194,205,255
0,127,182,192,204,255
0,128,182,192,204,255
0,129,180,192,202,255
0,130,180,191,202,255
0,131,182,193,204,255
0,132,180,192,204,255
0,133,179,193,205,255
0,134,179,193,205,255
0,135,178,192,205,255
0,136,180,193,205,255
0,137,178,192,204,255
0,138,179,193,205,255
0,139,179,194,206,255
0,140,181,194,206,255
0,141,181,194,206,255
0,142,182,194,206,255
0,143,182,196,206,255
1,0,148,142,140,255
1,1,148,142,140,255
1,2,148,142,140,255
1,3,148,142,140,255
1,4,147,141,139,255
1,5,148,142,140,255
1,6,147,142,139,255
1,7,147,142,139,255
1,8,146,141,138,255
1,9,146,141,138,255
1,10,147,142,139,255
1,11,147,142,139,255
1,12,147,141,138,255
1,13,147,141,137,255
1,14,147,141,138,255
1,15,145,140,138,255
1,16,145,140,138,255
1,17,146,141,139,255
1,18,145,140,137,255
1,19,145,140,138,255
1,20,145,140,137,255
1,21,145,140,138,255
1,22,147,141,138,255
1,23,146,141,137,255
1,24,147,141,138,255
1,25,147,141,138,255
1,26,147,141,138,255
1,27,147,141,138,255
1,28,147,142,138,255
1,29,147,142,138,255
1,30,148,143,138,255
1,31,148,143,137,255
1,32,148,143,137,255
1,33,150,143,135,255
1,34,150,143,135,255
1,35,150,144,134,255
1,36,150,144,134,255
1,37,150,143,131,255
1,38,148,139,122,255
1,39,148,138,120,255
1,40,148,139,121,255
1,41,148,139,121,255
1,42,150,142,126,255
1,43,150,143,127,255
1,44,151,144,128,255
1,45,151,144,127,255
1,46,152,146,128,255
1,47,152,147,131,255
1,48,155,150,140,255
1,49,152,149,144,255
1,50,152,150,143,255
1,51,154,151,145,255
1,52,153,151,145,255
1,53,153,151,145,255
1,54,154,153,146,255
1,55,155,154,148,255
1,56,157,157,149,255
1,57,155,156,149,255
1,58,155,159,151,255
1,59,142,174,159,255
1,60,131,186,167,255
1,61,126,186,167,255
1,62,110,170,152,255
1,63,110,132,132,255
1,64,83,133,137,255
1,65,118,175,163,255
1,66,112,178,163,255
1,67,108,175,158,255
1,68,108,173,155,255
1,69,79,139,121,255
1,70,61,99,90,255
1,71,119,133,141,255
1,72,168,186,199,255
1,73,182,196,207,255
1,74,184,196,205,255
1,75,182,194,205,255
1,76,170,180,188,255
1,77,137,142,145,255
1,78,108,110,119,255
1,79,109,118,132,255
1,80,85,91,135,255
1,81,59,77,120,255
1,82,56,64,96,255
1,83,38,38,50,255
1,84,28,28,28,255
1,85,22,22,28,255
1,86,13,13,22,255
1,87,13,13,22,255
1,88,13,13,22,255
1,89,0,13,22,255
1,90,0,0,22,255
1,91,0,0,22,255
1,92,13,13,34,255
1,93,0,13,28,255
1,94,0,13,34,255
1,95,34,53,71,255
1,96,13,22,34,255
1,97,0,13,13,255
1,98,0,0,0,255
1,99,0,0,13,255
1,100,77,88,99,255
1,101,161,173,184,255
1,102,174,189,200,255
1,103,174,189,200,255
1,104,180,192,203,255
1,105,179,192,203,255
1,106,180,193,205,255
1,107,181,193,205,255
1,108,180,193,205,255
1,109,181,194,204,255
1,110,182,194,204,255
1,111,182,194,205,255
1,112,182,194,206,255
1,113,178,192,205,255
1,114,180,193,204,255
1,115,180,193,204,255
1,116,181,192,204,255
1,117,180,192,203,255
1,118,180,193,205,255
1,119,180,193,205,255
1,120,179,194,205,255
1,121,178,192,204,255
1,122,180,192,204,255
1,123,178,192,204,255
1,124,182,194,205,255
1,125,180,194,205,255
1,126,180,194,205,255
1,127,182,192,204,255
1,128,182,192,204,255
1,129,180,191,202,255
1,130,182,193,204,255
1,131,180,192,204,255
1,132,179,193,205,255
1,133,179,193,205,255
1,134,178,192,205,255
1,135,178,192,205,255
1,136,178,192,204,255
1,137,178,192,204,255
1,138,179,193,205,255
1,139,179,194,206,255
1,140,181,194,206,255
1,141,181,194,206,255
1,142,182,196,206,255
1,143,182,196,206,255
2,0,148,142,140,255
2,1,148,142,140,255
2,2,148,142,140,255
2,3,148,142,140,255
2,4,148,142,140,255
2,5,148,142,140,255
2,6,148,142,140,255
2,7,147,142,139,255
2,8,147,142,139,255
2,9,146,141,138,255
2,10,147,142,139,255
2,11,147,142,139,255
2,12,147,141,138,255
2,13,147,141,138,255
2,14,147,141,138,255
2,15,145,140,138,255
2,16,145,140,138,255
2,17,146,141,139,255
2,18,146,141,139,255
2,19,145,140,138,255
2,20,145,140,137,255
2,21,145,140,137,255
2,22,147,141,138,255
2,23,146,141,137,255
2,24,146,141,137,255
2,25,147,141,138,255
2,26,147,141,138,255
2,27,147,141,138,255
2,28,147,142,138,255
2,29,147,142,138,255
2,30,148,143,138,255
2,31,148,144,138,255
2,32,148,143,137,255
2,33,150,143,135,255
2,34,150,143,135,255
2,35,150,143,133,255
2,36,150,144,134,255
2,37,150,143,131,255
2,38,148,139,122,255
2,39,148,138,120,255
2,40,149,140,121,255
2,41,148,139,121,255
2,42,150,142,126,255
2,43,150,143,127,255
2,44,152,145,129,255
2,45,152,145,128,255
2,46,152,146,128,255
2,47,152,147,131,255
2,48,155,150,140,255
2,49,153,150,144,255
2,50,152,150,144,255
2,51,154,151,145,255
2,52,154,151,145,255
2,53,153,151,145,255
2,54,154,153,146,255
2,55,155,154,148,255
2,56,157,157,149,255
2,57,155,156,149,255
2,58,155,158,151,255
2,59,155,162,153,255
2,60,143,179,163,255
2,61,128,189,169,255
2,62,118,173,153,255
2,63,131,138,132,255
2,64,99,140,138,255
2,65,124,174,153,255
2,66,125,182,160,255
2,67,119,182,162,255
2,68,118,184,166,255
2,69,79,139,121,255
2,70,61,99,90,255
2,71,119,133,141,255
2,72,168,186,199,255
2,73,182,196,207,255
2,74,184,196,205,255
2,75,184,196,205,255
2,76,159,164,170,255
2,77,110,118,119,255
2,78,105,112,118,255
2,79,121,115,121,255
2,80,88,93,131,255
2,81,64,73,114,255
2,82,53,61,86,255
2,83,28,28,42,255
2,84,13,13,22,255
2,85,0,13,22,255
2,86,13,13,22,255
2,87,13,13,22,255
2,88,13,13,22,255
2,89,0,13,22,255
2,90,0,0,22,255
2,91,28,53,73,255
2,92,28,53,73,255
2,93,28,56,79,255
2,94,38,59,79,255
2,95,34,53,71,255
2,96,13,22,34,255
2,97,0,13,13,255
2,98,13,13,13,255
2,99,13,13,22,255
2,100,99,106,115,255
2,101,161,173,184,255
2,102,174,189,200,255
2,103,181,193,203,255
2,104,180,192,203,255
2,105,180,193,204,255
2,106,180,193,205,255
2,107,181,193,205,255
2,108,180,193,204,255
2,109,182,194,204,255
2,110,182,194,204,255
2,111,182,194,205,255
2,112,178,194,205,255
2,113,178,192,204,255
2,114,180,193,204,255
2,115,180,193,204,255
2,116,180,193,205,255
2,117,180,192,203,255
2,118,180,193,205,255
2,119,179,194,205,255
2,120,179,194,205,255
2,121,178,192,204,255
2,122,178,192,204,255
2,123,178,192,204,255
2,124,182,194,205,255
2,125,180,194,205,255
2,126,180,194,205,255
2,127,182,192,204,255
2,128,181,190,203,255
2,129,180,191,202,255
2,130,180,192,204,255
2,131,180,192,204,255
2,132,179,193,205,255
2,133,179,193,205,255
2,134,178,192,205,255
2,135,180,193,205,255
2,136,178,192,204,255
2,137,179,193,205,255
2,138,179,193,205,255
2,139,181,194,206,255
2,140,181,194,206,255
2,141,182,196,206,255
2,142,182,196,206,255
2,143,184,197,208,255
3,0,148,142,140,255
3,1,148,142,140,255
3,2,148,142,140,255
3,3,148,142,140,255
3,4,148,142,140,255
3,5,147,141,139,255
3,6,148,142,140,255
3,7,148,142,140,255
3,8,147,142,139,255
3,9,147,142,139,255
3,10,147,142,139,255
3,11,147,142,139,255
3,12,147,141,138,255
3,13,147,141,138,255
3,14,147,141,138,255
3,15,147,141,138,255
3,16,145,140,138,255
3,17,146,141,139,255
3,18,146,141,139,255
3,19,145,140,138,255
3,20,145,140,137,255
3,21,145,140,137,255
3,22,146,142,138,255
3,23,146,141,137,255
3,24,146,141,137,255
3,25,146,141,137,255
3,26,147,141,138,255
3,27,147,141,138,255
3,28,147,141,138,255
3,29,147,142,138,255
3,30,148,143,138,255
3,31,148,144,138,255
3,32,149,144,137,255
3,33,149,144,137,255
3,34,150,143,135,255
3,35,150,143,133,255
3,36,150,143,133,255
3,37,151,143,132,255
3,38,148,139,122,255
3,39,148,138,120,255
3,40,148,138,120,255
3,41,149,140,121,255
3,42,150,142,126,255
3,43,150,143,127,255
3,44,152,145,129,255
3,45,152,145,128,255
3,46,152,146,129,255
3,47,152,147,130,255
3,48,154,150,139,255
3,49,153,150,144,255
3,50,152,150,144,255
3,51,154,151,145,255
3,52,154,151,145,255
3,53,154,152,146,255
3,54,155,154,147,255
3,55,155,155,148,255
3,56,156,156,149,255
3,57,156,156,149,255
3,58,157,158,151,255
3,59,156,160,153,255
3,60,143,179,163,255
3,61,128,189,169,255
3,62,118,173,153,255
3,63,131,138,132,255
3,64,99,140,138,255
3,65,124,174,153,255
3,66,125,182,160,255
3,67,119,182,162,255
3,68,118,184,166,255
3,69,91,156,140,255
3,70,71,105,99,255
3,71,120,132,142,255
3,72,177,188,199,255
3,73,182,196,206,255
3,74,184,196,206,255
3,75,184,196,205,255
3,76,159,164,170,255
3,77,110,118,119,255
3,78,105,112,118,255
3,79,121,115,121,255
3,80,88,93,131,255
3,81,64,73,114,255
3,82,53,61,86,255
3,83,28,28,42,255
3,84,13,13,28,255
3,85,13,13,28,255
3,86,13,22,28,255
3,87,13,13,22,255
3,88,13,22,34,255
3,89,13,28,50,255
3,90,13,34,56,255
3,91,28,53,73,255
3,92,28,53,73,255
3,93,28,56,79,255
3,94,71,69,69,255
3,95,53,56,56,255
3,96,22,28,28,255
3,97,0,0,13,255
3,98,13,13,13,255
3,99,13,13,22,255
3,100,99,106,115,255
3,101,172,182,192,255
3,102,181,193,203,255
3,103,180,192,203,255
3,104,180,192,203,255
3,105,180,193,204,255
3,106,182,194,205,255
3,107,180,193,204,255
3,108,180,193,204,255
3,109,182,194,204,255
3,110,180,194,205,255
3,111,180,194,205,255
3,112,178,194,205,255
3,113,178,192,204,255
3,114,179,193,205,255
3,115,180,193,205,255
3,116,180,193,205,255
3,117,180,192,203,255
3,118,180,194,205,255
3,119,179,194,205,255
3,120,179,194,205,255
3,121,179,193,205,255
3,122,178,192,204,255
3,123,178,192,204,255
3,124,179,192,204,255
3,125,180,194,205,255
3,126,180,194,205,255
3,127,181,190,203,255
3,128,180,191,202,255
3,129,180,191,202,255
3,130,180,192,204,255
3,131,180,192,204,255
3,132,179,193,205,255
3,133,179,193,205,255
3,134,180,193,205,255
3,135,180,193,205,255
3,136,179,193,205,255
3,137,179,193,205,255
3,138,179,194,206,255
3,139,181,194,206,255
3,140,181,194,206,255
3,141,182,196,206,255
3,142,182,196,206,255
3,143,184,197,208,255
4,0,148,142,140,255
4,1,148,142,140,255
4,2,148,142,140,255
4,3,148,142,140,255
4,4,148,142,140,255
4,5,148,142,140,255
4,6,148,142,140,255
4,7,148,142,140,255
4,8,147,142,139,255
4,9,147,142,139,255
4,10,147,142,139,255
4,11,147,142,139,255
4,12,148,142,139,255
4,13,147,141,138,255
4,14,147,141,138,255
4,15,147,141,138,255
4,16,145,140,138,255
4,17,146,141,139,255
4,18,146,141,139,255
4,19,145,140,138,255
4,20,146,141,138,255
4,21,146,141,138,255
4,22,146,142,138,255
4,23,147,142,138,255
4,24,147,142,138,255
4,25,146,141,137,255
4,26,147,142,138,255
4,27,147,142,139,255
4,28,147,141,138,255
4,29,147,142,138,255
4,30,148,144,139,255
4,31,149,144,137,255
4,32,149,144,137,255
4,33,149,144,137,255
4,34,150,143,135,255
4,35,150,143,133,255
4,36,150,143,133,255
4,37,151,143,132,255
4,38,149,140,125,255
4,39,148,139,120,255
4,40,148,139,120,255
4,41,149,140,121,255
4,42,150,142,126,255
4,43,150,143,127,255
4,44,152,145,129,255
4,45,153,146,128,255
4,46,152,146,129,255
4,47,152,147,130,255
4,48,154,150,139,255
4,49,153,150,144,255
4,50,153,151,145,255
4,51,155,151,145,255
4,52,155,151,145,255
4,53,155,152,146,255
4,54,155,154,148,255
4,55,155,155,148,255
4,56,156,156,149,255
4,57,156,156,149,255
4,58,157,158,151,255
4,59,156,160,153,255
4,60,149,173,161,255
4,61,130,184,169,255
4,62,112,164,148,255
4,63,93,122,126,255
4,64,83,128,137,255
4,65,91,135,134,255
4,66,109,158,140,255
4,67,115,167,143,255
4,68,122,183,160,255
4,69,109,175,158,255
4,70,77,115,113,255
4,71,120,136,148,255
4,72,172,189,203,255
4,73,185,198,209,255
4,74,185,197,206,255
4,75,183,196,205,255
4,76,135,143,150,255
4,77,104,99,98,255
4,78,106,119,131,255
4,79,86,91,105,255
4,80,85,77,90,255
4,81,71,66,79,255
4,82,53,53,64,255
4,83,22,22,38,255
4,84,13,13,28,255
4,85,13,13,28,255
4,86,13,22,28,255
4,87,13,13,22,255
4,88,13,22,34,255
4,89,34,50,64,255
4,90,50,61,75,255
4,91,66,69,75,255
4,92,66,69,75,255
4,93,71,75,81,255
4,94,71,69,69,255
4,95,53,56,56,255
4,96,22,28,28,255
4,97,13,13,22,255
4,98,13,42,69,255
4,99,22,28,50,255
4,100,109,118,128,255
4,101,172,182,192,255
4,102,181,193,203,255
4,103,181,191,202,255
4,104,181,191,202,255
4,105,182,194,203,255
4,106,182,194,205,255
4,107,180,193,204,255
4,108,180,193,203,255
4,109,182,194,204,255
4,110,180,194,205,255
4,111,180,194,205,255
4,112,180,194,205,255
4,113,180,193,205,255
4,114,179,193,205,255
4,115,180,193,205,255
4,116,182,193,204,255
4,117,180,192,203,255
4,118,180,194,205,255
4,119,179,194,205,255
4,120,179,194,205,255
4,121,179,193,205,255
4,122,178,192,204,255
4,123,178,192,204,255
4,124,179,192,204,255
4,125,180,193,205,255
4,126,180,193,205,255
4,127,181,190,203,255
4,128,180,191,202,255
4,129,180,191,202,255
4,130,180,192,204,255
4,131,180,193,205,255
4,132,179,193,205,255
4,133,182,192,203,255
4,134,180,193,205,255
4,135,180,193,205,255
4,136,179,193,205,255
4,137,179,193,205,255
4,138,181,194,206,255
4,139,181,194,206,255
4,140,182,194,206,255
4,141,182,196,206,255
4,142,184,197,208,255
4,143,184,197,208,255
5,0,146,140,137,255
5,1,148,142,140,255
5,2,148,142,140,255
5,3,148,142,140,255
5,4,148,142,140,255
5,5,148,142,140,255
5,6,148,142,140,255
5,7,148,142,140,255
5,8,148,142,140,255
5,9,147,142,139,255
5,10,147,142,139,255
5,11,147,142,139,255
5,12,147,142,139,255
5,13,148,142,139,255
5,14,147,141,138,255
5,15,147,141,138,255
5,16,146,141,139,255
5,17,145,140,138,255
5,18,146,141,139,255
5,19,145,141,139,255
5,20,145,140,138,255
5,21,146,141,138,255
5,22,147,142,138,255
5,23,147,142,138,255
5,24,147,142,138,255
5,25,147,142,139,255
5,26,147,142,138,255
5,27,147,142,139,255
5,28,147,142,139,255
5,29,147,143,138,255
5,30,148,144,139,255
5,31,149,144,137,255
5,32,149,144,137,255
5,33,149,144,137,255
5,34,150,143,135,255
5,35,150,143,133,255
5,36,150,143,133,255
5,37,151,143,131,255
5,38,149,141,126,255
5,39,148,139,120,255
5,40,148,139,120,255
5,41,149,139,121,255
5,42,151,143,126,255
5,43,151,144,128,255
5,44,152,145,129,255
5,45,153,146,128,255
5,46,152,146,129,255
5,47,152,148,130,255
5,48,154,149,138,255
5,49,153,150,144,255
5,50,153,151,144,255
5,51,155,151,145,255
5,52,155,151,145,255
5,53,155,152,146,255
5,54,155,154,148,255
5,55,156,155,148,255
5,56,156,157,149,255
5,57,156,156,149,255
5,58,156,158,151,255
5,59,156,159,152,255
5,60,155,166,160,255
5,61,133,175,169,255
5,62,113,160,155,255
5,63,88,137,154,255
5,64,83,128,137,255
5,65,91,135,134,255
5,66,109,158,140,255
5,67,115,167,143,255
5,68,122,183,160,255
5,69,109,175,158,255
5,70,77,115,113,255
5,71,120,136,148,255
5,72,172,189,203,255
5,73,185,198,209,255
5,74,185,197,206,255
5,75,183,196,205,255
5,76,135,143,150,255
5,77,104,99,98,255
5,78,106,119,131,255
5,79,86,91,105,255
5,80,34,96,126,255
5,81,34,50,69,255
5,82,28,34,46,255
5,83,13,22,34,255
5,84,13,22,28,255
5,85,13,22,28,255
5,86,13,13,22,255
5,87,13,13,22,255
5,88,22,28,34,255
5,89,34,50,64,255
5,90,50,61,75,255
5,91,66,69,75,255
5,92,66,69,75,255
5,93,46,66,83,255
5,94,28,59,85,255
5,95,22,28,38,255
5,96,13,13,22,255
5,97,13,13,22,255
5,98,13,42,69,255
5,99,22,28,50,255
5,100,126,150,170,255
5,101,180,189,199,255
5,102,182,193,203,255
5,103,181,191,202,255
5,104,181,191,202,255
5,105,182,193,203,255
5,106,183,194,204,255
5,107,180,193,204,255
5,108,180,193,203,255
5,109,182,194,204,255
5,110,182,194,205,255
5,111,182,194,205,255
5,112,180,194,205,255
5,113,180,193,205,255
5,114,180,193,203,255
5,115,182,193,204,255
5,116,182,193,204,255
5,117,180,192,203,255
5,118,179,192,203,255
5,119,179,194,205,255
5,120,179,194,205,255
5,121,182,194,205,255
5,122,178,192,204,255
5,123,179,192,204,255
5,124,179,192,204,255
5,125,180,193,205,255
5,126,181,190,203,255
5,127,180,190,202,255
5,128,180,191,202,255
5,129,180,191,202,255
5,130,180,193,205,255
5,131,179,193,205,255
5,132,182,192,203,255
5,133,180,193,205,255
5,134,180,193,205,255
5,135,179,193,205,255
5,136,179,193,205,255
5,137,181,194,205,255
5,138,181,194,206,255
5,139,182,194,206,255
5,140,182,196,206,255
5,141,184,197,208,255
5,142,184,197,208,255
5,143,179,193,205,255
6,0,146,140,137,255
6,1,148,142,140,255
6,2,148,142,140,255
6,3,148,142,140,255
6,4,148,142,140,255
6,5,148,142,140,255
6,6,148,142,140,255
6,7,148,142,140,255
6,8,148,142,140,255
6,9,147,142,139,255
6,10,147,142,139,255
6,11,147,142,139,255
6,12,147,142,139,255
6,13,148,142,139,255
6,14,147,141,138,255
6,15,147,141,138,255
6,16,146,141,139,255
6,17,146,141,139,255
6,18,146,141,139,255
6,19,145,141,139,255
6,20,145,141,139,255
6,21,146,141,138,255
6,22,147,142,138,255
6,23,147,142,138,255
6,24,147,142,138,255
6,25,147,142,139,255
6,26,147,142,138,255
6,27,147,142,139,255
6,28,147,142,139,255
6,29,147,143,138,255
6,30,149,143,139,255
6,31,149,144,138,255
6,32,149,144,137,255
6,33,149,144,137,255
6,34,151,144,135,255
6,35,151,143,133,255
6,36,151,144,133,255
6,37,151,143,131,255
6,38,149,141,126,255
6,39,149,139,121,255
6,40,149,139,121,255
6,41,149,140,122,255
6,42,151,143,126,255
6,43,151,144,128,255
6,44,153,145,128,255
6,45,152,145,127,255
6,46,152,146,129,255
6,47,153,148,131,255
6,48,154,149,138,255
6,49,153,150,144,255
6,50,153,151,144,255
6,51,155,151,145,255
6,52,155,151,145,255
6,53,155,153,146,255
6,54,155,154,147,255
6,55,156,156,148,255
6,56,156,156,149,255
6,57,156,156,149,255
6,58,156,158,151,255
6,59,156,159,152,255
6,60,155,166,160,255
6,61,133,175,169,255
6,62,113,160,155,255
6,63,88,137,154,255
6,64,96,143,160,255
6,65,83,128,142,255
6,66,81,126,133,255
6,67,83,129,129,255
6,68,110,163,146,255
6,69,122,180,158,255
6,70,90,126,125,255
6,71,127,139,148,255
6,72,180,193,205,255
6,73,188,200,210,255
6,74,185,197,207,255
6,75,185,197,206,255
6,76,129,150,168,255
6,77,85,104,120,255
6,78,128,149,168,255
6,79,96,136,163,255
6,80,34,96,126,255
6,81,34,50,69,255
6,82,28,34,46,255
6,83,13,22,34,255
6,84,13,22,28,255
6,85,13,22,28,255
6,86,13,22,38,255
6,87,0,28,56,255
6,88,13,38,64,255
6,89,46,71,90,255
6,90,53,77,96,255
6,91,42,69,90,255
6,92,42,69,90,255
6,93,46,66,83,255
6,94,28,59,85,255
6,95,22,28,38,255
6,96,13,98,133,255
6,97,13,108,145,255
6,98,86,137,167,255
6,99,50,110,142,255
6,100,126,150,170,255
6,101,180,189,199,255
6,102,182,193,205,255
6,103,182,192,203,255
6,104,182,192,203,255
6,105,182,193,203,255
6,106,183,194,204,255
6,107,182,194,205,255
6,108,182,193,203,255
6,109,184,193,203,255
6,110,182,194,205,255
6,111,182,194,205,255
6,112,182,194,206,255
6,113,182,195,205,255
6,114,180,193,203,255
6,115,182,193,204,255
6,116,182,192,203,255
6,117,180,192,203,255
6,118,179,192,203,255
6,119,182,194,205,255
6,120,182,194,205,255
6,121,182,194,205,255
6,122,178,192,204,255
6,123,179,192,204,255
6,124,179,192,204,255
6,125,180,193,205,255
6,126,180,190,202,255
6,127,180,190,202,255
6,128,180,192,203,255
6,129,180,192,203,255
6,130,180,193,205,255
6,131,182,192,203,255
6,132,182,192,203,255
6,133,180,193,205,255
6,134,181,193,204,255
6,135,179,193,205,255
6,136,181,194,205,255
6,137,181,194,206,255
6,138,182,194,206,255
6,139,182,194,206,255
6,140,182,196,206,255
6,141,184,197,208,255
6,142,184,197,208,255
6,143,180,194,205,255
7,0,146,140,137,255
7,1,146,140,137,255
7,2,148,142,140,255
7,3,148,142,140,255
7,4,148,142,140,255
7,5,148,142,140,255
7,6,148,142,140,255
7,7,148,142,140,255
7,8,148,142,140,255
7,9,147,142,139,255
7,10,147,142,139,255
7,11,147,142,139,255
7,12,147,142,139,255
7,13,147,142,139,255
7,14,148,142,139,255
7,15,147,141,138,255
7,16,148,142,140,255
7,17,146,141,139,255
7,18,146,141,139,255
7,19,146,141,139,255
7,20,145,141,139,255
7,21,146,142,139,255
7,22,148,142,139,255
7,23,147,142,138,255
7,24,147,142,138,255
7,25,147,142,138,255
7,26,148,142,139,255
7,27,147,142,138,255
7,28,147,142,139,255
7,29,148,144,140,255
7,30,149,143,139,255
7,31,149,144,138,255
7,32,149,144,138,255
7,33,151,144,136,255
7,34,151,143,134,255
7,35,151,143,133,255
7,36,151,144,133,255
7,37,151,144,132,255
7,38,149,141,127,255
7,39,149,141,127,255
7,40,149,139,121,255
7,41,149,140,122,255
7,42,151,143,126,255
7,43,151,144,128,255
7,44,153,145,128,255
7,45,154,146,128,255
7,46,152,146,129,255
7,47,153,148,131,255
7,48,155,151,138,255
7,49,155,152,145,255
7,50,154,152,145,255
7,51,155,152,146,255
7,52,155,152,146,255
7,53,155,154,147,255
7,54,155,154,147,255
7,55,156,156,148,255
7,56,156,156,149,255
7,57,156,156,149,255
7,58,156,157,150,255
7,59,157,160,152,255
7,60,156,165,157,255
7,61,140,173,164,255
7,62,130,167,162,255
7,63,141,164,175,255
7,64,137,161,177,255
7,65,112,148,160,255
7,66,95,148,154,255
7,67,93,146,152,255
7,68,108,155,152,255
7,69,117,165,155,255
7,70,99,135,138,255
7,71,124,137,147,255
7,72,179,192,205,255
7,73,189,200,209,255
7,74,186,198,208,255
7,75,187,199,208,255
7,76,160,180,196,255
7,77,125,152,173,255
7,78,163,182,197,255
7,79,167,184,199,255
7,80,133,163,184,255
7,81,64,120,151,255
7,82,34,88,120,255
7,83,13,28,61,255
7,84,22,28,53,255
7,85,13,22,46,255
7,86,13,22,38,255
7,87,0,28,56,255
7,88,13,38,64,255
7,89,46,71,90,255
7,90,91,131,159,255
7,91,88,128,156,255
7,92,88,128,156,255
7,93,77,125,153,255
7,94,90,130,158,255
7,95,13,108,143,255
7,96,13,98,133,255
7,97,13,108,145,255
7,98,177,189,202,255
7,99,148,174,193,255
7,100,171,186,199,255
7,101,184,194,205,255
7,102,182,193,205,255
7,103,182,192,203,255
7,104,182,194,205,255
7,105,182,194,205,255
7,106,184,194,205,255
7,107,182,194,205,255
7,108,182,193,203,255
7,109,182,193,203,255
7,110,184,194,205,255
7,111,182,194,206,255
7,112,182,194,206,255
7,113,182,195,205,255
7,114,182,192,203,255
7,115,182,192,203,255
7,116,180,192,203,255
7,117,180,190,202,255
7,118,181,192,202,255
7,119,182,194,205,255
7,120,182,194,205,255
7,121,184,193,204,255
7,122,179,191,203,255
7,123,179,192,204,255
7,124,179,192,204,255
7,125,181,192,203,255
7,126,180,190,202,255
7,127,180,192,202,255
7,128,180,192,203,255
7,129,180,193,205,255
7,130,182,192,204,255
7,131,182,192,203,255
7,132,182,192,203,255
7,133,181,193,204,255
7,134,181,193,204,255
7,135,181,194,205,255
7,136,181,194,205,255
7,137,181,194,206,255
7,138,182,194,206,255
7,139,182,196,206,255
7,140,184,197,208,255
7,141,184,197,208,255
7,142,180,194,205,255
7,143,180,194,205,255
8,0,148,142,139,255
8,1,146,140,137,255
8,2,148,142,140,255
8,3,148,142,140,255
8,4,148,142,140,255
8,5,148,142,140,255
8,6,148,142,140,255
8,7,148,142,140,255
8,8,148,142,140,255
8,9,148,142,140,255
8,10,147,142,139,255
8,11,148,142,140,255
8,12,148,142,140,255
8,13,147,142,139,255
8,14,147,142,139,255
8,15,147,141,138,255
8,16,148,142,140,255
8,17,148,142,140,255
8,18,146,141,139,255
8,19,146,141,139,255
8,20,146,141,139,255
8,21,146,142,139,255
8,22,148,142,139,255
8,23,148,142,139,255
8,24,147,142,139,255
8,25,147,142,138,255
8,26,148,142,139,255
8,27,148,142,139,255
8,28,147,142,139,255
8,29,148,144,140,255
8,30,149,144,139,255
8,31,150,144,137,255
8,32,150,144,137,255
8,33,151,144,136,255
8,34,151,143,134,255
8,35,152,143,133,255
8,36,151,143,132,255
8,37,151,144,132,255
8,38,149,141,127,255
8,39,149,141,127,255
8,40,149,140,122,255
8,41,149,140,121,255
8,42,151,142,125,255
8,43,151,144,128,255
8,44,153,145,128,255
8,45,154,146,128,255
8,46,153,146,129,255
8,47,154,148,132,255
8,48,155,150,138,255
8,49,155,151,144,255
8,50,154,152,145,255
8,51,154,152,145,255
8,52,155,152,146,255
8,53,155,154,147,255
8,54,155,155,148,255
8,55,156,156,148,255
8,56,156,157,149,255
8,57,157,157,150,255
8,58,156,157,151,255
8,59,157,159,152,255
8,60,159,163,155,255
8,61,159,167,159,255
8,62,130,167,162,255
8,63,141,164,175,255
8,64,137,161,177,255
8,65,112,148,160,255
8,66,95,148,154,255
8,67,93,146,152,255
8,68,108,155,152,255
8,69,117,165,155,255
8,70,99,135,138,255
8,71,124,137,147,255
8,72,179,192,205,255
8,73,189,200,209,255
8,74,186,198,208,255
8,75,187,199,208,255
8,76,160,180,196,255
8,77,125,152,173,255
8,78,163,182,197,255
8,79,167,184,199,255
8,80,133,163,184,255
8,81,64,120,151,255
8,82,125,155,178,255
8,83,38,127,163,255
8,84,34,125,162,255
8,85,28,119,155,255
8,86,22,115,152,255
8,87,61,120,152,255
8,88,61,121,152,255
8,89,88,130,157,255
8,90,91,131,159,255
8,91,88,128,156,255
8,92,77,125,153,255
8,93,77,125,153,255
8,94,160,179,196,255
8,95,155,175,193,255
8,96,145,170,189,255
8,97,160,178,194,255
8,98,177,189,202,255
8,99,148,174,193,255
8,100,171,186,199,255
8,101,184,196,206,255
8,102,184,194,205,255
8,103,184,193,204,255
8,104,182,194,205,255
8,105,182,194,205,255
8,106,184,194,205,255
8,107,183,195,206,255
8,108,182,194,205,255
8,109,182,193,203,255
8,110,184,194,205,255
8,111,183,195,206,255
8,112,183,195,206,255
8,113,183,196,206,255
8,114,182,192,203,255
8,115,180,192,202,255
8,116,180,190,202,255
8,117,180,190,202,255
8,118,181,192,202,255
8,119,182,193,204,255
8,120,184,193,204,255
8,121,184,193,204,255
8,122,179,191,203,255
8,123,179,192,204,255
8,124,179,192,204,255
8,125,181,192,203,255
8,126,180,192,202,255
8,127,180,192,202,255
8,128,180,192,203,255
8,129,182,192,204,255
8,130,182,192,204,255
8,131,180,192,203,255
8,132,180,192,203,255
8,133,181,193,204,255
8,134,180,194,205,255
8,135,181,194,205,255
8,136,181,194,205,255
8,137,182,194,206,255
8,138,182,194,206,255
8,139,184,197,208,255
8,140,184,197,208,255
8,141,185,197,208,255
8,142,180,194,205,255
8,143,182,195,205,255
9,0,148,142,139,255
9,1,146,140,137,255
9,2,146,140,137,255
9,3,148,142,140,255
9,4,148,142,140,255
9,5,148,143,141,255
9,6,148,142,140,255
9,7,148,142,140,255
9,8,148,142,140,255
9,9,148,142,140,255
9,10,148,142,140,255
9,11,147,142,139,255
9,12,148,142,140,255
9,13,148,143,140,255
9,14,147,142,139,255
9,15,147,142,138,255
9,16,147,142,138,255
9,17,148,142,140,255
9,18,146,141,139,255
9,19,146,141,139,255
9,20,146,141,139,255
9,21,147,142,140,255
9,22,148,143,140,255
9,23,148,142,139,255
9,24,147,142,139,255
9,25,148,143,139,255
9,26,148,143,139,255
9,27,148,142,139,255
9,28,147,142,139,255
9,29,149,144,140,255
9,30,150,144,139,255
9,31,150,144,137,255
9,32,150,144,137,255
9,33,150,143,135,255
9,34,151,143,133,255
9,35,152,143,133,255
9,36,151,143,132,255
9,37,152,144,132,255
9,38,150,143,128,255
9,39,150,143,128,255
9,40,150,141,125,255
9,41,149,140,121,255
9,42,151,142,125,255
9,43,151,145,128,255
9,44,152,146,128,255
9,45,153,146,128,255
9,46,153,147,129,255
9,47,154,148,132,255
9,48,155,150,138,255
9,49,155,151,144,255
9,50,155,152,146,255
9,51,155,152,146,255
9,52,155,152,146,255
9,53,155,154,147,255
9,54,155,155,148,255
9,55,157,156,149,255
9,56,157,157,150,255
9,57,157,157,150,255
9,58,156,157,151,255
9,59,157,159,152,255
9,60,159,163,155,255
9,61,159,167,159,255
9,62,156,168,164,255
9,63,147,168,181,255
9,64,145,169,186,255
9,65,134,165,172,255
9,66,128,157,146,255
9,67,126,164,158,255
9,68,122,167,163,255
9,69,120,164,163,255
9,70,112,155,160,255
9,71,119,148,161,255
9,72,179,194,205,255
9,73,187,199,209,255
9,74,188,199,208,255
9,75,188,199,208,255
9,76,183,197,207,255
9,77,170,188,201,255
9,78,182,196,207,255
9,79,184,197,207,255
9,80,177,191,204,255
9,81,156,178,196,255
9,82,125,155,178,255
9,83,38,127,163,255
9,84,34,125,162,255
9,85,28,119,155,255
9,86,22,115,152,255
9,87,160,179,196,255
9,88,159,178,196,255
9,89,160,180,196,255
9,90,160,179,196,255
9,91,159,178,196,255
9,92,158,178,196,255
9,93,158,178,196,255
9,94,160,179,196,255
9,95,155,175,193,255
9,96,145,170,189,255
9,97,182,194,205,255
9,98,184,195,206,255
9,99,184,195,206,255
9,100,186,196,206,255
9,101,184,196,206,255
9,102,184,194,205,255
9,103,183,194,205,255
9,104,184,195,206,255
9,105,184,195,206,255
9,106,184,195,206,255
9,107,183,195,206,255
9,108,182,194,205,255
9,109,183,194,203,255
9,110,183,194,206,255
9,111,183,195,206,255
9,112,183,195,206,255
9,113,183,196,206,255
9,114,182,192,203,255
9,115,180,192,202,255
9,116,180,190,202,255
9,117,181,191,202,255
9,118,182,192,203,255
9,119,182,193,204,255
9,120,184,193,204,255
9,121,182,193,204,255
9,122,179,192,205,255
9,123,179,192,204,255
9,124,181,192,204,255
9,125,181,192,204,255
9,126,180,192,202,255
9,127,181,193,204,255
9,128,181,193,204,255
9,129,182,192,204,255
9,130,180,191,203,255
9,131,180,192,203,255
9,132,181,193,204,255
9,133,180,194,205,255
9,134,181,194,205,255
9,135,181,194,205,255
9,136,182,194,206,255
9,137,182,194,206,255
9,138,183,196,207,255
9,139,184,197,208,255
9,140,185,197,208,255
9,141,180,194,205,255
9,142,180,194,205,255
9,143,182,195,205,255
10,0,148,142,139,255
10,1,148,142,139,255
10,2,146,140,137,255
10,3,148,142,140,255
10,4,148,142,140,255
10,5,148,142,140,255
10,6,148,143,141,255
10,7,148,142,140,255
10,8,148,143,141,255
10,9,148,143,141,255
10,10,148,142,140,255
10,11,148,142,140,255
10,12,148,142,140,255
10,13,148,143,140,255
10,14,148,143,140,255
10,15,147,142,138,255
10,16,147,142,138,255
10,17,148,142,140,255
10,18,146,141,139,255
10,19,146,141,139,255
10,20,146,142,140,255
10,21,148,142,140,255
10,22,147,142,140,255
10,23,148,143,140,255
10,24,148,143,140,255
10,25,148,143,139,255
10,26,148,143,139,255
10,27,148,143,139,255
10,28,148,144,140,255
10,29,149,144,140,255
10,30,150,144,139,255
10,31,150,144,137,255
10,32,150,144,137,255
10,33,150,143,135,255
10,34,151,143,133,255
10,35,151,143,131,255
10,36,151,143,131,255
10,37,152,144,131,255
10,38,152,143,129,255
10,39,150,143,128,255
10,40,150,141,125,255
10,41,150,141,124,255
10,42,151,143,125,255
10,43,152,145,128,255
10,44,153,146,128,255
10,45,153,146,128,255
10,46,153,147,129,255
10,47,155,148,132,255
10,48,155,151,138,255
10,49,155,152,144,255
10,50,155,152,146,255
10,51,155,152,146,255
10,52,156,153,147,255
10,53,155,154,147,255
10,54,155,155,148,255
10,55,157,156,149,255
10,56,157,157,150,255
10,57,157,156,150,255
10,58,157,158,152,255
10,59,157,160,152,255
10,60,159,163,155,255
10,61,159,167,158,255
10,62,158,167,164,255
10,63,151,170,183,255
10,64,151,174,186,255
10,65,139,160,164,255
10,66,86,115,115,255
10,67,112,144,132,255
10,68,126,160,148,255
10,69,126,164,156,255
10,70,127,170,170,255
10,71,143,157,165,255
10,72,180,194,204,255
10,73,188,197,206,255
10,74,186,199,208,255
10,75,186,199,208,255
10,76,187,200,209,255
10,77,185,199,208,255
10,78,187,199,209,255
10,79,186,199,208,255
10,80,184,197,208,255
10,81,183,196,207,255
10,82,172,188,203,255
10,83,173,189,203,255
10,84,173,189,203,255
10,85,166,183,199,255
10,86,163,181,197,255
10,87,160,179,196,255
10,88,159,178,196,255
10,89,160,180,196,255
10,90,160,179,196,255
10,91,182,194,206,255
10,92,181,194,206,255
10,93,181,194,206,255
10,94,181,194,206,255
10,95,182,194,205,255
10,96,179,192,204,255
10,97,182,194,205,255
10,98,184,195,206,255
10,99,185,196,206,255
10,100,183,196,206,255
10,101,183,196,206,255
10,102,183,196,206,255
10,103,183,194,205,255
10,104,184,195,206,255
10,105,185,196,206,255
10,106,184,196,207,255
10,107,185,196,206,255
10,108,183,194,205,255
10,109,183,194,203,255
10,110,183,194,206,255
10,111,185,197,208,255
10,112,185,197,208,255
10,113,183,196,206,255
10,114,182,192,203,255
10,115,181,192,203,255
10,116,181,191,202,255
10,117,181,191,202,255
10,118,182,192,203,255
10,119,181,193,204,255
10,120,182,193,204,255
10,121,179,192,205,255
10,122,181,193,205,255
10,123,182,192,205,255
10,124,181,192,204,255
10,125,181,192,204,255
10,126,181,193,204,255
10,127,181,193,204,255
10,128,181,193,204,255
10,129,180,191,203,255
10,130,180,191,203,255
10,131,180,192,203,255
10,132,180,194,205,255
10,133,180,194,205,255
10,134,182,194,206,255
10,135,182,194,206,255
10,136,182,194,206,255
10,137,183,196,207,255
10,138,184,197,208,255
10,139,185,197,208,255
10,140,185,197,208,255
10,141,180,194,205,255
10,142,182,195,205,255
10,143,182,195,205,255
11,0,148,142,140,255
11,1,148,142,139,255
11,2,148,142,139,255
11,3,148,142,140,255
11,4,148,142,140,255
11,5,148,142,140,255
11,6,148,143,141,255
11,7,148,143,141,255
11,8,148,143,141,255
11,9,148,143,141,255
11,10,148,143,141,255
11,11,148,142,140,255
11,12,148,142,140,255
11,13,148,142,140,255
11,14,148,143,140,255
11,15,148,143,139,255
11,16,148,143,139,255
11,17,148,142,140,255
11,18,146,142,140,255
11,19,146,142,140,255
11,20,146,142,140,255
11,21,148,142,140,255
11,22,148,142,140,255
11,23,148,142,140,255
11,24,148,143,140,255
11,25,148,143,140,255
11,26,148,143,140,255
11,27,148,143,139,255
11,28,148,144,140,255
11,29,149,144,140,255
11,30,150,145,140,255
11,31,150,145,140,255
11,32,150,144,137,255
11,33,150,143,134,255
11,34,150,142,131,255
11,35,150,142,131,255
11,36,152,143,131,255
11,37,152,144,131,255
11,38,152,144,131,255
11,39,152,143,129,255
11,40,151,142,126,255
11,41,151,142,125,255
11,42,151,143,125,255
11,43,152,145,128,255
11,44,153,146,128,255
11,45,154,146,128,255
11,46,154,147,129,255
11,47,155,148,132,255
11,48,155,150,138,255
11,49,156,153,145,255
11,50,155,152,146,255
11,51,155,152,146,255
11,52,156,153,147,255
11,53,156,154,148,255
11,54,156,155,148,255
11,55,156,155,148,255
11,56,158,158,151,255
11,57,157,157,150,255
11,58,157,158,151,255
11,59,157,159,152,255
11,60,159,162,155,255
11,61,160,167,159,255
11,62,159,167,167,255
11,63,151,170,183,255
11,64,151,174,186,255
11,65,139,160,164,255
11,66,86,115,115,255
11,67,112,144,132,255
11,68,126,160,148,255
11,69,126,164,156,255
11,70,127,170,170,255
11,71,143,157,165,255
11,72,180,194,204,255
11,73,188,197,206,255
11,74,186,199,208,255
11,75,186,199,208,255
11,76,187,200,209,255
11,77,185,199,208,255
11,78,187,199,209,255
11,79,186,199,208,255
11,80,184,197,208,255
11,81,185,197,208,255
11,82,185,197,208,255
11,83,186,197,208,255
11,84,186,198,209,255
11,85,184,196,208,255
11,86,183,195,206,255
11,87,182,194,206,255
11,88,182,194,206,255
11,89,181,194,206,255
11,90,182,194,206,255
11,91,182,194,206,255
11,92,181,194,206,255
11,93,181,194,206,255
11,94,184,196,208,255
11,95,185,196,206,255
11,96,185,196,207,255
11,97,183,196,207,255
11,98,184,196,208,255
11,99,185,196,206,255
11,100,183,196,206,255
11,101,183,196,206,255
11,102,182,197,206,255
11,103,183,195,205,255
11,104,185,196,206,255
11,105,184,196,207,255
11,106,184,196,207,255
11,107,183,195,206,255
11,108,184,195,205,255
11,109,184,195,205,255
11,110,185,196,207,255
11,111,185,197,208,255
11,112,184,196,206,255
11,113,184,196,206,255
11,114,183,193,204,255
11,115,181,192,203,255
11,116,181,191,202,255
11,117,181,193,204,255
11,118,181,193,204,255
11,119,181,193,204,255
11,120,183,194,205,255
11,121,181,193,205,255
11,122,181,193,205,255
11,123,182,192,205,255
11,124,183,193,205,255
11,125,183,193,205,255
11,126,181,193,204,255
11,127,180,193,205,255
11,128,180,193,205,255
11,129,180,191,203,255
11,130,180,192,203,255
11,131,180,192,203,255
11,132,180,194,205,255
11,133,183,194,204,255
11,134,182,194,206,255
11,135,182,194,206,255
11,136,183,196,207,255
11,137,183,196,207,255
11,138,185,197,208,255
11,139,185,197,208,255
11,140,185,197,208,255
11,141,182,195,205,255
11,142,182,195,205,255
11,143,184,195,205,255
12,0,147,141,138,255
12,1,148,142,140,255
12,2,148,142,139,255
12,3,148,142,139,255
12,4,148,142,140,255
12,5,148,142,140,255
12,6,148,143,142,255
12,7,148,143,141,255
12,8,148,143,141,255
12,9,148,143,141,255
12,10,148,143,141,255
12,11,148,143,141,255
12,12,148,142,140,255
12,13,148,142,140,255
12,14,148,143,141,255
12,15,148,143,139,255
12,16,148,143,139,255
12,17,148,143,139,255
12,18,146,142,140,255
12,19,146,142,140,255
12,20,147,143,140,255
12,21,148,143,141,255
12,22,148,142,140,255
12,23,148,142,140,255
12,24,148,143,140,255
12,25,148,143,141,255
12,26,148,143,140,255
12,27,148,143,140,255
12,28,148,144,140,255
12,29,150,145,141,255
12,30,150,145,140,255
12,31,150,145,140,255
12,32,151,145,138,255
12,33,151,143,134,255
12,34,151,142,131,255
12,35,150,142,131,255
12,36,152,143,131,255
12,37,152,144,131,255
12,38,152,144,131,255
12,39,152,143,129,255
12,40,151,142,126,255
12,41,151,142,125,255
12,42,151,143,125,255
12,43,152,145,128,255
12,44,153,146,129,255
12,45,154,146,128,255
12,46,154,147,128,255
12,47,155,148,132,255
12,48,155,150,138,255
12,49,156,153,145,255
12,50,156,153,145,255
12,51,155,152,146,255
12,52,155,153,147,255
12,53,156,154,148,255
12,54,156,155,148,255
12,55,156,156,149,255
12,56,158,158,151,255
12,57,158,158,151,255
12,58,157,158,151,255
12,59,157,159,152,255
12,60,159,162,155,255
12,61,160,167,159,255
12,62,159,167,167,255
12,63,148,166,179,255
12,64,146,164,167,255
12,65,119,142,143,255
12,66,66,106,115,255
12,67,73,110,117,255
12,68,91,124,125,255
12,69,105,140,137,255
12,70,129,161,156,255
12,71,129,140,141,255
12,72,175,175,178,255
12,73,178,186,197,255
12,74,186,198,208,255
12,75,187,199,209,255
12,76,187,200,209,255
12,77,187,200,209,255
12,78,187,199,209,255
12,79,187,199,209,255
12,80,186,198,209,255
12,81,185,197,208,255
12,82,185,197,208,255
12,83,186,197,208,255
12,84,186,198,209,255
12,85,184,196,208,255
12,86,186,196,208,255
12,87,185,196,208,255
12,88,184,196,207,255
12,89,184,196,206,255
12,90,185,196,207,255
12,91,185,197,208,255
12,92,183,196,208,255
12,93,183,196,208,255
12,94,184,196,208,255
12,95,185,196,206,255
12,96,185,196,207,255
12,97,184,196,208,255
12,98,184,196,208,255
12,99,185,196,207,255
12,100,184,196,207,255
12,101,184,196,207,255
12,102,182,197,206,255
12,103,183,195,205,255
12,104,185,196,207,255
12,105,184,196,207,255
12,106,184,196,207,255
12,107,183,195,206,255
12,108,184,195,205,255
12,109,187,197,207,255
12,110,186,197,208,255
12,111,186,197,208,255
12,112,184,196,206,255
12,113,184,196,206,255
12,114,183,194,205,255
12,115,182,192,204,255
12,116,183,192,203,255
12,117,181,193,204,255
12,118,182,193,205,255
12,119,183,194,205,255
12,120,183,194,205,255
12,121,181,193,205,255
12,122,182,194,205,255
12,123,182,194,205,255
12,124,183,193,205,255
12,125,183,193,205,255
12,126,181,194,205,255
12,127,180,193,205,255
12,128,180,193,205,255
12,129,181,192,203,255
12,130,180,192,203,255
12,131,180,192,203,255
12,132,183,194,204,255
12,133,183,194,204,255
12,134,182,194,206,255
12,135,185,195,206,255
12,136,183,196,207,255
12,137,185,197,208,255
12,138,185,197,208,255
12,139,185,197,208,255
12,140,182,195,205,255
12,141,182,195,205,255
12,142,184,195,205,255
12,143,184,194,205,255
13,0,147,141,138,255
13,1,148,142,140,255
13,2,148,142,140,255
13,3,148,142,139,255
13,4,148,143,141,255
13,5,148,142,140,255
13,6,148,143,142,255
13,7,148,143,142,255
13,8,148,143,141,255
13,9,148,143,141,255
13,10,148,143,142,255
13,11,148,143,141,255
13,12,148,143,141,255
13,13,148,143,141,255
13,14,148,143,141,255
13,15,148,143,141,255
13,16,148,143,140,255
13,17,148,143,139,255
13,18,148,143,139,255
13,19,148,143,140,255
13,20,147,143,140,255
13,21,148,143,141,255
13,22,148,143,141,255
13,23,148,143,140,255
13,24,148,143,140,255
13,25,148,143,141,255
13,26,148,143,141,255
13,27,148,143,140,255
13,28,148,144,140,255
13,29,150,145,141,255
13,30,150,145,140,255
13,31,150,145,140,255
13,32,151,145,139,255
13,33,151,143,134,255
13,34,151,142,131,255
13,35,151,142,130,255
13,36,152,143,130,255
13,37,152,143,130,255
13,38,152,144,131,255
13,39,152,143,129,255
13,40,151,142,127,255
13,41,151,143,126,255
13,42,151,143,126,255
13,43,153,145,128,255
13,44,155,147,129,255
13,45,154,146,128,255
13,46,154,147,128,255
13,47,155,149,132,255
13,48,156,151,138,255
13,49,156,153,145,255
13,50,156,153,145,255
13,51,155,153,147,255
13,52,156,153,147,255
13,53,157,155,148,255
13,54,156,155,148,255
13,55,156,156,149,255
13,56,158,158,151,255
13,57,158,158,151,255
13,58,158,158,150,255
13,59,157,152,142,255
13,60,157,150,136,255
13,61,160,166,160,255
13,62,157,170,176,255
13,63,141,164,180,255
13,64,105,145,161,255
13,65,85,127,139,255
13,66,77,117,128,255
13,67,75,115,125,255
13,68,77,113,121,255
13,69,85,119,125,255
13,70,95,126,127,255
13,71,83,95,104,255
13,72,104,108,115,255
13,73,152,157,160,255
13,74,186,196,206,255
13,75,188,200,209,255
13,76,188,200,210,255
13,77,188,201,210,255
13,78,188,200,210,255
13,79,188,200,210,255
13,80,186,199,209,255
13,81,186,198,209,255
13,82,186,199,209,255
13,83,186,198,209,255
13,84,186,197,209,255
13,85,185,197,208,255
13,86,186,196,208,255
13,87,185,196,208,255
13,88,184,196,207,255
13,89,184,196,206,255
13,90,186,197,208,255
13,91,184,197,208,255
13,92,184,196,208,255
13,93,184,196,208,255
13,94,184,196,208,255
13,95,186,197,207,255
13,96,184,197,208,255
13,97,184,196,208,255
13,98,184,196,208,255
13,99,185,196,207,255
13,100,185,196,206,255
13,101,184,197,208,255
13,102,182,197,207,255
13,103,182,196,206,255
13,104,185,196,207,255
13,105,184,196,207,255
13,106,182,196,208,255
13,107,182,194,206,255
13,108,185,195,205,255
13,109,187,197,207,255
13,110,186,197,208,255
13,111,185,197,206,255
13,112,184,196,205,255
13,113,184,196,205,255
13,114,183,194,205,255
13,115,182,192,204,255
13,116,184,192,203,255
13,117,182,193,205,255
13,118,182,193,205,255
13,119,183,194,205,255
13,120,183,194,205,255
13,121,182,194,205,255
13,122,182,194,205,255
13,123,182,194,205,255
13,124,183,194,205,255
13,125,181,194,205,255
13,126,181,194,205,255
13,127,183,194,205,255
13,128,181,192,203,255
13,129,181,192,203,255
13,130,180,193,204,255
13,131,180,193,204,255
13,132,183,194,204,255
13,133,184,194,205,255
13,134,185,195,206,255
13,135,183,196,207,255
13,136,185,197,208,255
13,137,185,197,208,255
13,138,185,197,208,255
13,139,184,196,206,255
13,140,182,195,205,255
13,141,184,195,205,255
13,142,184,195,205,255
13,143,184,194,205,255
14,0,147,141,137,255
14,1,147,141,137,255
14,2,148,142,140,255
14,3,148,142,140,255
14,4,148,143,141,255
14,5,148,143,141,255
14,6,148,143,141,255
14,7,148,143,142,255
14,8,148,143,142,255
14,9,148,143,141,255
14,10,148,143,141,255
14,11,148,143,142,255
14,12,148,143,141,255
14,13,148,143,141,255
14,14,148,143,140,255
14,15,148,143,140,255
14,16,148,143,140,255
14,17,148,143,140,255
14,18,148,143,140,255
14,19,148,143,140,255
14,20,148,143,141,255
14,21,148,143,141,255
14,22,148,143,141,255
14,23,148,143,140,255
14,24,148,143,140,255
14,25,148,143,140,255
14,26,148,143,141,255
14,27,148,143,140,255
14,28,148,145,141,255
14,29,149,145,141,255
14,30,152,146,141,255
14,31,150,145,140,255
14,32,151,145,139,255
14,33,150,143,134,255
14,34,151,142,131,255
14,35,151,142,130,255
14,36,152,143,130,255
14,37,152,143,130,255
14,38,152,143,130,255
14,39,152,143,129,255
14,40,151,143,128,255
14,41,151,144,129,255
14,42,151,143,126,255
14,43,153,145,128,255
14,44,155,147,129,255
14,45,154,146,128,255
14,46,155,147,128,255
14,47,155,148,131,255
14,48,156,152,138,255
14,49,157,153,145,255
14,50,156,153,145,255
14,51,155,153,147,255
14,52,156,153,147,255
14,53,157,155,148,255
14,54,156,155,148,255
14,55,156,156,149,255
14,56,158,158,150,255
14,57,158,156,150,255
14,58,153,148,141,255
14,59,124,129,125,255
14,60,108,115,109,255
14,61,152,155,146,255
14,62,157,173,182,255
14,63,148,170,185,255
14,64,133,162,180,255
14,65,102,140,155,255
14,66,77,117,128,255
14,67,75,115,125,255
14,68,77,113,121,255
14,69,85,119,125,255
14,70,95,126,127,255
14,71,83,95,104,255
14,72,104,108,115,255
14,73,152,157,160,255
14,74,186,196,206,255
14,75,188,200,209,255
14,76,188,200,210,255
14,77,188,201,210,255
14,78,188,200,210,255
14,79,188,200,210,255
14,80,186,199,210,255
14,81,186,199,209,255
14,82,186,199,209,255
14,83,186,199,209,255
14,84,186,198,209,255
14,85,186,197,209,255
14,86,186,197,208,255
14,87,186,197,209,255
14,88,184,197,208,255
14,89,184,196,207,255
14,90,186,197,208,255
14,91,184,197,208,255
14,92,184,196,208,255
14,93,184,196,208,255
14,94,184,196,208,255
14,95,186,197,208,255
14,96,184,197,209,255
14,97,184,196,208,255
14,98,184,196,207,255
14,99,185,196,207,255
14,100,185,196,206,255
14,101,184,197,208,255
14,102,182,196,207,255
14,103,182,196,207,255
14,104,184,196,208,255
14,105,182,196,208,255
14,106,182,196,208,255
14,107,182,194,206,255
14,108,186,196,206,255
14,109,184,196,207,255
14,110,185,196,206,255
14,111,185,197,206,255
14,112,184,196,205,255
14,113,182,195,206,255
14,114,184,194,205,255
14,115,182,194,205,255
14,116,184,192,203,255
14,117,182,193,205,255
14,118,184,194,206,255
14,119,183,194,205,255
14,120,183,194,205,255
14,121,182,194,205,255
14,122,184,195,206,255
14,123,184,195,206,255
14,124,183,194,205,255
14,125,182,194,205,255
14,126,182,194,205,255
14,127,183,194,205,255
14,128,182,192,205,255
14,129,182,192,205,255
14,130,180,193,204,255
14,131,180,193,204,255
14,132,184,194,205,255
14,133,185,195,206,255
14,134,185,195,206,255
14,135,185,197,208,255
14,136,185,197,208,255
14,137,184,196,206,255
14,138,184,196,206,255
14,139,184,196,206,255
14,140,184,195,205,255
14,141,184,195,205,255
14,142,182,193,203,255
14,143,182,193,203,255
15,0,147,141,137,255
15,1,147,141,137,255
15,2,148,143,141,255
15,3,148,142,140,255
15,4,148,142,140,255
15,5,148,143,141,255
15,6,148,143,141,255
15,7,148,143,142,255
15,8,148,143,142,255
15,9,148,143,142,255
15,10,148,143,142,255
15,11,148,143,142,255
15,12,148,143,142,255
15,13,148,143,141,255
15,14,148,143,140,255
15,15,148,143,140,255
15,16,148,143,140,255
15,17,148,143,140,255
15,18,148,143,140,255
15,19,148,143,141,255
15,20,148,144,141,255
15,21,148,143,141,255
15,22,148,144,141,255
15,23,148,143,141,255
15,24,148,144,141,255
15,25,148,143,140,255
15,26,148,143,140,255
15,27,148,144,141,255
15,28,148,145,141,255
15,29,149,145,141,255
15,30,149,145,141,255
15,31,152,146,141,255
15,32,151,145,139,255
15,33,152,144,135,255
15,34,151,142,131,255
15,35,151,142,130,255
15,36,151,142,129,255
15,37,151,142,129,255
15,38,153,144,130,255
15,39,153,144,130,255
15,40,151,143,128,255
15,41,151,144,129,255
15,42,152,144,127,255
15,43,153,145,128,255
15,44,155,147,130,255
15,45,155,147,129,255
15,46,155,147,128,255
15,47,155,148,131,255
15,48,156,152,138,255
15,49,157,153,145,255
15,50,157,153,145,255
15,51,155,153,147,255
15,52,157,154,148,255
15,53,156,155,148,255
15,54,156,155,148,255
15,55,157,157,150,255
15,56,158,159,153,255
15,57,148,160,157,255
15,58,106,130,134,255
15,59,93,130,127,255
15,60,108,115,109,255
15,61,152,155,146,255
15,62,157,173,182,255
15,63,148,170,185,255
15,64,133,162,180,255
15,65,102,140,155,255
15,66,85,117,121,255
15,67,83,124,133,255
15,68,79,128,138,255
15,69,79,126,133,255
15,70,75,110,119,255
15,71,53,69,88,255
15,72,56,69,88,255
15,73,88,99,113,255
15,74,177,190,202,255
15,75,188,200,209,255
15,76,188,201,210,255
15,77,188,201,210,255
15,78,188,200,210,255
15,79,188,200,210,255
15,80,186,199,210,255
15,81,186,199,209,255
15,82,186,199,209,255
15,83,186,199,209,255
15,84,186,199,209,255
15,85,187,199,210,255
15,86,186,197,209,255
15,87,186,197,209,255
15,88,185,197,208,255
15,89,184,196,208,255
15,90,184,197,207,255
15,91,185,197,209,255
15,92,184,196,208,255
15,93,184,196,208,255
15,94,184,196,208,255
15,95,186,197,208,255
15,96,184,197,209,255
15,97,185,197,208,255
15,98,184,196,207,255
15,99,186,197,208,255
15,100,186,197,207,255
15,101,184,197,208,255
15,102,182,196,207,255
15,103,182,196,207,255
15,104,184,197,209,255
15,105,184,197,209,255
15,106,184,196,207,255
15,107,184,196,207,255
15,108,186,196,206,255
15,109,184,196,207,255
15,110,184,195,205,255
15,111,182,196,206,255
15,112,182,195,206,255
15,113,184,194,205,255
15,114,184,194,205,255
15,115,182,194,205,255
15,116,184,194,205,255
15,117,184,194,206,255
15,118,183,194,205,255
15,119,185,196,206,255
15,120,182,195,206,255
15,121,182,196,207,255
15,122,184,195,206,255
15,123,184,195,206,255
15,124,183,194,205,255
15,125,182,194,205,255
15,126,182,194,205,255
15,127,182,193,205,255
15,128,182,192,205,255
15,129,182,192,205,255
15,130,184,195,206,255
15,131,184,194,205,255
15,132,184,194,205,255
15,133,186,196,207,255
15,134,186,196,207,255
15,135,185,197,208,255
15,136,182,197,208,255
15,137,184,196,206,255
15,138,184,196,206,255
15,139,184,195,205,255
15,140,184,195,205,255
15,141,180,194,205,255
15,142,182,193,203,255
15,143,182,193,203,255
16,0,147,140,138,255
16,1,147,141,137,255
16,2,147,141,137,255
16,3,148,143,141,255
16,4,148,142,140,255
16,5,148,144,142,255
16,6,148,144,142,255
16,7,148,143,142,255
16,8,148,143,142,255
16,9,148,143,142,255
16,10,148,143,142,255
16,11,148,143,142,255
16,12,148,143,142,255
16,13,148,143,141,255
16,14,148,144,141,255
16,15,148,144,141,255
16,16,148,143,140,255
16,17,148,143,140,255
16,18,148,143,140,255
16,19,148,143,141,255
16,20,148,144,141,255
16,21,148,144,141,255
16,22,148,144,142,255
16,23,148,143,141,255
16,24,148,144,141,255
16,25,148,144,141,255
16,26,148,144,141,255
16,27,148,144,141,255
16,28,148,145,141,255
16,29,150,146,142,255
16,30,150,146,142,255
16,31,152,147,141,255
16,32,151,145,139,255
16,33,152,144,135,255
16,34,152,143,131,255
16,35,152,142,129,255
16,36,152,143,130,255
16,37,152,143,130,255
16,38,153,144,130,255
16,39,153,144,130,255
16,40,153,144,129,255
16,41,154,146,132,255
16,42,154,145,130,255
16,43,154,146,128,255
16,44,155,147,130,255
16,45,155,147,129,255
16,46,155,147,128,255
16,47,155,148,131,255
16,48,157,152,137,255
16,49,157,154,144,255
16,50,157,154,144,255
16,51,155,153,147,255
16,52,157,154,148,255
16,53,157,155,148,255
16,54,157,156,149,255
16,55,157,157,150,255
16,56,158,159,153,255
16,57,148,160,157,255
16,58,106,130,134,255
16,59,93,130,127,255
16,60,73,104,90,255
16,61,114,129,129,255
16,62,153,176,186,255
16,63,152,174,189,255
16,64,152,177,193,255
16,65,131,155,169,255
16,66,69,91,93,255
16,67,86,128,129,255
16,68,109,156,154,255
16,69,106,141,134,255
16,70,83,108,104,255
16,71,50,64,85,255
16,72,50,61,83,255
16,73,81,91,105,255
16,74,171,186,199,255
16,75,188,200,209,255
16,76,189,202,210,255
16,77,189,202,210,255
16,78,189,200,210,255
16,79,188,200,210,255
16,80,186,199,210,255
16,81,187,199,210,255
16,82,186,200,210,255
16,83,187,200,210,255
16,84,186,199,209,255
16,85,187,199,210,255
16,86,186,197,209,255
16,87,186,197,209,255
16,88,185,197,208,255
16,89,185,197,209,255
16,90,185,197,208,255
16,91,185,197,209,255
16,92,184,196,208,255
16,93,184,196,207,255
16,94,184,196,207,255
16,95,186,197,208,255
16,96,184,197,209,255
16,97,185,197,208,255
16,98,184,196,207,255
16,99,186,197,208,255
16,100,186,197,208,255
16,101,186,198,208,255
16,102,183,196,208,255
16,103,184,197,208,255
16,104,184,197,209,255
16,105,184,197,209,255
16,106,186,196,207,255
16,107,186,196,207,255
16,108,187,196,206,255
16,109,182,195,206,255
16,110,184,195,205,255
16,111,182,196,206,255
16,112,181,196,208,255
16,113,182,195,206,255
16,114,182,195,206,255
16,115,182,194,205,255
16,116,183,195,206,255
16,117,186,196,207,255
16,118,185,196,206,255
16,119,185,196,206,255
16,120,182,195,206,255
16,121,182,196,206,255
16,122,184,195,206,255
16,123,184,195,206,255
16,124,183,194,205,255
16,125,182,194,205,255
16,126,182,194,205,255
16,127,182,193,205,255
16,128,184,194,206,255
16,129,184,194,206,255
16,130,184,195,206,255
16,131,184,196,206,255
16,132,184,196,206,255
16,133,186,196,207,255
16,134,185,196,206,255
16,135,182,197,208,255
16,136,182,197,208,255
16,137,184,196,206,255
16,138,184,196,206,255
16,139,184,195,205,255
16,140,180,194,205,255
16,141,182,193,203,255
16,142,182,193,203,255
16,143,184,194,204,255
17,0,147,140,138,255
17,1,147,140,138,255
17,2,147,140,138,255
17,3,148,143,141,255
17,4,148,143,141,255
17,5,148,144,142,255
17,6,148,144,142,255
17,7,148,144,143,255
17,8,148,143,142,255
17,9,148,143,142,255
17,10,148,143,142,255
17,11,148,143,142,255
17,12,148,143,142,255
17,13,148,144,142,255
17,14,148,143,141,255
17,15,148,144,141,255
17,16,148,144,140,255
17,17,148,144,140,255
17,18,148,143,140,255
17,19,148,143,141,255
17,20,148,144,141,255
17,21,148,144,141,255
17,22,148,144,142,255
17,23,148,144,141,255
17,24,148,144,141,255
17,25,148,144,141,255
17,26,148,144,141,255
17,27,148,144,141,255
17,28,148,145,141,255
17,29,150,146,142,255
17,30,150,146,142,255
17,31,152,147,141,255
17,32,152,147,140,255
17,33,152,145,136,255
17,34,152,143,130,255
17,35,152,142,128,255
17,36,152,143,130,255
17,37,152,143,130,255
17,38,151,143,129,255
17,39,154,144,130,255
17,40,154,144,129,255
17,41,154,147,133,255
17,42,154,147,132,255
17,43,154,146,128,255
17,44,155,147,130,255
17,45,155,147,129,255
17,46,155,147,128,255
17,47,155,149,132,255
17,48,157,152,137,255
17,49,157,152,137,255
17,50,159,154,142,255
17,51,156,154,148,255
17,52,157,154,148,255
17,53,157,155,148,255
17,54,157,156,149,255
17,55,157,157,150,255
17,56,151,163,156,255
17,57,130,175,167,255
17,58,91,155,154,255
17,59,99,160,147,255
17,60,59,109,104,255
17,61,104,130,131,255
17,62,159,180,189,255
17,63,163,180,192,255
17,64,163,184,197,255
17,65,139,161,174,255
17,66,46,64,71,255
17,67,79,119,105,255
17,68,115,159,141,255
17,69,88,118,108,255
17,70,42,71,81,255
17,71,50,64,85,255
17,72,46,61,83,255
17,73,77,86,101,255
17,74,167,182,193,255
17,75,188,199,208,255
17,76,189,202,210,255
17,77,189,202,211,255
17,78,189,201,211,255
17,79,189,200,210,255
17,80,187,200,210,255
17,81,187,199,210,255
17,82,187,200,210,255
17,83,187,200,210,255
17,84,187,199,210,255
17,85,186,199,210,255
17,86,186,198,209,255
17,87,187,198,209,255
17,88,185,197,209,255
17,89,185,197,209,255
17,90,185,197,208,255
17,91,185,197,209,255
17,92,186,197,208,255
17,93,185,197,208,255
17,94,186,199,209,255
17,95,186,199,209,255
17,96,185,198,209,255
17,97,185,197,209,255
17,98,186,197,208,255
17,99,186,197,208,255
17,100,186,197,208,255
17,101,186,198,209,255
17,102,184,197,208,255
17,103,185,197,209,255
17,104,183,197,209,255
17,105,185,198,209,255
17,106,186,196,207,255
17,107,186,196,207,255
17,108,186,196,206,255
17,109,183,196,206,255
17,110,183,195,205,255
17,111,183,197,208,255
17,112,181,196,208,255
17,113,182,196,206,255
17,114,182,196,206,255
17,115,182,194,205,255
17,116,183,195,206,255
17,117,186,196,207,255
17,118,184,196,207,255
17,119,184,196,207,255
17,120,184,196,207,255
17,121,182,196,206,255
17,122,184,195,206,255
17,123,184,195,206,255
17,124,184,194,206,255
17,125,182,194,205,255
17,126,182,194,205,255
17,127,182,194,205,255
17,128,184,194,206,255
17,129,184,195,206,255
17,130,187,197,206,255
17,131,184,196,206,255
17,132,184,196,206,255
17,133,185,196,206,255
17,134,185,196,206,255
17,135,182,197,208,255
17,136,182,196,207,255
17,137,184,196,206,255
17,138,184,196,206,255
17,139,180,194,205,255
17,140,180,194,205,255
17,141,184,194,204,255
17,142,184,194,204,255
17,143,184,194,204,255
18,0,148,140,137,255
18,1,147,140,138,255
18,2,147,140,138,255
18,3,149,144,142,255
18,4,148,143,141,255
18,5,148,143,141,255
18,6,148,144,142,255
18,7,148,144,142,255
18,8,148,144,143,255
18,9,148,144,143,255
18,10,148,143,142,255
18,11,148,144,142,255
18,12,148,144,142,255
18,13,148,144,142,255
18,14,148,144,142,255
18,15,148,144,141,255
18,16,148,144,140,255
18,17,148,144,140,255
18,18,148,144,140,255
18,19,148,144,141,255
18,20,148,143,141,255
18,21,148,144,141,255
18,22,148,144,141,255
18,23,149,144,142,255
18,24,148,144,141,255
18,25,148,144,141,255
18,26,148,144,141,255
18,27,148,144,141,255
18,28,148,145,141,255
18,29,150,146,142,255
18,30,150,146,142,255
18,31,152,146,141,255
18,32,152,146,140,255
18,33,152,145,136,255
18,34,152,143,130,255
18,35,152,142,128,255
18,36,152,143,129,255
18,37,152,143,129,255
18,38,152,143,129,255
18,39,154,144,129,255
18,40,154,144,129,255
18,41,154,147,133,255
18,42,154,147,132,255
18,43,154,146,129,255
18,44,154,147,130,255
18,45,155,148,130,255
18,46,155,148,128,255
18,47,155,148,131,255
18,48,157,152,137,255
18,49,157,152,137,255
18,50,159,154,142,255
18,51,156,154,148,255
18,52,157,155,148,255
18,53,157,155,148,255
18,54,158,157,150,255
18,55,158,158,150,255
18,56,157,164,155,255
18,57,139,182,165,255
18,58,128,185,167,255
18,59,120,180,162,255
18,60,90,139,130,255
18,61,129,147,148,255
18,62,155,184,192,255
18,63,166,182,191,255
18,64,167,180,188,255
18,65,139,161,174,255
18,66,46,64,71,255
18,67,79,119,105,255
18,68,115,159,141,255
18,69,88,118,108,255
18,70,42,71,81,255
18,71,50,64,85,255
18,72,46,61,83,255
18,73,77,86,101,255
18,74,167,182,193,255
18,75,188,199,208,255
18,76,189,202,210,255
18,77,189,202,211,255
18,78,189,201,211,255
18,79,189,201,211,255
18,80,188,200,210,255
18,81,187,200,210,255
18,82,187,200,210,255
18,83,188,200,210,255
18,84,188,199,210,255
18,85,187,200,210,255
18,86,187,199,210,255
18,87,187,198,209,255
18,88,186,200,212,255
18,89,186,202,214,255
18,90,186,198,210,255
18,91,185,197,209,255
18,92,186,197,208,255
18,93,185,197,208,255
18,94,186,199,209,255
18,95,186,198,209,255
18,96,186,198,209,255
18,97,185,197,208,255
18,98,187,197,208,255
18,99,186,197,208,255
18,100,187,197,208,255
18,101,186,198,209,255
18,102,184,197,208,255
18,103,186,198,209,255
18,104,184,198,208,255
18,105,185,198,208,255
18,106,187,197,207,255
18,107,187,197,207,255
18,108,186,196,206,255
18,109,183,196,206,255
18,110,184,196,206,255
18,111,183,197,208,255
18,112,182,197,208,255
18,113,182,196,206,255
18,114,182,196,206,255
18,115,183,194,205,255
18,116,183,196,206,255
18,117,184,196,208,255
18,118,184,196,207,255
18,119,184,196,207,255
18,120,183,196,207,255
18,121,182,196,206,255
18,122,184,195,206,255
18,123,184,194,206,255
18,124,184,195,206,255
18,125,181,194,205,255
18,126,182,194,205,255
18,127,182,194,205,255
18,128,187,196,206,255
18,129,187,197,206,255
18,130,187,197,206,255
18,131,184,196,206,255
18,132,184,196,206,255
18,133,185,196,206,255
18,134,182,196,207,255
18,135,182,196,207,255
18,136,184,196,206,255
18,137,182,194,206,255
18,138,180,194,205,255
18,139,180,194,205,255
18,140,181,194,205,255
18,141,184,194,204,255
18,142,184,194,204,255
18,143,184,194,203,255
19,0,148,140,137,255
19,1,148,141,138,255
19,2,148,141,138,255
19,3,147,140,138,255
19,4,149,144,142,255
19,5,148,143,141,255
19,6,148,144,142,255
19,7,148,144,142,255
19,8,148,144,143,255
19,9,148,144,143,255
19,10,148,144,143,255
19,11,148,144,143,255
19,12,148,144,142,255
19,13,148,144,142,255
19,14,148,144,142,255
19,15,148,144,141,255
19,16,149,144,141,255
19,17,149,144,141,255
19,18,149,144,140,255
19,19,148,144,141,255
19,20,148,144,141,255
19,21,149,144,142,255
19,22,149,145,142,255
19,23,149,144,142,255
19,24,149,144,142,255
19,25,149,145,142,255
19,26,149,144,142,255
19,27,148,144,141,255
19,28,148,145,141,255
19,29,148,145,141,255
19,30,150,146,142,255
19,31,152,147,142,255
19,32,152,146,140,255
19,33,152,145,136,255
19,34,152,142,130,255
19,35,152,142,128,255
19,36,152,142,128,255
19,37,153,143,129,255
19,38,153,143,128,255
19,39,154,144,129,255
19,40,154,144,129,255
19,41,155,147,134,255
19,42,155,148,135,255
19,43,155,147,131,255
19,44,154,147,130,255
19,45,155,148,129,255
19,46,155,148,128,255
19,47,155,148,131,255
19,48,157,152,137,255
19,49,157,152,137,255
19,50,160,155,143,255
19,51,156,154,148,255
19,52,158,155,148,255
19,53,158,155,149,255
19,54,158,157,150,255
19,55,158,158,151,255
19,56,160,161,154,255
19,57,157,166,155,255
19,58,142,173,155,255
19,59,120,180,162,255
19,60,90,139,130,255
19,61,129,147,148,255
19,62,155,184,192,255
19,63,166,182,191,255
19,64,167,180,188,255
19,65,138,154,161,255
19,66,38,56,61,255
19,67,46,79,71,255
19,68,86,117,104,255
19,69,50,81,79,255
19,70,38,66,79,255
19,71,50,64,86,255
19,72,50,61,83,255
19,73,71,83,96,255
19,74,165,178,190,255
19,75,188,199,209,255
19,76,189,202,210,255
19,77,189,202,211,255
19,78,189,200,211,255
19,79,189,201,211,255
19,80,188,200,210,255
19,81,187,200,210,255
19,82,187,200,210,255
19,83,188,200,210,255
19,84,188,199,210,255
19,85,187,200,210,255
19,86,188,199,210,255
19,87,187,198,209,255
19,88,194,207,218,255
19,89,200,214,224,255
19,90,189,205,217,255
19,91,186,198,209,255
19,92,186,197,209,255
19,93,186,197,208,255
19,94,186,198,209,255
19,95,186,198,209,255
19,96,186,198,209,255
19,97,185,197,208,255
19,98,187,197,208,255
19,99,186,197,208,255
19,100,186,197,208,255
19,101,186,199,209,255
19,102,185,197,208,255
19,103,186,198,209,255
19,104,184,198,208,255
19,105,186,197,207,255
19,106,187,197,208,255
19,107,185,196,206,255
19,108,185,196,206,255
19,109,183,196,206,255
19,110,184,196,206,255
19,111,183,197,208,255
19,112,184,197,208,255
19,113,182,196,206,255
19,114,183,194,205,255
19,115,183,194,205,255
19,116,183,196,206,255
19,117,184,196,208,255
19,118,183,195,208,255
19,119,183,196,207,255
19,120,183,196,207,255
19,121,181,194,205,255
19,122,182,194,205,255
19,123,184,195,206,255
19,124,184,195,206,255
19,125,183,194,204,255
19,126,184,195,205,255
19,127,184,195,205,255
19,128,187,196,206,255
19,129,184,197,207,255
19,130,184,197,207,255
19,131,184,196,206,255
19,132,184,196,206,255
19,133,184,196,206,255
19,134,182,196,207,255
19,135,182,196,207,255
19,136,182,194,206,255
19,137,182,194,206,255
19,138,180,194,205,255
19,139,181,194,205,255
19,140,184,194,204,255
19,141,183,194,204,255
19,142,183,194,204,255
19,143,184,194,203,255
20,0,148,141,137,255
20,1,148,141,138,255
20,2,148,141,138,255
20,3,148,141,138,255
20,4,149,144,142,255
20,5,149,144,142,255
20,6,148,144,143,255
20,7,148,144,142,255
20,8,148,144,143,255
20,9,148,144,143,255
20,10,148,144,143,255
20,11,148,144,143,255
20,12,148,144,143,255
20,13,148,144,143,255
20,14,148,144,142,255
20,15,149,144,142,255
20,16,148,144,141,255
20,17,149,144,141,255
20,18,149,144,140,255
20,19,149,144,141,255
20,20,149,144,141,255
20,21,149,144,142,255
20,22,149,145,142,255
20,23,149,144,142,255
20,24,149,144,142,255
20,25,149,144,142,255
20,26,149,144,142,255
20,27,149,145,142,255
20,28,150,146,143,255
20,29,150,146,143,255
20,30,151,146,142,255
20,31,152,147,142,255
20,32,153,147,141,255
20,33,152,145,136,255
20,34,152,143,131,255
20,35,151,141,127,255
20,36,151,141,127,255
20,37,153,143,129,255
20,38,153,143,128,255
20,39,153,144,129,255
20,40,152,143,128,255
20,41,155,147,134,255
20,42,155,148,136,255
20,43,155,148,134,255
20,44,154,147,130,255
20,45,155,148,129,255
20,46,155,148,129,255
20,47,156,149,131,255
20,48,157,152,136,255
20,49,157,152,136,255
20,50,160,155,143,255
20,51,156,155,148,255
20,52,159,155,149,255
20,53,159,156,150,255
20,54,159,157,150,255
20,55,158,158,151,255
20,56,160,161,154,255
20,57,157,166,155,255
20,58,142,173,155,255
20,59,129,172,148,255
20,60,109,137,131,255
20,61,144,157,152,255
20,62,155,180,184,255
20,63,163,171,173,255
20,64,147,153,154,255
20,65,109,122,126,255
20,66,38,66,75,255
20,67,34,69,75,255
20,68,42,77,77,255
20,69,42,73,75,255
20,70,42,69,83,255
20,71,50,64,86,255
20,72,46,59,83,255
20,73,64,77,91,255
20,74,150,173,187,255
20,75,186,199,209,255
20,76,189,202,211,255
20,77,189,202,211,255
20,78,189,200,210,255
20,79,189,201,211,255
20,80,188,200,211,255
20,81,188,200,210,255
20,82,188,201,211,255
20,83,188,200,210,255
20,84,188,199,210,255
20,85,187,200,210,255
20,86,188,199,210,255
20,87,187,198,209,255
20,88,194,207,218,255
20,89,215,222,229,255
20,90,203,216,226,255
20,91,187,203,215,255
20,92,186,199,210,255
20,93,186,198,208,255
20,94,186,198,209,255
20,95,186,198,209,255
20,96,186,197,209,255
20,97,186,197,208,255
20,98,187,197,208,255
20,99,186,197,208,255
20,100,189,198,208,255
20,101,186,199,209,255
20,102,187,197,209,255
20,103,186,197,209,255
20,104,186,197,208,255
20,105,186,197,207,255
20,106,187,197,208,255
20,107,185,197,206,255
20,108,185,197,206,255
20,109,186,197,206,255
20,110,187,197,208,255
20,111,185,197,208,255
20,112,184,197,208,255
20,113,183,196,205,255
20,114,183,195,205,255
20,115,183,195,205,255
20,116,183,196,206,255
20,117,184,196,208,255
20,118,182,196,208,255
20,119,181,195,206,255
20,120,181,195,206,255
20,121,181,194,205,255
20,122,182,194,205,255
20,123,184,194,205,255
20,124,184,194,205,255
20,125,183,194,204,255
20,126,184,195,205,255
20,127,183,196,206,255
20,128,183,196,206,255
20,129,184,197,207,255
20,130,183,196,206,255
20,131,186,196,206,255
20,132,184,196,206,255
20,133,184,196,206,255
20,134,183,196,206,255
20,135,183,196,206,255
20,136,182,194,206,255
20,137,181,194,206,255
20,138,181,194,205,255
20,139,181,194,205,255
20,140,183,194,204,255
20,141,183,194,204,255
20,142,183,194,204,255
20,143,178,193,203,255
21,0,148,141,137,255
21,1,148,141,137,255
21,2,148,141,138,255
21,3,148,141,138,255
21,4,149,144,142,255
21,5,149,144,142,255
21,6,148,144,143,255
21,7,148,144,143,255
21,8,149,144,144,255
21,9,148,144,143,255
21,10,148,144,143,255
21,11,148,144,143,255
21,12,148,144,143,255
21,13,148,144,143,255
21,14,148,144,143,255
21,15,149,144,142,255
21,16,149,144,142,255
21,17,148,144,141,255
21,18,149,144,140,255
21,19,149,145,142,255
21,20,149,144,141,255
21,21,149,145,143,255
21,22,149,145,142,255
21,23,149,145,142,255
21,24,149,144,142,255
21,25,149,144,142,255
21,26,149,145,142,255
21,27,150,146,143,255
21,28,150,146,143,255
21,29,150,146,143,255
21,30,151,146,142,255
21,31,153,147,142,255
21,32,153,147,141,255
21,33,153,146,137,255
21,34,153,144,131,255
21,35,151,141,127,255
21,36,151,141,127,255
21,37,152,142,129,255
21,38,152,143,127,255
21,39,152,143,128,255
21,40,153,144,129,255
21,41,155,147,133,255
21,42,155,148,136,255
21,43,155,148,134,255
21,44,155,148,130,255
21,45,155,147,129,255
21,46,155,148,128,255
21,47,156,148,131,255
21,48,158,152,137,255
21,49,158,152,137,255
21,50,160,155,143,255
21,51,157,155,148,255
21,52,159,155,149,255
21,53,159,156,150,255
21,54,159,157,150,255
21,55,158,158,151,255
21,56,160,158,151,255
21,57,156,152,146,255
21,58,137,140,134,255
21,59,91,126,122,255
21,60,101,121,124,255
21,61,138,144,141,255
21,62,136,159,155,255
21,63,119,129,129,255
21,64,91,108,109,255
21,65,66,91,98,255
21,66,50,86,93,255
21,67,53,95,105,255
21,68,42,83,86,255
21,69,42,81,83,255
21,70,50,69,86,255
21,71,50,64,85,255
21,72,46,59,83,255
21,73,56,69,86,255
21,74,133,163,181,255
21,75,187,199,209,255
21,76,190,203,211,255
21,77,190,203,213,255
21,78,189,201,211,255
21,79,190,202,211,255
21,80,188,200,211,255
21,81,188,200,211,255
21,82,189,201,211,255
21,83,188,201,211,255
21,84,188,200,210,255
21,85,188,200,211,255
21,86,188,199,211,255
21,87,189,199,210,255
21,88,202,210,218,255
21,89,215,222,229,255
21,90,203,216,226,255
21,91,187,203,215,255
21,92,186,200,212,255
21,93,186,199,209,255
21,94,186,199,209,255
21,95,186,199,209,255
21,96,186,197,209,255
21,97,187,197,207,255
21,98,186,197,208,255
21,99,186,197,209,255
21,100,189,198,208,255
21,101,186,199,209,255
21,102,186,198,209,255
21,103,186,197,208,255
21,104,184,197,207,255
21,105,189,197,206,255
21,106,186,197,208,255
21,107,185,197,206,255
21,108,185,197,206,255
21,109,187,197,206,255
21,110,187,199,209,255
21,111,184,197,208,255
21,112,184,197,208,255
21,113,183,196,205,255
21,114,183,195,205,255
21,115,182,196,207,255
21,116,184,196,208,255
21,117,185,197,208,255
21,118,182,196,208,255
21,119,181,195,206,255
21,120,182,196,208,255
21,121,182,195,206,255
21,122,184,194,206,255
21,123,184,194,205,255
21,124,185,194,205,255
21,125,183,195,205,255
21,126,183,196,206,255
21,127,183,196,206,255
21,128,182,196,207,255
21,129,183,196,206,255
21,130,183,196,206,255
21,131,186,196,206,255
21,132,183,195,205,255
21,133,183,195,205,255
21,134,183,196,206,255
21,135,180,194,206,255
21,136,181,194,206,255
21,137,181,194,206,255
21,138,180,194,205,255
21,139,180,194,205,255
21,140,183,194,204,255
21,141,179,193,205,255
21,142,178,193,203,255
21,143,178,193,203,255
22,0,148,142,138,255
22,1,148,141,137,255
22,2,148,141,138,255
22,3,148,141,138,255
22,4,149,144,142,255
22,5,149,144,142,255
22,6,149,144,142,255
22,7,149,145,144,255
22,8,149,144,144,255
22,9,149,144,144,255
22,10,149,145,144,255
22,11,148,144,143,255
22,12,148,144,143,255
22,13,148,144,143,255
22,14,148,144,143,255
22,15,149,144,142,255
22,16,149,144,142,255
22,17,149,144,141,255
22,18,149,144,140,255
22,19,149,145,142,255
22,20,149,145,142,255
22,21,150,145,143,255
22,22,149,145,143,255
22,23,149,145,142,255
22,24,149,145,142,255
22,25,149,145,142,255
22,26,150,146,143,255
22,27,150,146,143,255
22,28,150,146,143,255
22,29,150,146,143,255
22,30,151,147,142,255
22,31,153,148,142,255
22,32,153,148,141,255
22,33,153,146,137,255
22,34,153,144,131,255
22,35,151,142,128,255
22,36,151,142,128,255
22,37,153,143,129,255
22,38,153,143,128,255
22,39,153,144,128,255
22,40,153,144,129,255
22,41,155,147,133,255
22,42,156,149,137,255
22,43,156,148,136,255
22,44,155,147,130,255
22,45,155,148,129,255
22,46,155,148,129,255
22,47,156,148,131,255
22,48,156,148,131,255
22,49,158,152,137,255
22,50,160,155,143,255
22,51,157,155,148,255
22,52,159,155,149,255
22,53,159,156,150,255
22,54,158,156,150,255
22,55,159,158,151,255
22,56,148,155,150,255
22,57,109,140,144,255
22,58,90,128,137,255
22,59,77,127,138,255
22,60,79,121,130,255
22,61,91,130,135,255
22,62,88,128,128,255
22,63,71,102,110,255
22,64,61,98,106,255
22,65,56,91,98,255
22,66,59,95,101,255
22,67,71,106,102,255
22,68,53,93,90,255
22,69,59,91,86,255
22,70,46,73,88,255
22,71,50,64,85,255
22,72,46,61,83,255
22,73,50,64,83,255
22,74,133,154,163,255
22,75,186,198,208,255
22,76,189,203,211,255
22,77,191,204,213,255
22,78,190,202,211,255
22,79,190,202,211,255
22,80,190,201,211,255
22,81,189,200,211,255
22,82,189,202,211,255
22,83,189,202,211,255
22,84,189,200,211,255
22,85,189,200,211,255
22,86,189,199,211,255
22,87,188,199,210,255
22,88,197,205,214,255
22,89,215,220,226,255
22,90,215,222,229,255
22,91,199,211,222,255
22,92,186,200,212,255
22,93,186,199,209,255
22,94,186,199,209,255
22,95,186,198,209,255
22,96,186,198,209,255
22,97,186,197,208,255
22,98,186,197,208,255
22,99,186,197,208,255
22,100,188,198,208,255
22,101,186,199,210,255
22,102,186,198,209,255
22,103,186,197,208,255
22,104,184,197,208,255
22,105,189,198,208,255
22,106,187,197,208,255
22,107,185,197,206,255
22,108,185,197,206,255
22,109,187,197,206,255
22,110,187,199,209,255
22,111,184,199,209,255
22,112,182,197,208,255
22,113,184,196,206,255
22,114,182,196,207,255
22,115,182,196,207,255
22,116,184,197,208,255
22,117,186,197,209,255
22,118,182,196,208,255
22,119,182,196,208,255
22,120,182,196,208,255
22,121,182,196,207,255
22,122,184,194,206,255
22,123,185,194,205,255
22,124,185,194,205,255
22,125,183,195,205,255
22,126,185,196,206,255
22,127,182,196,207,255
22,128,182,196,207,255
22,129,183,196,206,255
22,130,185,196,205,255
22,131,185,196,205,255
22,132,183,195,205,255
22,133,181,194,204,255
22,134,180,194,206,255
22,135,180,194,206,255
22,136,182,194,206,255
22,137,180,194,205,255
22,138,180,194,205,255
22,139,180,194,205,255
22,140,179,193,205,255
22,141,179,193,205,255
22,142,178,193,203,255
22,143,179,195,205,255
23,0,148,142,138,255
23,1,148,142,138,255
23,2,148,141,138,255
23,3,148,141,138,255
23,4,148,141,138,255
23,5,149,144,142,255
23,6,149,144,142,255
23,7,149,145,144,255
23,8,149,145,144,255
23,9,149,145,144,255
23,10,149,145,144,255
23,11,149,145,144,255
23,12,148,145,144,255
23,13,148,144,143,255
23,14,149,145,144,255
23,15,150,146,143,255
23,16,150,146,143,255
23,17,149,144,141,255
23,18,149,145,141,255
23,19,149,145,141,255
23,20,149,145,141,255
23,21,150,145,143,255
23,22,149,145,143,255
23,23,149,145,143,255
23,24,150,145,143,255
23,25,149,145,143,255
23,26,150,146,143,255
23,27,150,146,143,255
23,28,150,146,143,255
23,29,150,146,143,255
23,30,152,148,144,255
23,31,153,148,142,255
23,32,153,148,141,255
23,33,154,147,139,255
23,34,153,144,132,255
23,35,153,144,132,255
23,36,152,142,128,255
23,37,153,143,129,255
23,38,153,143,128,255
23,39,153,144,128,255
23,40,153,144,129,255
23,41,155,147,132,255
23,42,156,149,138,255
23,43,157,149,138,255
23,44,155,148,132,255
23,45,155,148,129,255
23,46,155,148,129,255
23,47,156,148,131,255
23,48,156,148,131,255
23,49,158,152,136,255
23,50,160,155,144,255
23,51,159,156,148,255
23,52,160,156,149,255
23,53,160,156,150,255
23,54,159,157,151,255
23,55,160,159,152,255
23,56,159,160,153,255
23,57,145,155,153,255
23,58,114,150,155,255
23,59,114,161,163,255
23,60,86,140,148,255
23,61,91,130,135,255
23,62,88,128,128,255
23,63,71,102,110,255
23,64,61,98,106,255
23,65,56,91,98,255
23,66,59,95,101,255
23,67,71,106,102,255
23,68,53,93,90,255
23,69,59,91,86,255
23,70,46,73,88,255
23,71,50,64,85,255
23,72,46,61,83,255
23,73,50,64,83,255
23,74,133,154,163,255
23,75,186,198,208,255
23,76,189,203,211,255
23,77,191,204,213,255
23,78,190,202,211,255
23,79,190,202,211,255
23,80,190,201,211,255
23,81,189,200,211,255
23,82,189,202,211,255
23,83,189,202,212,255
23,84,189,200,211,255
23,85,189,200,211,255
23,86,189,200,211,255
23,87,189,200,210,255
23,88,188,200,211,255
23,89,204,210,217,255
23,90,215,220,227,255
23,91,208,217,225,255
23,92,190,203,215,255
23,93,187,199,210,255
23,94,187,199,209,255
23,95,186,198,209,255
23,96,186,198,209,255
23,97,187,198,209,255
23,98,186,198,208,255
23,99,185,197,208,255
23,100,188,199,208,255
23,101,188,199,209,255
23,102,186,199,210,255
23,103,184,197,208,255
23,104,184,197,208,255
23,105,189,198,208,255
23,106,186,197,208,255
23,107,186,197,208,255
23,108,186,197,208,255
23,109,186,197,208,255
23,110,187,199,209,255
23,111,184,199,209,255
23,112,182,197,208,255
23,113,182,195,207,255
23,114,184,196,208,255
23,115,184,197,208,255
23,116,184,197,208,255
23,117,186,197,209,255
23,118,184,197,209,255
23,119,184,198,209,255
23,120,182,196,207,255
23,121,182,196,207,255
23,122,184,194,206,255
23,123,185,196,206,255
23,124,185,196,206,255
23,125,185,196,206,255
23,126,185,196,206,255
23,127,182,196,206,255
23,128,182,196,206,255
23,129,182,195,206,255
23,130,185,196,205,255
23,131,183,193,203,255
23,132,181,194,204,255
23,133,181,194,204,255
23,134,182,195,207,255
23,135,182,194,206,255
23,136,182,194,206,255
23,137,180,194,205,255
23,138,180,194,206,255
23,139,179,193,205,255
23,140,179,193,205,255
23,141,180,195,206,255
23,142,179,195,205,255
23,143,179,195,205,255
24,0,148,142,140,255
24,1,148,142,140,255
24,2,148,142,138,255
24,3,148,141,138,255
24,4,148,141,138,255
24,5,149,144,142,255
24,6,149,144,142,255
24,7,149,145,144,255
24,8,149,145,144,255
24,9,149,145,144,255
24,10,149,145,144,255
24,11,148,145,144,255
24,12,148,145,144,255
24,13,148,145,144,255
24,14,148,145,144,255
24,15,150,146,144,255
24,16,150,146,143,255
24,17,150,145,143,255
24,18,149,145,141,255
24,19,149,145,141,255
24,20,149,145,141,255
24,21,149,145,143,255
24,22,150,146,144,255
24,23,150,146,144,255
24,24,150,145,143,255
24,25,149,145,143,255
24,26,149,145,143,255
24,27,150,146,143,255
24,28,150,146,143,255
24,29,150,146,143,255
24,30,152,148,144,255
24,31,154,148,143,255
24,32,153,148,142,255
24,33,154,147,140,255
24,34,154,145,134,255
24,35,154,145,134,255
24,36,152,142,128,255
24,37,153,143,129,255
24,38,153,143,128,255
24,39,154,144,128,255
24,40,154,145,129,255
24,41,155,146,131,255
24,42,156,149,137,255
24,43,156,150,139,255
24,44,155,148,132,255
24,45,155,148,129,255
24,46,155,148,129,255
24,47,157,149,131,255
24,48,157,149,131,255
24,49,158,152,136,255
24,50,160,156,143,255
24,51,160,157,148,255
24,52,159,156,149,255
24,53,159,156,150,255
24,54,160,158,151,255
24,55,159,159,152,255
24,56,160,161,154,255
24,57,145,155,153,255
24,58,114,150,155,255
24,59,114,161,163,255
24,60,86,140,148,255
24,61,85,128,136,255
24,62,81,121,130,255
24,63,71,110,120,255
24,64,73,110,118,255
24,65,61,99,104,255
24,66,61,99,102,255
24,67,56,91,83,255
24,68,56,90,79,255
24,69,53,90,79,255
24,70,53,73,91,255
24,71,50,64,86,255
24,72,46,59,83,255
24,73,46,61,85,255
24,74,101,117,128,255
24,75,186,197,207,255
24,76,190,203,212,255
24,77,191,203,212,255
24,78,190,202,212,255
24,79,190,202,211,255
24,80,189,201,211,255
24,81,189,201,211,255
24,82,189,202,211,255
24,83,189,202,212,255
24,84,189,200,211,255
24,85,189,200,211,255
24,86,189,200,211,255
24,87,189,200,211,255
24,88,188,200,211,255
24,89,187,200,211,255
24,90,207,213,220,255
24,91,208,215,222,255
24,92,192,203,215,255
24,93,187,199,210,255
24,94,187,199,209,255
24,95,186,198,209,255
24,96,186,198,209,255
24,97,187,198,209,255
24,98,186,198,208,255
24,99,185,197,208,255
24,100,189,199,209,255
24,101,186,200,209,255
24,102,186,200,210,255
24,103,186,198,209,255
24,104,186,198,209,255
24,105,189,198,208,255
24,106,186,197,208,255
24,107,186,197,208,255
24,108,189,199,209,255
24,109,189,199,209,255
24,110,188,199,209,255
24,111,184,199,209,255
24,112,182,196,208,255
24,113,182,195,207,255
24,114,184,197,209,255
24,115,184,197,209,255
24,116,184,197,209,255
24,117,182,197,209,255
24,118,184,197,209,255
24,119,184,198,209,255
24,120,184,197,208,255
24,121,184,197,208,255
24,122,185,196,206,255
24,123,185,196,206,255
24,124,187,196,206,255
24,125,187,196,206,255
24,126,182,195,206,255
24,127,182,196,206,255
24,128,182,195,206,255
24,129,182,194,205,255
24,130,183,193,203,255
24,131,183,193,203,255
24,132,184,196,206,255
24,133,182,195,207,255
24,134,182,195,207,255
24,135,182,194,206,255
24,136,184,196,207,255
24,137,180,194,206,255
24,138,180,194,206,255
24,139,180,195,206,255
24,140,180,195,206,255
24,141,179,195,205,255
24,142,181,195,206,255
24,143,181,195,206,255
25,0,148,142,140,255
25,1,148,142,140,255
25,2,148,142,140,255
25,3,148,142,139,255
25,4,148,141,138,255
25,5,149,144,142,255
25,6,149,144,142,255
25,7,149,145,144,255
25,8,149,145,144,255
25,9,150,146,145,255
25,10,149,145,144,255
25,11,148,145,144,255
25,12,150,145,145,255
25,13,150,145,145,255
25,14,148,145,144,255
25,15,148,145,144,255
25,16,150,146,144,255
25,17,149,146,143,255
25,18,149,145,141,255
25,19,149,145,141,255
25,20,150,145,142,255
25,21,150,145,143,255
25,22,150,145,144,255
25,23,150,146,144,255
25,24,149,145,143,255
25,25,150,146,143,255
25,26,150,147,144,255
25,27,150,147,144,255
25,28,150,146,143,255
25,29,150,146,143,255
25,30,152,148,144,255
25,31,154,148,143,255
25,32,154,148,143,255
25,33,154,148,141,255
25,34,154,145,134,255
25,35,154,145,134,255
25,36,151,142,128,255
25,37,154,144,129,255
25,38,154,144,129,255
25,39,154,144,128,255
25,40,154,145,129,255
25,41,155,147,131,255
25,42,156,149,137,255
25,43,156,150,139,255
25,44,157,149,134,255
25,45,155,148,129,255
25,46,156,148,129,255
25,47,158,150,131,255
25,48,158,150,131,255
25,49,159,152,135,255
25,50,160,156,142,255
25,51,160,157,148,255
25,52,160,157,150,255
25,53,160,157,151,255
25,54,160,158,151,255
25,55,159,159,152,255
25,56,160,161,154,255
25,57,162,166,160,255
25,58,151,176,168,255
25,59,134,178,168,255
25,60,118,155,150,255
25,61,86,129,136,255
25,62,83,125,133,255
25,63,79,121,130,255
25,64,75,115,122,255
25,65,64,98,96,255
25,66,66,102,98,255
25,67,64,93,75,255
25,68,59,90,71,255
25,69,56,90,75,255
25,70,53,73,88,255
25,71,50,64,86,255
25,72,46,59,83,255
25,73,50,64,86,255
25,74,83,98,112,255
25,75,177,192,202,255
25,76,190,203,211,255
25,77,190,203,211,255
25,78,190,202,212,255
25,79,190,202,211,255
25,80,189,201,211,255
25,81,189,201,211,255
25,82,189,202,211,255
25,83,189,202,211,255
25,84,189,201,211,255
25,85,189,200,211,255
25,86,189,200,212,255
25,87,189,200,211,255
25,88,188,200,211,255
25,89,187,200,211,255
25,90,197,206,214,255
25,91,200,208,215,255
25,92,190,202,211,255
25,93,188,199,210,255
25,94,188,199,210,255
25,95,187,199,210,255
25,96,187,199,210,255
25,97,189,199,209,255
25,98,187,199,209,255
25,99,186,198,208,255
25,100,189,199,209,255
25,101,186,200,209,255
25,102,187,200,210,255
25,103,188,198,209,255
25,104,188,197,208,255
25,105,189,198,208,255
25,106,188,198,208,255
25,107,188,199,209,255
25,108,189,199,209,255
25,109,189,199,209,255
25,110,187,199,209,255
25,111,184,198,209,255
25,112,183,196,208,255
25,113,182,196,208,255
25,114,184,197,209,255
25,115,184,197,209,255
25,116,184,197,209,255
25,117,185,198,209,255
25,118,184,197,209,255
25,119,184,198,209,255
25,120,184,197,208,255
25,121,186,197,208,255
25,122,187,195,206,255
25,123,189,196,206,255
25,124,187,196,206,255
25,125,187,196,206,255
25,126,182,194,206,255
25,127,182,195,206,255
25,128,182,194,205,255
25,129,182,194,205,255
25,130,182,194,205,255
25,131,182,194,205,255
25,132,184,196,206,255
25,133,182,195,207,255
25,134,185,196,208,255
25,135,184,196,207,255
25,136,184,196,207,255
25,137,181,194,206,255
25,138,181,194,206,255
25,139,180,195,206,255
25,140,179,195,206,255
25,141,181,195,206,255
25,142,181,195,206,255
25,143,181,195,206,255
26,0,150,146,145,255
26,1,150,144,142,255
26,2,148,142,140,255
26,3,148,142,139,255
26,4,148,142,139,255
26,5,150,145,143,255
26,6,149,144,142,255
26,7,149,145,144,255
26,8,149,145,144,255
26,9,150,146,145,255
26,10,150,146,145,255
26,11,148,145,145,255
26,12,148,145,145,255
26,13,150,145,145,255
26,14,150,146,145,255
26,15,150,146,145,255
26,16,150,147,145,255
26,17,149,146,143,255
26,18,150,146,142,255
26,19,150,146,142,255
26,20,150,146,142,255
26,21,150,145,143,255
26,22,150,145,144,255
26,23,150,145,144,255
26,24,150,146,144,255
26,25,151,147,145,255
26,26,150,147,144,255
26,27,150,147,144,255
26,28,150,147,144,255
26,29,151,147,145,255
26,30,152,148,144,255
26,31,155,148,144,255
26,32,155,148,143,255
26,33,154,148,141,255
26,34,154,146,134,255
26,35,154,146,134,255
26,36,152,143,129,255
26,37,154,143,128,255
26,38,154,144,129,255
26,39,155,145,129,255
26,40,154,145,129,255
26,41,155,147,131,255
26,42,157,149,138,255
26,43,158,151,140,255
26,44,157,149,135,255
26,45,155,148,130,255
26,46,155,148,129,255
26,47,155,148,129,255
26,48,158,150,132,255
26,49,159,152,134,255
26,50,161,156,142,255
26,51,160,157,148,255
26,52,160,157,150,255
26,53,160,157,151,255
26,54,160,158,152,255
26,55,160,160,153,255
26,56,160,162,155,255
26,57,156,172,161,255
26,58,136,191,174,255
26,59,124,179,165,255
26,60,93,135,139,255
26,61,91,127,129,255
26,62,83,125,127,255
26,63,86,128,131,255
26,64,79,118,121,255
26,65,59,96,88,255
26,66,69,105,91,255
26,67,53,90,66,255
26,68,61,95,69,255
26,69,59,91,77,255
26,70,53,71,85,255
26,71,50,64,85,255
26,72,50,61,85,255
26,73,50,64,85,255
26,74,77,91,106,255
26,75,168,184,195,255
26,76,189,202,211,255
26,77,190,203,212,255
26,78,191,203,213,255
26,79,190,202,211,255
26,80,190,202,212,255
26,81,190,202,212,255
26,82,189,202,212,255
26,83,189,202,212,255
26,84,189,201,211,255
26,85,190,202,212,255
26,86,189,200,212,255
26,87,189,200,211,255
26,88,188,200,211,255
26,89,188,200,211,255
26,90,197,206,214,255
26,91,200,208,215,255
26,92,190,202,211,255
26,93,188,199,210,255
26,94,188,200,211,255
26,95,188,199,210,255
26,96,187,199,209,255
26,97,187,199,209,255
26,98,187,199,209,255
26,99,187,199,208,255
26,100,187,199,209,255
26,101,187,200,210,255
26,102,187,200,210,255
26,103,188,198,209,255
26,104,187,197,208,255
26,105,190,199,208,255
26,106,189,198,209,255
26,107,189,199,209,255
26,108,188,198,209,255
26,109,188,198,209,255
26,110,187,199,209,255
26,111,186,199,209,255
26,112,185,197,208,255
26,113,184,196,208,255
26,114,186,197,209,255
26,115,184,197,209,255
26,116,184,197,209,255
26,117,184,199,209,255
26,118,184,197,208,255
26,119,184,197,208,255
26,120,186,197,208,255
26,121,186,197,208,255
26,122,187,195,206,255
26,123,186,196,205,255
26,124,184,195,206,255
26,125,184,195,206,255
26,126,182,194,206,255
26,127,184,196,206,255
26,128,182,195,206,255
26,129,182,195,206,255
26,130,182,194,205,255
26,131,186,197,206,255
26,132,186,197,206,255
26,133,185,196,208,255
26,134,185,196,208,255
26,135,182,196,207,255
26,136,182,196,207,255
26,137,181,194,206,255
26,138,184,196,207,255
26,139,179,195,206,255
26,140,179,195,206,255
26,141,181,195,206,255
26,142,181,194,206,255
26,143,182,193,204,255
27,0,149,145,145,255
27,1,150,144,142,255
27,2,150,144,142,255
27,3,148,143,140,255
27,4,148,142,139,255
27,5,148,142,139,255
27,6,150,145,143,255
27,7,150,145,143,255
27,8,149,145,144,255
27,9,150,146,145,255
27,10,150,146,145,255
27,11,148,145,145,255
27,12,148,145,145,255
27,13,150,146,145,255
27,14,150,146,144,255
27,15,150,146,144,255
27,16,150,147,145,255
27,17,150,146,143,255
27,18,150,146,143,255
27,19,151,145,142,255
27,20,150,146,142,255
27,21,150,146,144,255
27,22,150,146,144,255
27,23,151,146,145,255
27,24,150,146,144,255
27,25,151,147,145,255
27,26,150,147,144,255
27,27,150,147,144,255
27,28,151,148,145,255
27,29,151,148,145,255
27,30,152,148,144,255
27,31,155,148,144,255
27,32,155,148,143,255
27,33,154,148,141,255
27,34,154,148,141,255
27,35,154,146,135,255
27,36,153,144,131,255
27,37,153,143,129,255
27,38,154,144,129,255
27,39,155,145,129,255
27,40,154,145,129,255
27,41,155,147,131,255
27,42,157,149,138,255
27,43,159,152,141,255
27,44,158,150,136,255
27,45,158,148,131,255
27,46,156,148,130,255
27,47,156,148,130,255
27,48,158,150,132,255
27,49,159,152,134,255
27,50,161,156,142,255
27,51,161,158,148,255
27,52,160,157,150,255
27,53,160,157,150,255
27,54,160,158,152,255
27,55,161,160,153,255
27,56,162,163,155,255
27,57,160,170,162,255
27,58,137,188,174,255
27,59,130,173,165,255
27,60,98,141,143,255
27,61,88,125,120,255
27,62,85,121,118,255
27,63,91,129,120,255
27,64,77,117,106,255
27,65,71,106,86,255
27,66,71,109,95,255
27,67,56,93,66,255
27,68,56,96,66,255
27,69,61,91,77,255
27,70,53,66,81,255
27,71,53,64,86,255
27,72,50,61,85,255
27,73,46,61,83,255
27,74,77,90,105,255
27,75,158,177,190,255
27,76,189,202,210,255
27,77,191,204,213,255
27,78,192,204,214,255
27,79,191,203,213,255
27,80,189,202,212,255
27,81,190,202,212,255
27,82,190,202,212,255
27,83,190,202,212,255
27,84,190,201,212,255
27,85,190,201,212,255
27,86,189,201,212,255
27,87,190,200,211,255
27,88,188,200,212,255
27,89,188,200,211,255
27,90,188,200,211,255
27,91,188,200,211,255
27,92,188,200,210,255
27,93,188,199,210,255
27,94,188,200,211,255
27,95,188,199,210,255
27,96,188,199,210,255
27,97,188,199,210,255
27,98,188,200,210,255
27,99,189,199,208,255
27,100,188,200,209,255
27,101,188,201,210,255
27,102,187,199,209,255
27,103,186,197,208,255
27,104,187,197,208,255
27,105,190,199,208,255
27,106,187,197,209,255
27,107,189,198,209,255
27,108,189,199,209,255
27,109,185,199,210,255
27,110,185,199,210,255
27,111,186,199,209,255
27,112,185,197,208,255
27,113,185,197,209,255
27,114,184,197,209,255
27,115,183,198,209,255
27,116,184,199,209,255
27,117,184,199,209,255
27,118,184,197,208,255
27,119,186,197,207,255
27,120,187,197,208,255
27,121,186,196,206,255
27,122,186,196,206,255
27,123,186,196,205,255
27,124,182,196,206,255
27,125,182,196,207,255
27,126,182,196,207,255
27,127,184,196,206,255
27,128,182,196,206,255
27,129,182,196,206,255
27,130,183,195,205,255
27,131,186,197,206,255
27,132,186,197,206,255
27,133,184,197,208,255
27,134,184,197,208,255
27,135,182,196,207,255
27,136,184,196,207,255
27,137,184,196,207,255
27,138,179,195,206,255
27,139,179,195,206,255
27,140,182,195,207,255
27,141,181,194,206,255
27,142,181,194,206,255
27,143,185,194,205,255
28,0,149,145,145,255
28,1,150,145,143,255
28,2,150,145,143,255
28,3,150,144,142,255
28,4,148,143,140,255
28,5,148,143,140,255
28,6,150,145,143,255
28,7,150,145,143,255
28,8,150,146,145,255
28,9,150,146,145,255
28,10,150,146,145,255
28,11,149,146,146,255
28,12,149,146,146,255
28,13,150,146,145,255
28,14,150,146,144,255
28,15,150,146,144,255
28,16,150,146,145,255
28,17,150,146,144,255
28,18,150,146,144,255
28,19,151,145,142,255
28,20,152,145,141,255
28,21,151,147,144,255
28,22,151,147,144,255
28,23,151,147,145,255
28,24,150,146,144,255
28,25,151,147,145,255
28,26,151,147,145,255
28,27,151,147,145,255
28,28,151,147,145,255
28,29,151,148,145,255
28,30,152,148,144,255
28,31,155,148,145,255
28,32,155,148,144,255
28,33,155,148,142,255
28,34,155,148,142,255
28,35,155,147,137,255
28,36,153,144,131,255
28,37,153,143,129,255
28,38,155,145,129,255
28,39,155,145,129,255
28,40,155,146,130,255
28,41,155,147,131,255
28,42,157,149,137,255
28,43,160,153,142,255
28,44,158,151,138,255
28,45,158,149,132,255
28,46,156,148,130,255
28,47,156,148,130,255
28,48,158,150,131,255
28,49,158,152,134,255
28,50,161,156,142,255
28,51,161,159,148,255
28,52,160,158,151,255
28,53,160,158,151,255
28,54,160,159,152,255
28,55,161,160,153,255
28,56,163,165,159,255
28,57,156,177,170,255
28,58,136,182,174,255
28,59,125,170,167,255
28,60,113,155,155,255
28,61,83,125,115,255
28,62,83,120,106,255
28,63,91,129,120,255
28,64,77,117,106,255
28,65,71,106,86,255
28,66,71,109,95,255
28,67,56,93,66,255
28,68,56,96,66,255
28,69,61,91,77,255
28,70,53,66,81,255
28,71,53,64,86,255
28,72,50,61,85,255
28,73,46,61,83,255
28,74,77,90,105,255
28,75,158,177,190,255
28,76,189,202,210,255
28,77,191,204,213,255
28,78,192,204,214,255
28,79,191,203,213,255
28,80,189,202,212,255
28,81,190,202,213,255
28,82,190,202,213,255
28,83,190,202,213,255
28,84,190,202,213,255
28,85,190,202,212,255
28,86,190,201,213,255
28,87,190,200,211,255
28,88,189,201,213,255
28,89,189,201,211,255
28,90,189,201,211,255
28,91,188,201,211,255
28,92,188,200,211,255
28,93,188,199,210,255
28,94,188,199,210,255
28,95,188,199,210,255
28,96,188,199,210,255
28,97,188,199,210,255
28,98,190,200,210,255
28,99,187,199,209,255
28,100,188,200,210,255
28,101,188,200,210,255
28,102,187,198,209,255
28,103,189,197,207,255
28,104,189,197,207,255
28,105,189,198,208,255
28,106,187,197,209,255
28,107,189,198,209,255
28,108,189,198,209,255
28,109,187,199,210,255
28,110,187,199,210,255
28,111,185,199,210,255
28,112,185,198,209,255
28,113,185,197,209,255
28,114,184,197,209,255
28,115,183,197,209,255
28,116,184,198,209,255
28,117,184,198,209,255
28,118,184,196,208,255
28,119,186,197,207,255
28,120,188,199,209,255
28,121,184,197,208,255
28,122,184,197,208,255
28,123,184,196,206,255
28,124,182,196,206,255
28,125,183,197,206,255
28,126,183,197,206,255
28,127,184,196,206,255
28,128,182,196,206,255
28,129,182,196,206,255
28,130,184,196,206,255
28,131,186,198,208,255
28,132,186,198,208,255
28,133,184,197,208,255
28,134,182,196,207,255
28,135,182,196,207,255
28,136,184,196,207,255
28,137,184,196,207,255
28,138,182,195,207,255
28,139,182,195,207,255
28,140,181,194,206,255
28,141,182,194,206,255
28,142,182,194,206,255
28,143,185,194,205,255
29,0,150,146,146,255
29,1,150,146,146,255
29,2,150,145,143,255
29,3,150,145,143,255
29,4,149,143,140,255
29,5,148,143,140,255
29,6,150,145,143,255
29,7,150,145,143,255
29,8,150,147,145,255
29,9,150,146,145,255
29,10,150,147,146,255
29,11,149,146,146,255
29,12,149,146,146,255
29,13,150,146,145,255
29,14,151,147,145,255
29,15,151,147,145,255
29,16,151,147,146,255
29,17,150,146,144,255
29,18,150,146,144,255
29,19,152,146,143,255
29,20,153,146,142,255
29,21,152,146,143,255
29,22,151,147,144,255
29,23,151,147,145,255
29,24,151,147,145,255
29,25,151,147,145,255
29,26,151,148,145,255
29,27,151,148,145,255
29,28,151,147,145,255
29,29,151,148,145,255
29,30,153,148,145,255
29,31,155,148,145,255
29,32,155,149,145,255
29,33,155,148,143,255
29,34,155,148,143,255
29,35,155,147,137,255
29,36,153,144,131,255
29,37,153,144,129,255
29,38,155,144,129,255
29,39,155,145,129,255
29,40,155,146,129,255
29,41,156,147,131,255
29,42,158,149,137,255
29,43,160,153,142,255
29,44,158,151,138,255
29,45,158,149,132,255
29,46,158,148,130,255
29,47,158,148,130,255
29,48,159,151,132,255
29,49,159,152,135,255
29,50,160,155,142,255
29,51,162,160,148,255
29,52,162,160,152,255
29,53,160,158,152,255
29,54,160,159,152,255
29,55,162,160,154,255
29,56,161,167,159,255
29,57,144,182,169,255
29,58,136,182,174,255
29,59,125,170,167,255
29,60,113,155,155,255
29,61,83,125,115,255
29,62,83,120,106,255
29,63,85,124,105,255
29,64,69,108,81,255
29,65,56,105,79,255
29,66,75,110,86,255
29,67,50,93,64,255
29,68,50,90,61,255
29,69,53,81,71,255
29,70,42,71,90,255
29,71,50,64,86,255
29,72,46,61,85,255
29,73,46,61,85,255
29,74,77,91,109,255
29,75,153,177,192,255
29,76,190,203,211,255
29,77,193,205,213,255
29,78,192,204,214,255
29,79,192,203,213,255
29,80,190,202,213,255
29,81,190,202,213,255
29,82,190,202,213,255
29,83,190,202,213,255
29,84,190,202,213,255
29,85,190,202,212,255
29,86,190,202,213,255
29,87,190,202,212,255
29,88,189,202,213,255
29,89,189,201,212,255
29,90,189,201,211,255
29,91,189,202,212,255
29,92,189,201,212,255
29,93,189,200,211,255
29,94,189,200,211,255
29,95,188,199,210,255
29,96,189,200,211,255
29,97,189,200,211,255
29,98,190,200,210,255
29,99,187,199,209,255
29,100,189,200,210,255
29,101,188,200,211,255
29,102,189,199,209,255
29,103,189,198,207,255
29,104,188,198,208,255
29,105,188,198,208,255
29,106,186,197,209,255
29,107,189,199,209,255
29,108,189,198,209,255
29,109,187,200,210,255
29,110,187,200,210,255
29,111,186,200,210,255
29,112,187,199,209,255
29,113,189,199,209,255
29,114,185,198,209,255
29,115,183,197,209,255
29,116,184,197,208,255
29,117,184,197,208,255
29,118,185,196,207,255
29,119,186,197,207,255
29,120,188,199,209,255
29,121,184,197,208,255
29,122,185,197,208,255
29,123,186,196,206,255
29,124,184,196,206,255
29,125,183,197,206,255
29,126,183,197,206,255
29,127,184,197,207,255
29,128,186,197,208,255
29,129,186,197,208,255
29,130,184,196,206,255
29,131,186,199,208,255
29,132,186,199,208,255
29,133,184,196,208,255
29,134,182,196,207,255
29,135,182,196,207,255
29,136,182,196,207,255
29,137,182,196,207,255
29,138,182,195,207,255
29,139,184,196,208,255
29,140,182,194,206,255
29,141,182,194,206,255
29,142,182,192,205,255
29,143,182,192,205,255
30,0,150,146,146,255
30,1,150,146,146,255
30,2,150,145,143,255
30,3,150,145,143,255
30,4,149,143,140,255
30,5,149,143,140,255
30,6,150,146,144,255
30,7,150,145,143,255
30,8,150,147,145,255
30,9,150,147,145,255
30,10,150,147,146,255
30,11,149,147,146,255
30,12,149,146,146,255
30,13,151,147,146,255
30,14,151,147,146,255
30,15,151,147,146,255
30,16,151,147,146,255
30,17,153,147,145,255
30,18,153,147,145,255
30,19,152,147,143,255
30,20,153,146,142,255
30,21,152,146,143,255
30,22,152,146,143,255
30,23,151,147,145,255
30,24,151,148,145,255
30,25,152,148,145,255
30,26,151,148,145,255
30,27,151,148,145,255
30,28,151,147,145,255
30,29,153,148,145,255
30,30,154,148,146,255
30,31,155,149,146,255
30,32,155,149,145,255
30,33,155,148,143,255
30,34,155,148,143,255
30,35,155,148,138,255
30,36,155,144,131,255
30,37,153,144,128,255
30,38,155,144,129,255
30,39,155,145,128,255
30,40,155,145,129,255
30,41,157,147,131,255
30,42,158,149,137,255
30,43,160,153,142,255
30,44,160,152,139,255
30,45,158,149,132,255
30,46,158,149,132,255
30,47,158,150,132,255
30,48,158,150,132,255
30,49,159,153,135,255
30,50,160,156,142,255
30,51,162,159,148,255
30,52,162,160,152,255
30,53,160,160,153,255
30,54,161,160,153,255
30,55,162,160,154,255
30,56,161,167,159,255
30,57,144,182,169,255
30,58,138,182,173,255
30,59,133,177,170,255
30,60,127,160,155,255
30,61,83,121,105,255
30,62,66,108,85,255
30,63,77,117,90,255
30,64,59,102,69,255
30,65,61,104,71,255
30,66,53,104,66,255
30,67,46,88,59,255
30,68,38,71,53,255
30,69,42,71,69,255
30,70,75,88,108,255
30,71,53,71,95,255
30,72,50,64,86,255
30,73,50,64,86,255
30,74,73,96,114,255
30,75,157,180,191,255
30,76,191,203,212,255
30,77,192,205,213,255
30,78,191,203,213,255
30,79,192,203,213,255
30,80,190,203,213,255
30,81,190,202,213,255
30,82,190,202,213,255
30,83,190,202,213,255
30,84,190,202,213,255
30,85,190,202,213,255
30,86,190,202,213,255
30,87,190,202,212,255
30,88,189,202,213,255
30,89,189,202,212,255
30,90,189,202,211,255
30,91,189,202,212,255
30,92,189,202,211,255
30,93,189,200,211,255
30,94,189,200,211,255
30,95,188,199,210,255
30,96,189,200,211,255
30,97,189,200,210,255
30,98,189,200,210,255
30,99,189,200,210,255
30,100,189,200,210,255
30,101,188,200,211,255
30,102,191,199,209,255
30,103,189,198,208,255
30,104,188,199,209,255
30,105,187,197,208,255
30,106,188,197,208,255
30,107,188,199,209,255
30,108,190,199,210,255
30,109,187,200,210,255
30,110,187,200,210,255
30,111,186,200,210,255
30,112,186,198,209,255
30,113,186,198,209,255
30,114,186,198,208,255
30,115,186,198,208,255
30,116,184,197,208,255
30,117,184,197,208,255
30,118,185,196,206,255
30,119,189,198,207,255
30,120,188,199,208,255
30,121,185,197,208,255
30,122,185,197,208,255
30,123,186,197,206,255
30,124,184,196,206,255
30,125,184,197,206,255
30,126,184,197,206,255
30,127,184,197,207,255
30,128,186,198,208,255
30,129,186,197,208,255
30,130,186,197,208,255
30,131,186,199,208,255
30,132,184,197,208,255
30,133,182,196,208,255
30,134,182,196,207,255
30,135,182,196,207,255
30,136,182,196,207,255
30,137,184,196,208,255
30,138,184,196,208,255
30,139,184,196,208,255
30,140,182,193,205,255
30,141,182,193,205,255
30,142,182,192,205,255
30,143,182,192,205,255
31,0,151,147,147,255
31,1,151,147,147,255
31,2,150,145,143,255
31,3,150,145,143,255
31,4,150,144,141,255
31,5,150,144,141,255
31,6,150,146,144,255
31,7,150,146,144,255
31,8,150,147,145,255
31,9,150,147,145,255
31,10,150,147,146,255
31,11,150,147,146,255
31,12,149,147,146,255
31,13,151,147,146,255
31,14,151,147,146,255
31,15,151,147,146,255
31,16,151,148,145,255
31,17,151,148,145,255
31,18,152,147,144,255
31,19,152,147,143,255
31,20,153,146,142,255
31,21,153,146,142,255
31,22,153,147,143,255
31,23,152,148,145,255
31,24,152,148,145,255
31,25,152,148,145,255
31,26,152,148,145,255
31,27,151,148,145,255
31,28,152,148,146,255
31,29,152,148,145,255
31,30,154,149,146,255
31,31,155,149,146,255
31,32,155,149,145,255
31,33,155,149,145,255
31,34,155,149,144,255
31,35,155,148,139,255
31,36,155,146,133,255
31,37,154,144,129,255
31,38,154,145,129,255
31,39,155,144,128,255
31,40,155,145,129,255
31,41,157,147,131,255
31,42,157,149,136,255
31,43,160,153,141,255
31,44,160,153,140,255
31,45,158,150,133,255
31,46,158,150,133,255
31,47,158,150,132,255
31,48,159,151,133,255
31,49,160,154,136,255
31,50,161,156,141,255
31,51,162,160,148,255
31,52,162,160,152,255
31,53,160,160,153,255
31,54,161,160,153,255
31,55,162,160,154,255
31,56,163,164,156,255
31,57,159,168,158,255
31,58,134,176,160,255
31,59,128,168,148,255
31,60,109,144,124,255
31,61,66,105,85,255
31,62,61,99,69,255
31,63,59,101,66,255
31,64,53,91,59,255
31,65,53,90,59,255
31,66,56,91,59,255
31,67,38,66,46,255
31,68,34,59,50,255
31,69,53,71,75,255
31,70,105,101,114,255
31,71,81,81,99,255
31,72,53,64,88,255
31,73,53,66,88,255
31,74,81,104,117,255
31,75,145,175,186,255
31,76,190,203,211,255
31,77,192,205,213,255
31,78,192,203,213,255
31,79,192,203,213,255
31,80,191,203,213,255
31,81,190,202,213,255
31,82,191,203,213,255
31,83,190,202,213,255
31,84,190,202,213,255
31,85,190,202,213,255
31,86,190,202,213,255
31,87,190,202,213,255
31,88,189,202,214,255
31,89,189,202,212,255
31,90,189,202,211,255
31,91,189,202,212,255
31,92,189,202,211,255
31,93,189,201,211,255
31,94,189,200,211,255
31,95,189,199,210,255
31,96,189,200,211,255
31,97,189,200,210,255
31,98,189,200,210,255
31,99,189,200,210,255
31,100,189,199,210,255
31,101,188,200,210,255
31,102,191,199,209,255
31,103,189,198,208,255
31,104,188,199,209,255
31,105,186,198,209,255
31,106,186,197,208,255
31,107,188,198,208,255
31,108,188,199,209,255
31,109,186,200,210,255
31,110,186,200,210,255
31,111,186,200,210,255
31,112,186,198,209,255
31,113,186,199,209,255
31,114,186,198,208,255
31,115,184,197,208,255
31,116,184,196,207,255
31,117,185,196,206,255
31,118,185,196,206,255
31,119,189,197,208,255
31,120,189,198,208,255
31,121,185,197,208,255
31,122,186,197,206,255
31,123,186,197,206,255
31,124,184,196,206,255
31,125,186,196,205,255
31,126,185,197,207,255
31,127,185,197,207,255
31,128,186,198,208,255
31,129,186,197,208,255
31,130,186,197,208,255
31,131,184,197,208,255
31,132,182,196,208,255
31,133,182,196,208,255
31,134,184,196,207,255
31,135,184,196,207,255
31,136,184,196,208,255
31,137,184,196,208,255
31,138,184,196,208,255
31,139,184,196,208,255
31,140,182,193,205,255
31,141,182,193,205,255
31,142,181,193,205,255
31,143,181,193,205,255
32,0,151,148,148,255
32,1,151,147,147,255
32,2,151,147,147,255
32,3,150,146,145,255
32,4,150,146,145,255
32,5,150,144,141,255
32,6,150,144,141,255
32,7,150,145,143,255
32,8,151,147,146,255
32,9,150,147,145,255
32,10,150,147,146,255
32,11,150,147,146,255
32,12,151,147,146,255
32,13,151,147,146,255
32,14,151,147,146,255
32,15,151,148,146,255
32,16,153,147,145,255
32,17,153,147,145,255
32,18,152,147,144,255
32,19,153,147,144,255
32,20,153,146,141,255
32,21,153,146,141,255
32,22,153,147,143,255
32,23,152,148,145,255
32,24,152,148,145,255
32,25,152,148,145,255
32,26,152,148,145,255
32,27,152,148,146,255
32,28,152,148,146,255
32,29,155,148,147,255
32,30,154,149,146,255
32,31,155,149,146,255
32,32,155,150,147,255
32,33,155,150,147,255
32,34,155,150,145,255
32,35,155,149,141,255
32,36,155,147,135,255
32,37,154,145,130,255
32,38,154,145,129,255
32,39,155,144,128,255
32,40,155,145,128,255
32,41,155,147,130,255
32,42,157,148,134,255
32,43,159,152,139,255
32,44,160,153,140,255
32,45,159,150,134,255
32,46,159,150,134,255
32,47,160,152,134,255
32,48,160,152,135,255
32,49,160,154,136,255
32,50,161,156,141,255
32,51,162,160,148,255
32,52,162,161,153,255
32,53,163,161,154,255
32,54,161,160,154,255
32,55,163,167,159,255
32,56,163,171,163,255
32,57,151,167,152,255
32,58,138,150,135,255
32,59,102,128,102,255
32,60,69,109,79,255
32,61,59,98,71,255
32,62,50,85,59,255
32,63,42,79,50,255
32,64,38,66,46,255
32,65,38,66,50,255
32,66,34,66,46,255
32,67,22,53,50,255
32,68,28,61,64,255
32,69,53,71,81,255
32,70,85,83,99,255
32,71,64,71,93,255
32,72,53,64,88,255
32,73,50,64,86,255
32,74,85,101,115,255
32,75,139,170,183,255
32,76,189,202,210,255
32,77,192,205,214,255
32,78,192,203,214,255
32,79,192,203,213,255
32,80,190,203,213,255
32,81,191,202,213,255
32,82,190,202,213,255
32,83,190,202,213,255
32,84,191,203,213,255
32,85,191,202,213,255
32,86,191,203,213,255
32,87,190,202,212,255
32,88,189,202,213,255
32,89,189,201,212,255
32,90,189,201,212,255
32,91,189,202,212,255
32,92,189,202,211,255
32,93,189,201,211,255
32,94,189,200,211,255
32,95,189,200,211,255
32,96,189,201,211,255
32,97,190,200,211,255
32,98,190,200,211,255
32,99,190,200,210,255
32,100,189,200,210,255
32,101,187,200,210,255
32,102,189,199,208,255
32,103,190,199,208,255
32,104,188,199,209,255
32,105,186,198,209,255
32,106,186,198,208,255
32,107,188,197,207,255
32,108,188,199,209,255
32,109,189,201,211,255
32,110,186,200,210,255
32,111,186,200,210,255
32,112,186,198,209,255
32,113,186,199,209,255
32,114,184,197,208,255
32,115,184,196,208,255
32,116,184,196,208,255
32,117,186,196,207,255
32,118,186,196,207,255
32,119,189,197,208,255
32,120,189,199,209,255
32,121,186,197,208,255
32,122,186,196,206,255
32,123,186,196,206,255
32,124,185,196,206,255
32,125,186,196,205,255
32,126,184,196,207,255
32,127,184,196,207,255
32,128,186,197,208,255
32,129,186,197,208,255
32,130,186,197,208,255
32,131,182,197,209,255
32,132,182,196,208,255
32,133,182,196,208,255
32,134,184,196,207,255
32,135,183,196,207,255
32,136,184,196,208,255
32,137,184,196,208,255
32,138,184,196,208,255
32,139,182,193,205,255
32,140,182,193,205,255
32,141,181,193,205,255
32,142,181,193,205,255
32,143,182,194,206,255
33,0,151,148,148,255
33,1,151,148,148,255
33,2,151,148,148,255
33,3,151,147,146,255
33,4,150,146,145,255
33,5,150,145,142,255
33,6,150,145,142,255
33,7,151,146,144,255
33,8,150,145,143,255
33,9,151,147,146,255
33,10,152,148,147,255
33,11,152,148,147,255
33,12,151,147,146,255
33,13,151,147,147,255
33,14,151,147,147,255
33,15,151,147,146,255
33,16,153,148,145,255
33,17,153,147,145,255
33,18,153,147,145,255
33,19,153,147,144,255
33,20,154,147,142,255
33,21,154,147,142,255
33,22,153,147,143,255
33,23,152,148,145,255
33,24,152,148,146,255
33,25,152,148,146,255
33,26,152,148,146,255
33,27,153,148,147,255
33,28,152,148,146,255
33,29,155,148,147,255
33,30,154,148,146,255
33,31,154,149,146,255
33,32,155,150,147,255
33,33,155,150,147,255
33,34,155,150,146,255
33,35,157,150,143,255
33,36,155,147,135,255
33,37,154,145,130,255
33,38,154,144,128,255
33,39,155,145,128,255
33,40,155,145,128,255
33,41,156,147,130,255
33,42,158,148,133,255
33,43,159,151,138,255
33,44,160,153,139,255
33,45,160,151,134,255
33,46,160,151,134,255
33,47,160,152,134,255
33,48,160,152,135,255
33,49,160,154,136,255
33,50,162,156,141,255
33,51,162,160,148,255
33,52,164,162,153,255
33,53,163,162,155,255
33,54,163,163,155,255
33,55,150,180,165,255
33,56,142,186,166,255
33,57,120,163,135,255
33,58,105,132,109,255
33,59,59,98,73,255
33,60,46,81,56,255
33,61,46,77,56,255
33,62,34,66,56,255
33,63,34,61,46,255
33,64,22,46,38,255
33,65,22,50,42,255
33,66,22,53,46,255
33,67,34,77,81,255
33,68,38,83,86,255
33,69,38,71,83,255
33,70,56,66,90,255
33,71,50,64,88,255
33,72,46,61,86,255
33,73,46,59,85,255
33,74,69,93,109,255
33,75,133,163,179,255
33,76,187,202,210,255
33,77,192,205,214,255
33,78,192,203,214,255
33,79,192,204,214,255
33,80,191,203,213,255
33,81,191,203,213,255
33,82,191,203,213,255
33,83,191,202,213,255
33,84,191,203,213,255
33,85,191,203,213,255
33,86,191,203,214,255
33,87,191,202,213,255
33,88,190,202,213,255
33,89,191,202,212,255
33,90,189,201,212,255
33,91,190,203,213,255
33,92,189,202,211,255
33,93,189,202,211,255
33,94,189,201,211,255
33,95,189,200,211,255
33,96,189,201,211,255
33,97,189,200,210,255
33,98,189,200,210,255
33,99,189,200,210,255
33,100,189,200,211,255
33,101,189,200,210,255
33,102,190,199,208,255
33,103,189,199,209,255
33,104,189,200,210,255
33,105,189,199,209,255
33,106,186,198,208,255
33,107,188,197,207,255
33,108,188,198,208,255
33,109,189,200,211,255
33,110,186,200,210,255
33,111,186,200,210,255
33,112,186,199,210,255
33,113,186,200,210,255
33,114,184,197,208,255
33,115,184,196,208,255
33,116,186,197,209,255
33,117,189,198,208,255
33,118,189,198,208,255
33,119,190,199,209,255
33,120,189,199,209,255
33,121,186,197,208,255
33,122,185,197,207,255
33,123,185,197,207,255
33,124,184,196,206,255
33,125,184,196,205,255
33,126,184,196,207,255
33,127,184,196,208,255
33,128,186,197,209,255
33,129,185,197,209,255
33,130,185,197,209,255
33,131,182,197,209,255
33,132,182,197,208,255
33,133,182,197,208,255
33,134,183,196,207,255
33,135,184,196,208,255
33,136,182,196,209,255
33,137,181,194,207,255
33,138,181,194,207,255
33,139,182,193,205,255
33,140,182,193,206,255
33,141,182,194,206,255
33,142,182,194,206,255
33,143,182,194,206,255
34,0,149,148,148,255
34,1,151,148,148,255
34,2,151,148,148,255
34,3,151,147,146,255
34,4,151,147,146,255
34,5,151,145,143,255
34,6,150,145,142,255
34,7,151,146,144,255
34,8,151,146,144,255
34,9,152,148,146,255
34,10,152,148,147,255
34,11,152,148,147,255
34,12,151,148,147,255
34,13,151,148,147,255
34,14,152,148,147,255
34,15,151,147,146,255
34,16,153,148,145,255
34,17,153,148,145,255
34,18,154,148,145,255
34,19,154,148,145,255
34,20,154,147,143,255
34,21,154,147,142,255
34,22,154,147,143,255
34,23,154,148,146,255
34,24,153,148,147,255
34,25,152,148,146,255
34,26,152,148,146,255
34,27,153,148,147,255
34,28,152,148,146,255
34,29,155,148,147,255
34,30,155,149,147,255
34,31,155,149,147,255
34,32,156,150,148,255
34,33,156,150,148,255
34,34,156,151,147,255
34,35,157,150,143,255
34,36,155,148,137,255
34,37,156,146,132,255
34,38,155,144,128,255
34,39,155,145,128,255
34,40,155,145,128,255
34,41,156,147,130,255
34,42,158,148,131,255
34,43,159,150,136,255
34,44,160,153,139,255
34,45,160,153,139,255
34,46,160,151,134,255
34,47,159,151,133,255
34,48,160,152,135,255
34,49,160,154,136,255
34,50,161,157,142,255
34,51,163,160,148,255
34,52,163,161,153,255
34,53,164,163,155,255
34,54,163,163,156,255
34,55,155,174,161,255
34,56,129,173,151,255
34,57,83,128,110,255
34,58,69,101,81,255
34,59,50,85,75,255
34,60,28,50,42,255
34,61,28,61,56,255
34,62,38,71,66,255
34,63,28,53,42,255
34,64,22,42,38,255
34,65,22,42,38,255
34,66,28,66,71,255
34,67,59,99,98,255
34,68,59,96,93,255
34,69,38,71,83,255
34,70,56,66,90,255
34,71,50,64,88,255
34,72,46,61,86,255
34,73,46,59,85,255
34,74,69,93,109,255
34,75,125,157,174,255
34,76,184,199,209,255
34,77,192,205,214,255
34,78,192,204,214,255
34,79,192,204,214,255
34,80,191,203,214,255
34,81,192,203,213,255
34,82,191,203,213,255
34,83,192,203,214,255
34,84,191,202,213,255
34,85,191,203,213,255
34,86,192,203,214,255
34,87,191,202,213,255
34,88,190,202,213,255
34,89,191,202,212,255
34,90,189,202,213,255
34,91,190,203,214,255
34,92,190,202,211,255
34,93,189,202,211,255
34,94,189,202,212,255
34,95,189,200,211,255
34,96,189,200,211,255
34,97,189,200,210,255
34,98,189,200,210,255
34,99,189,200,210,255
34,100,189,200,211,255
34,101,189,201,210,255
34,102,190,200,209,255
34,103,190,200,210,255
34,104,190,202,211,255
34,105,189,199,209,255
34,106,186,198,209,255
34,107,188,199,208,255
34,108,188,198,208,255
34,109,185,200,210,255
34,110,187,200,210,255
34,111,187,200,210,255
34,112,187,200,211,255
34,113,186,200,210,255
34,114,185,199,209,255
34,115,184,197,209,255
34,116,186,197,209,255
34,117,189,199,208,255
34,118,189,199,208,255
34,119,189,198,208,255
34,120,187,197,208,255
34,121,186,197,208,255
34,122,185,197,207,255
34,123,187,198,208,255
34,124,184,196,207,255
34,125,184,196,206,255
34,126,184,196,208,255
34,127,184,196,208,255
34,128,186,197,209,255
34,129,187,199,210,255
34,130,184,199,210,255
34,131,184,199,210,255
34,132,182,197,208,255
34,133,182,197,208,255
34,134,182,196,208,255
34,135,182,196,209,255
34,136,182,196,209,255
34,137,181,194,207,255
34,138,183,194,206,255
34,139,182,193,206,255
34,140,182,193,206,255
34,141,182,194,206,255
34,142,182,194,206,255
34,143,184,196,207,255
35,0,151,148,148,255
35,1,151,148,148,255
35,2,151,148,148,255
35,3,151,147,147,255
35,4,151,147,147,255
35,5,151,145,143,255
35,6,151,145,143,255
35,7,151,146,143,255
35,8,151,146,143,255
35,9,152,148,146,255
35,10,152,148,146,255
35,11,152,148,147,255
35,12,151,147,147,255
35,13,151,147,147,255
35,14,152,148,147,255
35,15,152,148,147,255
35,16,152,148,147,255
35,17,154,148,145,255
35,18,154,148,145,255
35,19,154,148,145,255
35,20,154,148,145,255
35,21,154,147,143,255
35,22,154,147,142,255
35,23,154,148,146,255
35,24,153,148,147,255
35,25,153,148,147,255
35,26,152,148,146,255
35,27,153,148,147,255
35,28,153,148,147,255
35,29,155,148,147,255
35,30,155,149,146,255
35,31,155,149,147,255
35,32,155,149,147,255
35,33,156,150,148,255
35,34,156,151,147,255
35,35,157,150,144,255
35,36,157,148,139,255
35,37,155,147,133,255
35,38,155,144,128,255
35,39,155,146,128,255
35,40,155,145,127,255
35,41,156,147,130,255
35,42,158,148,131,255
35,43,159,150,136,255
35,44,160,153,139,255
35,45,160,153,139,255
35,46,160,151,134,255
35,47,160,152,134,255
35,48,160,153,136,255
35,49,160,154,136,255
35,50,161,157,143,255
35,51,163,160,148,255
35,52,164,162,154,255
35,53,164,163,155,255
35,54,164,163,155,255
35,55,157,157,150,255
35,56,109,137,131,255
35,57,66,102,101,255
35,58,46,79,75,255
35,59,53,90,91,255
35,60,28,66,77,255
35,61,38,81,85,255
35,62,38,71,66,255
35,63,28,53,42,255
35,64,22,42,38,255
35,65,22,42,38,255
35,66,28,66,71,255
35,67,59,99,98,255
35,68,59,96,93,255
35,69,50,75,88,255
35,70,50,64,88,255
35,71,53,66,88,255
35,72,50,64,88,255
35,73,46,61,86,255
35,74,61,85,102,255
35,75,125,157,174,255
35,76,184,199,209,255
35,77,192,205,214,255
35,78,192,204,214,255
35,79,192,204,214,255
35,80,191,203,214,255
35,81,192,203,213,255
35,82,192,203,214,255
35,83,192,203,214,255
35,84,192,203,213,255
35,85,192,203,213,255
35,86,192,203,214,255
35,87,192,203,213,255
35,88,191,202,213,255
35,89,191,202,213,255
35,90,190,202,213,255
35,91,190,203,214,255
35,92,190,202,212,255
35,93,190,202,211,255
35,94,190,202,212,255
35,95,189,202,211,255
35,96,189,201,211,255
35,97,189,200,211,255
35,98,189,200,210,255
35,99,189,200,210,255
35,100,189,200,211,255
35,101,188,200,210,255
35,102,190,200,209,255
35,103,190,200,210,255
35,104,189,202,211,255
35,105,187,200,209,255
35,106,189,199,209,255
35,107,189,199,208,255
35,108,189,199,209,255
35,109,185,200,210,255
35,110,187,200,210,255
35,111,187,201,211,255
35,112,187,201,211,255
35,113,189,201,211,255
35,114,189,200,210,255
35,115,189,199,210,255
35,116,186,198,209,255
35,117,189,199,208,255
35,118,189,198,208,255
35,119,189,198,208,255
35,120,187,197,207,255
35,121,188,198,208,255
35,122,187,198,208,255
35,123,184,196,207,255
35,124,184,196,207,255
35,125,187,197,208,255
35,126,185,197,208,255
35,127,187,197,208,255
35,128,187,197,208,255
35,129,187,199,210,255
35,130,185,199,210,255
35,131,185,199,210,255
35,132,182,197,208,255
35,133,182,196,208,255
35,134,182,196,208,255
35,135,180,196,209,255
35,136,180,196,209,255
35,137,183,194,206,255
35,138,183,194,206,255
35,139,181,194,206,255
35,140,181,194,206,255
35,141,182,194,206,255
35,142,182,194,206,255
35,143,181,195,207,255
36,0,151,148,148,255
36,1,151,148,148,255
36,2,151,148,148,255
36,3,152,148,148,255
36,4,151,147,147,255
36,5,151,146,144,255
36,6,151,146,144,255
36,7,152,146,144,255
36,8,151,146,143,255
36,9,152,148,146,255
36,10,152,148,146,255
36,11,152,148,147,255
36,12,152,148,147,255
36,13,151,147,147,255
36,14,152,148,148,255
36,15,153,148,147,255
36,16,153,148,147,255
36,17,154,148,146,255
36,18,154,148,145,255
36,19,154,148,145,255
36,20,154,148,145,255
36,21,154,148,143,255
36,22,155,148,142,255
36,23,155,148,146,255
36,24,153,148,147,255
36,25,153,148,147,255
36,26,153,148,148,255
36,27,153,148,147,255
36,28,153,148,147,255
36,29,155,149,147,255
36,30,155,149,147,255
36,31,155,149,147,255
36,32,155,149,147,255
36,33,156,150,148,255
36,34,156,151,148,255
36,35,158,151,145,255
36,36,158,149,141,255
36,37,156,148,135,255
36,38,155,145,129,255
36,39,156,145,128,255
36,40,156,146,128,255
36,41,156,147,130,255
36,42,158,148,131,255
36,43,159,150,135,255
36,44,160,152,137,255
36,45,160,152,137,255
36,46,160,151,135,255
36,47,160,151,134,255
36,48,160,153,136,255
36,49,160,155,137,255
36,50,163,158,144,255
36,51,163,160,148,255
36,52,164,163,153,255
36,53,164,163,155,255
36,54,158,160,154,255
36,55,118,139,142,255
36,56,86,119,127,255
36,57,59,95,102,255
36,58,46,79,75,255
36,59,53,90,91,255
36,60,28,66,77,255
36,61,38,81,85,255
36,62,38,73,73,255
36,63,22,50,38,255
36,64,22,46,38,255
36,65,22,53,53,255
36,66,50,88,86,255
36,67,69,104,90,255
36,68,59,90,81,255
36,69,53,73,83,255
36,70,53,64,86,255
36,71,53,64,86,255
36,72,50,61,86,255
36,73,50,61,86,255
36,74,64,79,98,255
36,75,121,155,174,255
36,76,182,199,210,255
36,77,193,206,214,255
36,78,193,204,214,255
36,79,193,205,214,255
36,80,192,204,214,255
36,81,192,203,213,255
36,82,192,203,214,255
36,83,192,203,214,255
36,84,192,203,213,255
36,85,192,203,213,255
36,86,192,203,213,255
36,87,192,203,214,255
36,88,190,202,213,255
36,89,192,203,213,255
36,90,190,202,213,255
36,91,190,203,214,255
36,92,190,202,212,255
36,93,190,202,211,255
36,94,190,203,212,255
36,95,190,202,212,255
36,96,190,203,213,255
36,97,190,202,211,255
36,98,189,200,210,255
36,99,189,200,210,255
36,100,190,200,211,255
36,101,188,200,210,255
36,102,190,200,209,255
36,103,191,202,211,255
36,104,190,202,212,255
36,105,189,201,210,255
36,106,189,199,208,255
36,107,189,199,209,255
36,108,189,199,210,255
36,109,186,201,211,255
36,110,187,202,211,255
36,111,187,201,211,255
36,112,187,201,211,255
36,113,189,200,210,255
36,114,189,199,210,255
36,115,189,199,210,255
36,116,186,197,209,255
36,117,189,198,208,255
36,118,189,198,208,255
36,119,189,198,208,255
36,120,188,198,208,255
36,121,186,197,208,255
36,122,186,198,209,255
36,123,186,197,208,255
36,124,186,197,208,255
36,125,187,197,208,255
36,126,186,197,208,255
36,127,186,197,208,255
36,128,186,197,208,255
36,129,189,199,210,255
36,130,185,199,210,255
36,131,186,198,209,255
36,132,184,198,209,255
36,133,182,196,208,255
36,134,182,196,208,255
36,135,180,196,209,255
36,136,182,195,208,255
36,137,184,195,207,255
36,138,184,195,207,255
36,139,181,194,206,255
36,140,181,194,207,255
36,141,180,194,207,255
36,142,180,194,207,255
36,143,181,195,207,255
37,0,151,148,148,255
37,1,152,148,149,255
37,2,151,148,148,255
37,3,151,148,148,255
37,4,152,148,148,255
37,5,152,148,148,255
37,6,152,148,146,255
37,7,152,146,144,255
37,8,152,146,144,255
37,9,152,148,147,255
37,10,152,148,147,255
37,11,152,148,147,255
37,12,152,148,147,255
37,13,152,148,147,255
37,14,152,148,148,255
37,15,152,148,147,255
37,16,152,148,147,255
37,17,154,148,146,255
37,18,154,148,145,255
37,19,154,148,145,255
37,20,154,148,145,255
37,21,155,148,145,255
37,22,155,147,142,255
37,23,155,148,146,255
37,24,153,148,148,255
37,25,153,148,148,255
37,26,154,148,148,255
37,27,153,148,148,255
37,28,153,148,147,255
37,29,155,149,148,255
37,30,155,149,147,255
37,31,155,150,148,255
37,32,155,150,148,255
37,33,155,151,148,255
37,34,156,150,147,255
37,35,159,152,147,255
37,36,158,151,143,255
37,37,158,148,138,255
37,38,156,146,131,255
37,39,156,145,128,255
37,40,156,146,128,255
37,41,157,148,130,255
37,42,157,148,130,255
37,43,159,149,132,255
37,44,160,152,136,255
37,45,160,152,136,255
37,46,160,152,135,255
37,47,160,151,134,255
37,48,160,153,136,255
37,49,161,155,138,255
37,50,163,159,144,255
37,51,165,161,149,255
37,52,165,163,152,255
37,53,165,163,155,255
37,54,158,160,154,255
37,55,118,139,142,255
37,56,86,119,127,255
37,57,59,95,102,255
37,58,42,79,86,255
37,59,59,93,96,255
37,60,59,101,104,255
37,61,56,101,102,255
37,62,38,75,73,255
37,63,13,50,46,255
37,64,22,53,53,255
37,65,42,73,69,255
37,66,56,93,79,255
37,67,64,95,75,255
37,68,59,88,71,255
37,69,56,73,81,255
37,70,50,64,86,255
37,71,50,64,86,255
37,72,46,59,85,255
37,73,53,64,88,255
37,74,59,75,96,255
37,75,120,155,175,255
37,76,192,203,212,255
37,77,193,206,214,255
37,78,193,204,214,255
37,79,193,204,214,255
37,80,192,204,214,255
37,81,192,204,214,255
37,82,192,204,214,255
37,83,192,203,214,255
37,84,192,203,214,255
37,85,192,203,214,255
37,86,192,203,213,255
37,87,192,203,214,255
37,88,190,202,213,255
37,89,192,203,213,255
37,90,190,203,214,255
37,91,190,203,213,255
37,92,190,202,212,255
37,93,190,202,211,255
37,94,190,202,212,255
37,95,190,203,213,255
37,96,190,203,212,255
37,97,190,201,211,255
37,98,190,201,211,255
37,99,190,201,211,255
37,100,190,201,212,255
37,101,190,201,211,255
37,102,191,200,210,255
37,103,191,202,211,255
37,104,190,202,212,255
37,105,190,201,210,255
37,106,190,200,209,255
37,107,188,200,210,255
37,108,189,200,210,255
37,109,189,201,211,255
37,110,188,202,211,255
37,111,189,201,211,255
37,112,189,201,211,255
37,113,189,200,210,255
37,114,189,198,208,255
37,115,187,198,209,255
37,116,187,197,208,255
37,117,188,198,208,255
37,118,190,199,208,255
37,119,190,199,208,255
37,120,188,198,208,255
37,121,185,197,209,255
37,122,188,198,209,255
37,123,188,199,209,255
37,124,188,199,209,255
37,125,189,199,209,255
37,126,186,197,208,255
37,127,184,197,209,255
37,128,184,197,209,255
37,129,184,198,209,255
37,130,186,198,209,255
37,131,186,198,209,255
37,132,184,198,209,255
37,133,184,197,209,255
37,134,184,197,209,255
37,135,182,195,208,255
37,136,182,195,208,255
37,137,182,194,206,255
37,138,181,194,207,255
37,139,181,194,207,255
37,140,180,194,207,255
37,141,180,194,207,255
37,142,185,197,208,255
37,143,186,197,208,255
38,0,151,148,149,255
38,1,151,148,148,255
38,2,152,148,149,255
38,3,152,148,149,255
38,4,152,148,148,255
38,5,152,148,148,255
38,6,152,148,146,255
38,7,152,148,146,255
38,8,152,147,144,255
38,9,152,148,148,255
38,10,152,148,147,255
38,11,152,148,148,255
38,12,153,148,148,255
38,13,153,148,148,255
38,14,153,148,148,255
38,15,152,148,147,255
38,16,152,148,147,255
38,17,155,148,146,255
38,18,155,148,145,255
38,19,154,148,145,255
38,20,154,148,145,255
38,21,155,148,145,255
38,22,155,147,142,255
38,23,155,148,145,255
38,24,155,149,148,255
38,25,155,149,148,255
38,26,154,149,148,255
38,27,153,148,148,255
38,28,153,148,147,255
38,29,155,149,148,255
38,30,155,150,148,255
38,31,155,150,148,255
38,32,155,150,148,255
38,33,155,150,148,255
38,34,156,151,148,255
38,35,159,152,148,255
38,36,159,152,145,255
38,37,159,150,140,255
38,38,156,146,131,255
38,39,156,146,129,255
38,40,155,146,128,255
38,41,157,148,130,255
38,42,157,148,130,255
38,43,159,148,131,255
38,44,159,148,131,255
38,45,159,150,133,255
38,46,160,151,134,255
38,47,160,152,135,255
38,48,160,154,137,255
38,49,161,155,138,255
38,50,163,159,144,255
38,51,165,160,149,255
38,52,165,163,152,255
38,53,165,163,155,255
38,54,163,163,155,255
38,55,124,147,148,255
38,56,71,127,136,255
38,57,66,114,126,255
38,58,59,104,115,255
38,59,53,93,101,255
38,60,64,101,99,255
38,61,66,106,104,255
38,62,46,77,71,255
38,63,38,71,64,255
38,64,42,81,73,255
38,65,53,85,69,255
38,66,59,91,71,255
38,67,53,88,64,255
38,68,59,85,66,255
38,69,56,75,85,255
38,70,53,66,88,255
38,71,56,66,90,255
38,72,50,64,88,255
38,73,50,61,88,255
38,74,56,73,96,255
38,75,112,148,166,255
38,76,178,193,206,255
38,77,192,205,213,255
38,78,194,205,214,255
38,79,192,205,215,255
38,80,192,205,214,255
38,81,192,204,214,255
38,82,192,204,214,255
38,83,192,203,214,255
38,84,192,203,214,255
38,85,192,203,214,255
38,86,192,203,213,255
38,87,192,203,214,255
38,88,190,203,214,255
38,89,192,202,213,255
38,90,190,203,214,255
38,91,190,203,213,255
38,92,190,201,211,255
38,93,190,201,211,255
38,94,190,202,213,255
38,95,190,203,213,255
38,96,190,203,212,255
38,97,190,201,211,255
38,98,192,202,212,255
38,99,192,202,212,255
38,100,192,202,212,255
38,101,190,201,211,255
38,102,191,200,210,255
38,103,191,202,211,255
38,104,191,202,211,255
38,105,190,201,210,255
38,106,191,201,209,255
38,107,188,201,211,255
38,108,188,200,211,255
38,109,188,201,210,255
38,110,188,202,211,255
38,111,186,200,210,255
38,112,186,200,210,255
38,113,187,197,209,255
38,114,189,198,208,255
38,115,187,198,209,255
38,116,187,197,208,255
38,117,190,199,208,255
38,118,190,199,208,255
38,119,190,199,208,255
38,120,189,198,208,255
38,121,185,197,209,255
38,122,188,198,209,255
38,123,188,199,209,255
38,124,188,199,209,255
38,125,189,198,208,255
38,126,186,197,208,255
38,127,184,197,209,255
38,128,184,197,209,255
38,129,185,198,210,255
38,130,188,199,210,255
38,131,188,199,210,255
38,132,187,199,209,255
38,133,184,197,209,255
38,134,186,196,208,255
38,135,183,195,207,255
38,136,182,194,206,255
38,137,182,194,206,255
38,138,181,194,207,255
38,139,182,195,207,255
38,140,185,197,208,255
38,141,185,197,208,255
38,142,186,197,208,255
38,143,189,198,208,255
39,0,151,148,149,255
39,1,151,148,149,255
39,2,152,148,149,255
39,3,152,148,149,255
39,4,152,148,148,255
39,5,152,148,148,255
39,6,152,148,147,255
39,7,152,148,147,255
39,8,152,147,144,255
39,9,152,148,148,255
39,10,152,148,148,255
39,11,153,149,148,255
39,12,153,149,148,255
39,13,153,148,148,255
39,14,153,148,148,255
39,15,152,148,148,255
39,16,152,148,148,255
39,17,154,148,147,255
39,18,155,148,145,255
39,19,155,148,145,255
39,20,154,148,145,255
39,21,155,148,145,255
39,22,155,148,142,255
39,23,155,148,144,255
39,24,155,148,144,255
39,25,155,149,148,255
39,26,154,149,148,255
39,27,153,148,148,255
39,28,154,149,148,255
39,29,155,149,148,255
39,30,155,149,148,255
39,31,155,149,148,255
39,32,156,151,148,255
39,33,155,150,148,255
39,34,156,152,148,255
39,35,157,152,148,255
39,36,159,152,145,255
39,37,159,150,140,255
39,38,157,147,133,255
39,39,157,147,131,255
39,40,157,147,129,255
39,41,157,148,130,255
39,42,157,148,130,255
39,43,159,148,131,255
39,44,159,148,131,255
39,45,159,150,132,255
39,46,160,151,134,255
39,47,161,153,136,255
39,48,161,155,137,255
39,49,161,155,138,255
39,50,163,159,144,255
39,51,165,160,149,255
39,52,165,162,151,255
39,53,167,164,155,255
39,54,165,164,155,255
39,55,159,161,156,255
39,56,126,149,151,255
39,57,105,135,138,255
39,58,91,125,128,255
39,59,75,108,108,255
39,60,61,91,85,255
39,61,66,99,88,255
39,62,53,81,64,255
39,63,50,85,64,255
39,64,61,98,81,255
39,65,56,90,66,255
39,66,53,86,59,255
39,67,53,90,66,255
39,68,53,91,85,255
39,69,53,71,86,255
39,70,50,61,86,255
39,71,46,61,86,255
39,72,46,61,86,255
39,73,50,61,86,255
39,74,53,66,91,255
39,75,88,125,145,255
39,76,165,184,196,255
39,77,192,204,213,255
39,78,194,205,215,255
39,79,194,205,215,255
39,80,194,205,215,255
39,81,192,205,215,255
39,82,193,205,215,255
39,83,193,204,214,255
39,84,192,203,214,255
39,85,193,204,214,255
39,86,192,203,213,255
39,87,192,203,214,255
39,88,190,203,214,255
39,89,192,203,213,255
39,90,191,203,214,255
39,91,190,203,213,255
39,92,190,201,211,255
39,93,190,201,211,255
39,94,190,202,213,255
39,95,191,203,213,255
39,96,191,203,213,255
39,97,190,202,211,255
39,98,190,202,213,255
39,99,190,202,212,255
39,100,190,202,212,255
39,101,192,201,211,255
39,102,190,200,210,255
39,103,191,201,210,255
39,104,191,202,211,255
39,105,191,201,210,255
39,106,191,201,209,255
39,107,188,201,211,255
39,108,188,200,211,255
39,109,188,200,210,255
39,110,189,202,211,255
39,111,188,200,211,255
39,112,187,198,209,255
39,113,187,198,209,255
39,114,189,198,208,255
39,115,186,197,206,255
39,116,187,197,208,255
39,117,189,199,208,255
39,118,190,199,208,255
39,119,186,197,208,255
39,120,186,197,208,255
39,121,187,198,209,255
39,122,190,199,210,255
39,123,188,199,209,255
39,124,189,198,208,255
39,125,189,198,208,255
39,126,188,197,208,255
39,127,184,197,208,255
39,128,184,197,208,255
39,129,185,198,210,255
39,130,188,200,210,255
39,131,188,198,209,255
39,132,188,198,209,255
39,133,186,196,208,255
39,134,186,196,208,255
39,135,181,195,207,255
39,136,181,195,206,255
39,137,181,195,206,255
39,138,182,195,207,255
39,139,182,195,207,255
39,140,187,197,208,255
39,141,187,197,208,255
39,142,189,198,208,255
39,143,189,198,208,255
40,0,152,148,149,255
40,1,152,148,149,255
40,2,152,148,149,255
40,3,152,148,149,255
40,4,152,148,148,255
40,5,152,148,148,255
40,6,152,148,147,255
40,7,152,148,147,255
40,8,152,147,144,255
40,9,152,147,144,255
40,10,152,148,147,255
40,11,152,148,148,255
40,12,152,148,148,255
40,13,153,148,148,255
40,14,153,149,148,255
40,15,153,149,148,255
40,16,153,148,148,255
40,17,153,149,148,255
40,18,155,148,145,255
40,19,155,148,145,255
40,20,155,148,144,255
40,21,155,148,146,255
40,22,155,148,144,255
40,23,155,148,145,255
40,24,155,148,145,255
40,25,155,149,148,255
40,26,154,149,148,255
40,27,154,149,148,255
40,28,156,150,148,255
40,29,155,150,148,255
40,30,156,150,148,255
40,31,156,150,148,255
40,32,156,150,148,255
40,33,156,151,148,255
40,34,156,152,148,255
40,35,157,152,148,255
40,36,159,152,146,255
40,37,159,151,142,255
40,38,157,148,135,255
40,39,157,148,132,255
40,40,158,148,131,255
40,41,157,148,130,255
40,42,158,148,131,255
40,43,159,148,130,255
40,44,159,148,130,255
40,45,160,150,132,255
40,46,160,151,133,255
40,47,161,153,136,255
40,48,161,155,137,255
40,49,160,155,137,255
40,50,163,158,143,255
40,51,165,161,148,255
40,52,165,163,151,255
40,53,167,164,155,255
40,54,167,165,156,255
40,55,165,164,158,255
40,56,158,163,159,255
40,57,122,133,127,255
40,58,98,117,110,255
40,59,85,108,99,255
40,60,61,95,86,255
40,61,59,88,71,255
40,62,56,83,59,255
40,63,59,88,61,255
40,64,71,106,81,255
40,65,64,93,64,255
40,66,53,81,56,255
40,67,61,95,71,255
40,68,75,110,102,255
40,69,53,71,90,255
40,70,50,64,90,255
40,71,50,64,88,255
40,72,46,61,86,255
40,73,46,59,86,255
40,74,46,61,86,255
40,75,88,109,124,255
40,76,152,173,188,255
40,77,192,204,213,255
40,78,194,205,215,255
40,79,194,206,215,255
40,80,194,206,216,255
40,81,193,205,215,255
40,82,193,205,215,255
40,83,193,204,215,255
40,84,192,203,214,255
40,85,193,204,215,255
40,86,192,204,214,255
40,87,192,203,213,255
40,88,192,203,214,255
40,89,192,203,214,255
40,90,191,203,214,255
40,91,191,203,213,255
40,92,192,202,211,255
40,93,191,202,212,255
40,94,191,203,213,255
40,95,191,203,213,255
40,96,191,203,213,255
40,97,192,202,212,255
40,98,192,203,213,255
40,99,191,203,213,255
40,100,191,203,213,255
40,101,190,202,211,255
40,102,187,202,211,255
40,103,192,202,211,255
40,104,192,202,211,255
40,105,192,201,210,255
40,106,190,200,210,255
40,107,189,200,211,255
40,108,188,200,211,255
40,109,188,200,210,255
40,110,190,202,211,255
40,111,189,200,210,255
40,112,190,199,209,255
40,113,190,199,209,255
40,114,189,198,208,255
40,115,187,197,206,255
40,116,187,197,207,255
40,117,189,199,208,255
40,118,189,198,208,255
40,119,187,197,208,255
40,120,187,197,208,255
40,121,185,197,209,255
40,122,189,199,210,255
40,123,187,199,209,255
40,124,189,198,208,255
40,125,190,198,208,255
40,126,189,198,208,255
40,127,186,198,209,255
40,128,186,199,210,255
40,129,186,199,210,255
40,130,188,200,210,255
40,131,188,199,210,255
40,132,188,199,210,255
40,133,186,197,209,255
40,134,181,195,207,255
40,135,181,195,207,255
40,136,181,197,207,255
40,137,181,197,207,255
40,138,182,196,207,255
40,139,182,196,207,255
40,140,187,197,208,255
40,141,182,196,208,255
40,142,184,197,207,255
40,143,184,197,207,255
41,0,152,148,150,255
41,1,152,148,150,255
41,2,152,148,149,255
41,3,152,148,149,255
41,4,153,148,149,255
41,5,153,148,149,255
41,6,152,148,147,255
41,7,152,148,147,255
41,8,153,148,145,255
41,9,153,148,145,255
41,10,153,148,147,255
41,11,152,148,148,255
41,12,152,148,148,255
41,13,154,148,148,255
41,14,153,149,148,255
41,15,153,149,148,255
41,16,154,149,148,255
41,17,153,149,148,255
41,18,155,148,145,255
41,19,155,148,145,255
41,20,155,148,146,255
41,21,155,149,146,255
41,22,155,149,146,255
41,23,155,148,146,255
41,24,155,148,145,255
41,25,155,149,148,255
41,26,155,150,148,255
41,27,155,150,148,255
41,28,155,150,148,255
41,29,156,151,149,255
41,30,155,150,148,255
41,31,155,150,148,255
41,32,156,150,148,255
41,33,156,151,148,255
41,34,156,151,148,255
41,35,158,153,148,255
41,36,159,153,148,255
41,37,160,152,144,255
41,38,159,149,138,255
41,39,158,148,133,255
41,40,157,147,131,255
41,41,158,148,130,255
41,42,158,148,131,255
41,43,159,149,131,255
41,44,159,149,131,255
41,45,160,150,132,255
41,46,160,151,133,255
41,47,161,154,136,255
41,48,161,155,137,255
41,49,163,155,138,255
41,50,163,159,143,255
41,51,166,161,148,255
41,52,165,163,150,255
41,53,167,165,155,255
41,54,167,166,158,255
41,55,156,160,155,255
41,56,160,160,151,255
41,57,93,108,98,255
41,58,61,88,81,255
41,59,75,102,91,255
41,60,79,117,105,255
41,61,59,85,69,255
41,62,53,79,64,255
41,63,50,85,59,255
41,64,71,102,69,255
41,65,56,86,56,255
41,66,50,77,56,255
41,67,61,93,77,255
41,68,81,105,95,255
41,69,56,71,90,255
41,70,56,69,91,255
41,71,53,64,90,255
41,72,50,64,88,255
41,73,46,61,88,255
41,74,46,61,86,255
41,75,73,90,104,255
41,76,144,164,178,255
41,77,192,205,213,255
41,78,194,205,215,255
41,79,194,205,215,255
41,80,194,206,216,255
41,81,195,206,215,255
41,82,193,206,215,255
41,83,193,205,215,255
41,84,192,203,214,255
41,85,193,203,214,255
41,86,193,205,214,255
41,87,192,203,214,255
41,88,191,203,214,255
41,89,191,203,214,255
41,90,191,203,214,255
41,91,191,203,213,255
41,92,191,202,211,255
41,93,191,202,213,255
41,94,191,203,214,255
41,95,191,204,214,255
41,96,191,203,213,255
41,97,192,202,212,255
41,98,192,203,213,255
41,99,190,203,213,255
41,100,190,203,213,255
41,101,190,202,213,255
41,102,189,203,213,255
41,103,191,203,212,255
41,104,193,202,211,255
41,105,192,202,211,255
41,106,190,201,210,255
41,107,186,200,211,255
41,108,189,200,211,255
41,109,189,201,211,255
41,110,190,202,211,255
41,111,191,200,210,255
41,112,192,199,209,255
41,113,192,199,209,255
41,114,190,199,208,255
41,115,188,198,207,255
41,116,187,199,208,255
41,117,187,198,208,255
41,118,189,198,208,255
41,119,187,197,208,255
41,120,186,197,208,255
41,121,186,197,209,255
41,122,189,199,210,255
41,123,190,199,209,255
41,124,190,198,208,255
41,125,190,198,208,255
41,126,189,198,208,255
41,127,186,197,209,255
41,128,186,199,209,255
41,129,186,199,209,255
41,130,187,200,210,255
41,131,188,199,210,255
41,132,188,199,210,255
41,133,184,197,209,255
41,134,182,196,208,255
41,135,182,196,208,255
41,136,181,197,207,255
41,137,181,197,207,255
41,138,182,196,208,255
41,139,182,196,208,255
41,140,182,196,208,255
41,141,182,196,208,255
41,142,183,197,208,255
41,143,183,197,208,255
42,0,152,148,150,255
42,1,152,148,150,255
42,2,152,148,150,255
42,3,152,148,149,255
42,4,152,148,149,255
42,5,153,148,149,255
42,6,153,148,148,255
42,7,153,148,148,255
42,8,153,147,145,255
42,9,153,147,145,255
42,10,153,148,147,255
42,11,153,149,148,255
42,12,153,149,148,255
42,13,155,149,148,255
42,14,155,149,148,255
42,15,155,149,148,255
42,16,154,149,148,255
42,17,154,149,148,255
42,18,155,148,146,255
42,19,155,148,146,255
42,20,155,149,147,255
42,21,155,149,147,255
42,22,155,149,147,255
42,23,155,148,146,255
42,24,155,148,146,255
42,25,155,150,148,255
42,26,154,150,148,255
42,27,155,150,148,255
42,28,156,150,148,255
42,29,156,151,149,255
42,30,156,151,149,255
42,31,155,150,148,255
42,32,156,150,148,255
42,33,157,151,149,255
42,34,157,152,149,255
42,35,158,152,149,255
42,36,159,154,148,255
42,37,160,153,146,255
42,38,160,150,140,255
42,39,158,148,135,255
42,40,158,148,132,255
42,41,158,148,132,255
42,42,159,149,132,255
42,43,158,148,131,255
42,44,159,149,131,255
42,45,160,150,132,255
42,46,160,151,133,255
42,47,161,154,137,255
42,48,161,155,137,255
42,49,163,155,138,255
42,50,163,158,143,255
42,51,164,161,148,255
42,52,166,165,156,255
42,53,167,170,165,255
42,54,145,167,163,255
42,55,136,155,151,255
42,56,130,141,136,255
42,57,71,91,85,255
42,58,61,109,104,255
42,59,79,119,105,255
42,60,95,128,113,255
42,61,61,88,69,255
42,62,61,91,73,255
42,63,56,83,59,255
42,64,53,85,56,255
42,65,53,81,56,255
42,66,53,81,66,255
42,67,69,95,81,255
42,68,59,90,77,255
42,69,50,73,88,255
42,70,53,64,86,255
42,71,50,61,86,255
42,72,50,61,86,255
42,73,46,61,85,255
42,74,42,59,83,255
42,75,56,77,93,255
42,76,139,158,172,255
42,77,188,203,213,255
42,78,194,205,215,255
42,79,194,206,215,255
42,80,195,206,216,255
42,81,194,206,216,255
42,82,193,206,215,255
42,83,194,205,215,255
42,84,193,204,215,255
42,85,193,204,214,255
42,86,194,205,215,255
42,87,194,205,215,255
42,88,192,204,214,255
42,89,192,204,214,255
42,90,192,204,214,255
42,91,191,204,214,255
42,92,192,202,213,255
42,93,191,203,214,255
42,94,192,203,214,255
42,95,191,204,214,255
42,96,191,203,213,255
42,97,191,203,213,255
42,98,191,202,213,255
42,99,190,203,213,255
42,100,190,202,213,255
42,101,190,204,213,255
42,102,190,203,213,255
42,103,190,203,212,255
42,104,192,203,211,255
42,105,192,203,211,255
42,106,190,202,211,255
42,107,189,202,212,255
42,108,189,200,211,255
42,109,187,201,211,255
42,110,189,200,211,255
42,111,191,200,210,255
42,112,192,199,209,255
42,113,190,199,208,255
42,114,188,199,208,255
42,115,188,199,208,255
42,116,186,199,209,255
42,117,186,198,209,255
42,118,186,198,209,255
42,119,186,197,208,255
42,120,186,197,208,255
42,121,186,197,209,255
42,122,189,199,210,255
42,123,190,199,209,255
42,124,189,200,209,255
42,125,189,200,209,255
42,126,187,198,209,255
42,127,186,197,209,255
42,128,187,200,210,255
42,129,187,200,210,255
42,130,186,200,209,255
42,131,185,199,210,255
42,132,185,199,210,255
42,133,184,197,209,255
42,134,184,197,209,255
42,135,184,197,209,255
42,136,184,198,209,255
42,137,184,198,209,255
42,138,182,196,208,255
42,139,184,197,209,255
42,140,184,197,209,255
42,141,183,197,208,255
42,142,183,197,208,255
42,143,183,197,208,255
43,0,153,149,150,255
43,1,153,149,150,255
43,2,153,149,150,255
43,3,153,149,150,255
43,4,152,148,149,255
43,5,153,149,150,255
43,6,153,149,150,255
43,7,154,149,149,255
43,8,153,148,147,255
43,9,153,147,145,255
43,10,153,148,147,255
43,11,154,149,149,255
43,12,154,149,149,255
43,13,155,149,148,255
43,14,155,150,148,255
43,15,155,149,148,255
43,16,154,149,148,255
43,17,154,150,148,255
43,18,155,149,148,255
43,19,155,149,148,255
43,20,155,149,147,255
43,21,155,150,148,255
43,22,155,149,147,255
43,23,155,149,147,255
43,24,155,150,148,255
43,25,156,151,149,255
43,26,156,150,149,255
43,27,156,151,149,255
43,28,157,151,149,255
43,29,156,151,149,255
43,30,156,151,149,255
43,31,156,151,149,255
43,32,156,151,148,255
43,33,157,152,149,255
43,34,157,152,149,255
43,35,158,152,149,255
43,36,160,154,149,255
43,37,160,154,147,255
43,38,160,152,142,255
43,39,160,149,136,255
43,40,159,149,133,255
43,41,159,148,132,255
43,42,159,149,132,255
43,43,159,149,132,255
43,44,160,150,132,255
43,45,160,150,132,255
43,46,160,151,134,255
43,47,162,155,138,255
43,48,162,155,137,255
43,49,163,156,139,255
43,50,163,159,142,255
43,51,164,161,148,255
43,52,159,171,162,255
43,53,146,181,174,255
43,54,135,176,173,255
43,55,120,160,158,255
43,56,118,141,136,255
43,57,66,105,102,255
43,58,109,134,121,255
43,59,95,134,120,255
43,60,90,134,125,255
43,61,64,91,73,255
43,62,64,98,77,255
43,63,46,88,71,255
43,64,56,83,59,255
43,65,53,83,64,255
43,66,61,88,71,255
43,67,66,98,83,255
43,68,50,86,75,255
43,69,50,71,88,255
43,70,46,61,88,255
43,71,50,61,86,255
43,72,46,59,85,255
43,73,46,59,83,255
43,74,38,53,79,255
43,75,53,73,90,255
43,76,132,155,169,255
43,77,192,205,213,255
43,78,194,206,215,255
43,79,195,205,215,255
43,80,195,206,216,255
43,81,194,205,215,255
43,82,194,206,216,255
43,83,194,206,216,255
43,84,194,205,215,255
43,85,194,204,215,255
43,86,194,205,215,255
43,87,193,204,215,255
43,88,192,205,214,255
43,89,192,204,214,255
43,90,192,205,215,255
43,91,192,204,214,255
43,92,192,203,213,255
43,93,191,203,214,255
43,94,192,203,215,255
43,95,192,205,214,255
43,96,191,203,213,255
43,97,191,203,212,255
43,98,191,202,212,255
43,99,191,203,213,255
43,100,190,204,213,255
43,101,190,204,213,255
43,102,193,205,213,255
43,103,190,203,213,255
43,104,189,202,211,255
43,105,190,202,211,255
43,106,190,201,210,255
43,107,189,202,213,255
43,108,190,201,211,255
43,109,187,201,211,255
43,110,189,200,210,255
43,111,191,200,209,255
43,112,190,199,208,255
43,113,188,199,208,255
43,114,190,200,208,255
43,115,190,200,209,255
43,116,187,200,210,255
43,117,186,198,209,255
43,118,188,199,209,255
43,119,188,197,208,255
43,120,186,197,209,255
43,121,186,197,209,255
43,122,186,198,209,255
43,123,190,200,210,255
43,124,192,201,210,255
43,125,192,201,210,255
43,126,189,199,209,255
43,127,187,198,209,255
43,128,187,200,210,255
43,129,187,200,210,255
43,130,187,200,210,255
43,131,186,199,209,255
43,132,186,199,209,255
43,133,186,199,209,255
43,134,184,197,209,255
43,135,184,197,208,255
43,136,185,199,209,255
43,137,184,198,209,255
43,138,184,198,209,255
43,139,184,197,209,255
43,140,186,199,209,255
43,141,186,198,209,255
43,142,186,198,209,255
43,143,184,196,208,255
44,0,153,150,151,255
44,1,153,149,150,255
44,2,153,149,150,255
44,3,153,149,150,255
44,4,153,149,150,255
44,5,153,149,150,255
44,6,153,149,150,255
44,7,154,149,150,255
44,8,153,148,147,255
44,9,153,148,147,255
44,10,153,148,146,255
44,11,153,148,146,255
44,12,153,149,149,255
44,13,154,150,149,255
44,14,155,150,148,255
44,15,155,150,148,255
44,16,155,150,149,255
44,17,155,150,149,255
44,18,155,150,149,255
44,19,155,149,148,255
44,20,155,149,147,255
44,21,155,150,148,255
44,22,156,151,148,255
44,23,156,151,148,255
44,24,156,150,148,255
44,25,156,150,149,255
44,26,156,151,149,255
44,27,156,151,149,255
44,28,156,151,149,255
44,29,156,151,149,255
44,30,156,151,149,255
44,31,157,151,149,255
44,32,157,152,149,255
44,33,157,152,149,255
44,34,157,153,150,255
44,35,157,152,149,255
44,36,159,154,149,255
44,37,160,154,148,255
44,38,160,152,144,255
44,39,160,151,138,255
44,40,159,149,133,255
44,41,159,148,132,255
44,42,159,149,132,255
44,43,159,149,132,255
44,44,159,149,131,255
44,45,160,150,132,255
44,46,160,152,135,255
44,47,162,155,138,255
44,48,161,155,137,255
44,49,163,156,139,255
44,50,163,159,142,255
44,51,165,161,148,255
44,52,160,169,157,255
44,53,147,179,169,255
44,54,142,182,177,255
44,55,127,170,169,255
44,56,104,151,157,255
44,57,83,140,147,255
44,58,90,128,121,255
44,59,101,141,133,255
44,60,119,152,136,255
44,61,66,91,75,255
44,62,71,108,81,255
44,63,46,88,71,255
44,64,56,83,59,255
44,65,53,83,64,255
44,66,61,88,71,255
44,67,66,98,83,255
44,68,50,86,75,255
44,69,50,71,88,255
44,70,46,61,88,255
44,71,50,61,86,255
44,72,46,59,85,255
44,73,46,59,83,255
44,74,38,53,79,255
44,75,53,73,90,255
44,76,132,155,169,255
44,77,192,205,213,255
44,78,194,206,215,255
44,79,195,205,215,255
44,80,195,206,216,255
44,81,194,206,216,255
44,82,194,206,216,255
44,83,194,206,216,255
44,84,194,205,215,255
44,85,194,205,215,255
44,86,194,204,215,255
44,87,194,205,215,255
44,88,192,205,214,255
44,89,192,205,215,255
44,90,192,205,215,255
44,91,192,205,215,255
44,92,193,203,213,255
44,93,194,204,215,255
44,94,192,204,215,255
44,95,192,205,215,255
44,96,192,204,214,255
44,97,191,203,212,255
44,98,192,203,213,255
44,99,191,203,213,255
44,100,191,204,213,255
44,101,191,204,213,255
44,102,193,205,213,255
44,103,190,203,213,255
44,104,190,202,213,255
44,105,190,202,211,255
44,106,189,201,210,255
44,107,190,203,213,255
44,108,190,202,213,255
44,109,188,201,211,255
44,110,190,200,210,255
44,111,190,200,209,255
44,112,190,199,209,255
44,113,190,200,208,255
44,114,190,200,208,255
44,115,190,200,209,255
44,116,189,200,210,255
44,117,187,199,210,255
44,118,188,198,209,255
44,119,189,197,208,255
44,120,185,197,209,255
44,121,185,197,209,255
44,122,186,198,209,255
44,123,190,200,210,255
44,124,191,201,210,255
44,125,187,199,209,255
44,126,187,199,209,255
44,127,187,199,209,255
44,128,187,200,210,255
44,129,187,200,210,255
44,130,185,200,211,255
44,131,185,199,210,255
44,132,185,198,209,255
44,133,185,198,209,255
44,134,184,197,208,255
44,135,184,197,208,255
44,136,185,197,208,255
44,137,186,199,209,255
44,138,186,199,209,255
44,139,186,199,209,255
44,140,186,199,209,255
44,141,187,197,208,255
44,142,187,197,208,255
44,143,184,196,208,255
45,0,154,150,152,255
45,1,153,149,150,255
45,2,153,149,150,255
45,3,153,149,150,255
45,4,153,149,150,255
45,5,154,150,151,255
45,6,153,149,150,255
45,7,154,149,150,255
45,8,154,149,150,255
45,9,155,149,148,255
45,10,154,148,147,255
45,11,154,148,147,255
45,12,153,149,149,255
45,13,154,150,149,255
45,14,154,150,149,255
45,15,155,150,148,255
45,16,155,150,148,255
45,17,155,150,149,255
45,18,155,150,149,255
45,19,155,149,148,255
45,20,155,149,147,255
45,21,156,151,148,255
45,22,156,150,148,255
45,23,156,150,148,255
45,24,156,151,149,255
45,25,157,152,150,255
45,26,156,151,150,255
45,27,156,151,149,255
45,28,156,151,149,255
45,29,157,151,149,255
45,30,157,151,149,255
45,31,157,152,150,255
45,32,157,153,150,255
45,33,157,153,149,255
45,34,158,153,150,255
45,35,157,153,150,255
45,36,159,154,150,255
45,37,161,155,150,255
45,38,160,152,144,255
45,39,160,151,138,255
45,40,160,148,134,255
45,41,160,149,133,255
45,42,160,150,133,255
45,43,160,150,133,255
45,44,160,149,131,255
45,45,160,151,132,255
45,46,160,152,135,255
45,47,162,155,138,255
45,48,162,155,138,255
45,49,163,156,138,255
45,50,165,159,143,255
45,51,165,161,147,255
45,52,165,163,149,255
45,53,163,169,159,255
45,54,149,180,172,255
45,55,135,175,171,255
45,56,129,171,170,255
45,57,129,173,173,255
45,58,93,136,134,255
45,59,101,141,133,255
45,60,119,152,136,255
45,61,66,91,75,255
45,62,71,108,81,255
45,63,75,113,91,255
45,64,56,85,64,255
45,65,61,91,71,255
45,66,59,99,83,255
45,67,73,113,95,255
45,68,53,88,79,255
45,69,53,69,90,255
45,70,53,69,91,255
45,71,53,66,91,255
45,72,46,61,88,255
45,73,46,61,86,255
45,74,38,56,83,255
45,75,46,71,88,255
45,76,132,147,155,255
45,77,186,200,210,255
45,78,195,206,216,255
45,79,195,206,215,255
45,80,196,206,216,255
45,81,194,206,216,255
45,82,194,206,216,255
45,83,194,206,216,255
45,84,194,205,215,255
45,85,194,205,216,255
45,86,194,205,215,255
45,87,194,205,215,255
45,88,192,205,215,255
45,89,192,205,214,255
45,90,192,205,215,255
45,91,192,205,215,255
45,92,194,204,214,255
45,93,192,204,215,255
45,94,192,205,215,255
45,95,192,205,214,255
45,96,192,203,213,255
45,97,192,203,212,255
45,98,192,203,213,255
45,99,192,203,214,255
45,100,190,204,213,255
45,101,190,204,213,255
45,102,193,203,213,255
45,103,190,203,213,255
45,104,190,202,213,255
45,105,190,202,211,255
45,106,189,201,210,255
45,107,189,202,212,255
45,108,191,202,213,255
45,109,189,201,212,255
45,110,191,201,211,255
45,111,190,202,210,255
45,112,190,200,209,255
45,113,190,200,210,255
45,114,190,200,210,255
45,115,190,200,209,255
45,116,189,200,210,255
45,117,187,200,211,255
45,118,189,199,210,255
45,119,189,197,208,255
45,120,185,198,209,255
45,121,185,198,209,255
45,122,185,197,208,255
45,123,189,199,209,255
45,124,191,201,210,255
45,125,186,199,210,255
45,126,186,199,210,255
45,127,185,199,209,255
45,128,186,200,211,255
45,129,185,200,211,255
45,130,185,200,211,255
45,131,185,199,210,255
45,132,184,197,209,255
45,133,184,197,209,255
45,134,185,196,208,255
45,135,185,197,208,255
45,136,185,197,208,255
45,137,186,199,209,255
45,138,186,198,208,255
45,139,186,199,209,255
45,140,186,199,209,255
45,141,187,197,208,255
45,142,187,197,208,255
45,143,184,197,209,255
46,0,154,150,152,255
46,1,153,149,151,255
46,2,153,149,151,255
46,3,154,150,151,255
46,4,154,150,151,255
46,5,154,150,151,255
46,6,154,150,151,255
46,7,154,150,150,255
46,8,154,150,150,255
46,9,155,149,148,255
46,10,154,148,147,255
46,11,154,148,147,255
46,12,155,150,149,255
46,13,154,149,149,255
46,14,154,149,149,255
46,15,155,149,148,255
46,16,155,149,148,255
46,17,156,151,149,255
46,18,155,150,149,255
46,19,156,150,149,255
46,20,155,150,148,255
46,21,156,151,149,255
46,22,156,151,150,255
46,23,156,151,150,255
46,24,157,151,150,255
46,25,157,151,150,255
46,26,156,151,150,255
46,27,156,151,149,255
46,28,157,152,150,255
46,29,157,152,150,255
46,30,157,152,150,255
46,31,157,152,150,255
46,32,157,153,149,255
46,33,158,153,150,255
46,34,158,154,150,255
46,35,158,154,150,255
46,36,160,155,150,255
46,37,161,155,150,255
46,38,162,155,147,255
46,39,160,151,140,255
46,40,160,149,135,255
46,41,160,148,133,255
46,42,160,148,133,255
46,43,160,150,134,255
46,44,160,150,133,255
46,45,160,151,133,255
46,46,161,154,135,255
46,47,162,155,138,255
46,48,163,155,139,255
46,49,164,157,139,255
46,50,164,158,142,255
46,51,165,161,148,255
46,52,165,162,148,255
46,53,166,161,147,255
46,54,163,166,155,255
46,55,162,166,157,255
46,56,129,171,170,255
46,57,129,173,173,255
46,58,93,136,134,255
46,59,110,147,138,255
46,60,109,137,114,255
46,61,61,90,73,255
46,62,69,102,77,255
46,63,81,114,90,255
46,64,59,88,69,255
46,65,64,93,71,255
46,66,77,109,86,255
46,67,83,117,95,255
46,68,71,102,90,255
46,69,56,69,90,255
46,70,56,66,90,255
46,71,53,66,90,255
46,72,50,61,88,255
46,73,46,61,88,255
46,74,46,59,86,255
46,75,46,69,88,255
46,76,99,114,122,255
46,77,182,197,206,255
46,78,195,206,216,255
46,79,195,206,215,255
46,80,196,206,216,255
46,81,196,207,217,255
46,82,194,207,217,255
46,83,194,206,216,255
46,84,194,205,216,255
46,85,194,205,216,255
46,86,194,205,215,255
46,87,194,205,215,255
46,88,193,205,215,255
46,89,192,204,214,255
46,90,192,205,215,255
46,91,192,205,215,255
46,92,194,204,214,255
46,93,192,205,215,255
46,94,192,205,215,255
46,95,192,205,214,255
46,96,192,202,212,255
46,97,192,202,211,255
46,98,192,203,213,255
46,99,192,203,213,255
46,100,192,205,214,255
46,101,192,203,213,255
46,102,192,203,213,255
46,103,192,204,214,255
46,104,190,202,214,255
46,105,190,202,211,255
46,106,189,201,210,255
46,107,191,202,213,255
46,108,190,201,212,255
46,109,190,202,211,255
46,110,191,202,211,255
46,111,190,201,210,255
46,112,191,202,210,255
46,113,189,200,210,255
46,114,189,200,210,255
46,115,190,201,210,255
46,116,189,200,211,255
46,117,187,200,211,255
46,118,190,199,210,255
46,119,188,197,208,255
46,120,186,198,209,255
46,121,186,198,209,255
46,122,186,198,208,255
46,123,189,199,208,255
46,124,191,200,209,255
46,125,186,199,210,255
46,126,186,198,209,255
46,127,186,200,210,255
46,128,190,202,213,255
46,129,189,202,213,255
46,130,189,202,213,255
46,131,187,199,210,255
46,132,184,197,209,255
46,133,184,197,209,255
46,134,183,197,208,255
46,135,186,198,208,255
46,136,186,198,208,255
46,137,186,198,208,255
46,138,186,198,208,255
46,139,185,197,208,255
46,140,185,197,208,255
46,141,188,197,209,255
46,142,188,197,209,255
46,143,184,197,209,255
47,0,153,150,152,255
47,1,153,150,152,255
47,2,154,150,152,255
47,3,154,150,152,255
47,4,154,150,151,255
47,5,154,150,151,255
47,6,154,150,151,255
47,7,154,151,151,255
47,8,154,151,151,255
47,9,155,150,150,255
47,10,154,148,147,255
47,11,154,148,147,255
47,12,155,149,148,255
47,13,155,150,150,255
47,14,155,150,150,255
47,15,156,150,148,255
47,16,155,149,148,255
47,17,156,151,149,255
47,18,156,151,149,255
47,19,156,151,149,255
47,20,157,151,149,255
47,21,157,152,149,255
47,22,157,152,150,255
47,23,157,152,150,255
47,24,157,151,150,255
47,25,157,151,150,255
47,26,157,152,150,255
47,27,157,152,150,255
47,28,157,152,150,255
47,29,157,152,150,255
47,30,157,152,150,255
47,31,158,153,150,255
47,32,158,153,150,255
47,33,157,153,150,255
47,34,158,153,150,255
47,35,158,154,150,255
47,36,160,155,150,255
47,37,161,155,150,255
47,38,162,155,148,255
47,39,160,152,142,255
47,40,160,150,137,255
47,41,160,149,133,255
47,42,160,149,133,255
47,43,161,150,134,255
47,44,160,150,133,255
47,45,160,151,133,255
47,46,162,153,136,255
47,47,163,155,139,255
47,48,163,155,139,255
47,49,163,156,139,255
47,50,164,157,141,255
47,51,166,158,140,255
47,52,164,156,137,255
47,53,166,161,147,255
47,54,163,166,155,255
47,55,162,166,157,255
47,56,138,158,148,255
47,57,148,163,154,255
47,58,118,146,139,255
47,59,102,137,127,255
47,60,73,104,85,255
47,61,59,90,71,255
47,62,61,91,71,255
47,63,64,98,77,255
47,64,59,90,71,255
47,65,61,90,66,255
47,66,61,91,71,255
47,67,73,102,81,255
47,68,53,98,90,255
47,69,53,66,86,255
47,70,46,59,85,255
47,71,50,61,85,255
47,72,46,59,85,255
47,73,46,61,86,255
47,74,42,56,83,255
47,75,46,66,86,255
47,76,69,95,106,255
47,77,176,192,203,255
47,78,195,206,215,255
47,79,196,206,216,255
47,80,196,207,217,255
47,81,197,208,218,255
47,82,194,208,217,255
47,83,195,207,217,255
47,84,194,205,216,255
47,85,194,206,216,255
47,86,194,205,215,255
47,87,194,205,215,255
47,88,193,205,215,255
47,89,192,204,214,255
47,90,192,205,215,255
47,91,193,206,215,255
47,92,194,205,215,255
47,93,192,204,215,255
47,94,193,205,215,255
47,95,192,204,213,255
47,96,192,202,212,255
47,97,192,202,211,255
47,98,190,203,213,255
47,99,191,203,214,255
47,100,191,204,215,255
47,101,192,204,214,255
47,102,192,204,214,255
47,103,192,205,214,255
47,104,190,203,214,255
47,105,190,202,211,255
47,106,190,201,211,255
47,107,191,202,213,255
47,108,190,201,212,255
47,109,189,202,213,255
47,110,190,200,211,255
47,111,191,200,209,255
47,112,190,200,210,255
47,113,190,201,211,255
47,114,192,202,211,255
47,115,192,202,211,255
47,116,190,203,213,255
47,117,189,202,213,255
47,118,190,199,210,255
47,119,188,197,208,255
47,120,187,198,209,255
47,121,187,198,209,255
47,122,187,199,209,255
47,123,189,199,208,255
47,124,188,199,208,255
47,125,186,198,209,255
47,126,186,198,209,255
47,127,186,200,210,255
47,128,191,202,213,255
47,129,188,201,211,255
47,130,188,201,211,255
47,131,186,199,210,255
47,132,184,197,209,255
47,133,184,197,209,255
47,134,185,197,209,255
47,135,189,199,209,255
47,136,189,199,209,255
47,137,185,198,209,255
47,138,185,198,209,255
47,139,185,197,208,255
47,140,185,197,208,255
47,141,185,197,208,255
47,142,186,197,207,255
47,143,186,197,207,255
48,0,154,151,152,255
48,1,154,151,152,255
48,2,154,151,152,255
48,3,154,150,152,255
48,4,154,151,152,255
48,5,154,151,152,255
48,6,154,151,152,255
48,7,155,151,152,255
48,8,154,151,151,255
48,9,155,150,150,255
48,10,155,150,148,255
48,11,155,150,148,255
48,12,155,149,148,255
48,13,156,151,149,255
48,14,156,151,149,255
48,15,156,150,148,255
48,16,155,149,147,255
48,17,155,149,147,255
48,18,156,150,148,255
48,19,156,151,149,255
48,20,156,151,149,255
48,21,156,151,149,255
48,22,156,151,149,255
48,23,157,152,150,255
48,24,157,151,151,255
48,25,157,152,150,255
48,26,157,152,150,255
48,27,158,152,151,255
48,28,157,152,150,255
48,29,157,152,150,255
48,30,157,152,150,255
48,31,158,153,151,255
48,32,158,154,151,255
48,33,158,154,151,255
48,34,158,153,150,255
48,35,158,154,151,255
48,36,160,155,151,255
48,37,161,155,151,255
48,38,163,156,148,255
48,39,162,154,144,255
48,40,161,152,139,255
48,41,160,150,135,255
48,42,160,150,135,255
48,43,161,150,134,255
48,44,160,150,133,255
48,45,161,152,135,255
48,46,162,154,137,255
48,47,163,155,140,255
48,48,163,156,139,255
48,49,163,155,136,255
48,50,163,155,143,255
48,51,166,158,140,255
48,52,164,156,137,255
48,53,148,140,120,255
48,54,135,139,127,255
48,55,145,143,126,255
48,56,113,125,108,255
48,57,114,128,114,255
48,58,125,137,126,255
48,59,95,126,117,255
48,60,69,101,85,255
48,61,56,91,77,255
48,62,61,90,71,255
48,63,66,93,79,255
48,64,64,93,77,255
48,65,56,88,64,255
48,66,61,88,66,255
48,67,64,93,73,255
48,68,50,91,90,255
48,69,46,64,88,255
48,70,50,64,88,255
48,71,50,61,88,255
48,72,42,59,85,255
48,73,46,56,83,255
48,74,38,53,81,255
48,75,46,66,85,255
48,76,71,93,106,255
48,77,179,196,208,255
48,78,194,206,215,255
48,79,196,207,217,255
48,80,195,206,217,255
48,81,196,207,217,255
48,82,194,207,217,255
48,83,194,207,217,255
48,84,194,206,216,255
48,85,195,206,217,255
48,86,194,205,215,255
48,87,194,204,215,255
48,88,194,206,215,255
48,89,193,205,215,255
48,90,193,205,215,255
48,91,193,206,215,255
48,92,194,205,215,255
48,93,193,204,215,255
48,94,193,205,215,255
48,95,193,205,214,255
48,96,192,202,213,255
48,97,192,203,212,255
48,98,192,203,213,255
48,99,191,204,214,255
48,100,191,205,215,255
48,101,192,205,214,255
48,102,192,205,214,255
48,103,192,205,214,255
48,104,192,203,213,255
48,105,190,202,211,255
48,106,193,203,213,255
48,107,195,206,217,255
48,108,190,207,220,255
48,109,189,202,213,255
48,110,190,202,213,255
48,111,191,200,210,255
48,112,190,200,210,255
48,113,191,201,211,255
48,114,192,203,211,255
48,115,192,203,211,255
48,116,190,203,212,255
48,117,190,202,212,255
48,118,190,199,210,255
48,119,187,198,209,255
48,120,187,198,209,255
48,121,189,199,209,255
48,122,189,199,209,255
48,123,190,199,208,255
48,124,188,199,209,255
48,125,186,199,209,255
48,126,189,201,211,255
48,127,189,201,211,255
48,128,191,202,213,255
48,129,186,200,211,255
48,130,186,200,211,255
48,131,186,199,210,255
48,132,186,197,209,255
48,133,186,197,209,255
48,134,185,197,209,255
48,135,189,199,209,255
48,136,185,198,209,255
48,137,186,199,210,255
48,138,184,197,209,255
48,139,184,197,209,255
48,140,185,197,208,255
48,141,185,197,207,255
48,142,188,196,205,255
48,143,188,196,205,255
49,0,154,151,153,255
49,1,154,151,152,255
49,2,154,151,152,255
49,3,154,151,152,255
49,4,154,150,152,255
49,5,154,150,152,255
49,6,155,151,152,255
49,7,155,151,152,255
49,8,155,151,152,255
49,9,155,151,150,255
49,10,155,151,150,255
49,11,156,151,149,255
49,12,155,149,148,255
49,13,155,149,148,255
49,14,156,151,149,255
49,15,156,150,148,255
49,16,156,150,148,255
49,17,156,150,148,255
49,18,156,150,148,255
49,19,156,151,148,255
49,20,157,151,149,255
49,21,157,152,150,255
49,22,156,151,149,255
49,23,157,152,150,255
49,24,157,152,151,255
49,25,157,152,150,255
49,26,158,152,151,255
49,27,158,153,151,255
49,28,158,153,151,255
49,29,158,153,151,255
49,30,158,153,151,255
49,31,158,154,151,255
49,32,158,154,151,255
49,33,158,154,151,255
49,34,158,154,151,255
49,35,158,154,151,255
49,36,160,155,151,255
49,37,160,155,151,255
49,38,163,156,150,255
49,39,163,155,146,255
49,40,161,152,140,255
49,41,161,152,140,255
49,42,160,150,136,255
49,43,160,151,135,255
49,44,160,152,136,255
49,45,161,152,136,255
49,46,162,152,134,255
49,47,159,153,136,255
49,48,163,152,132,255
49,49,163,155,136,255
49,50,163,155,143,255
49,51,143,135,114,255
49,52,136,130,108,255
49,53,86,102,85,255
49,54,112,121,106,255
49,55,88,108,96,255
49,56,81,99,81,255
49,57,83,102,86,255
49,58,86,108,90,255
49,59,79,109,93,255
49,60,71,101,81,255
49,61,50,90,75,255
49,62,61,86,69,255
49,63,66,95,81,255
49,64,71,96,79,255
49,65,59,86,61,255
49,66,56,85,61,255
49,67,64,93,73,255
49,68,59,86,91,255
49,69,56,71,93,255
49,70,56,69,93,255
49,71,50,66,91,255
49,72,50,64,90,255
49,73,46,59,86,255
49,74,42,56,83,255
49,75,46,64,86,255
49,76,75,98,112,255
49,77,190,202,210,255
49,78,194,206,216,255
49,79,196,207,217,255
49,80,195,206,217,255
49,81,196,207,217,255
49,82,195,208,217,255
49,83,195,208,217,255
49,84,194,205,216,255
49,85,195,206,217,255
49,86,194,205,215,255
49,87,195,205,215,255
49,88,194,206,215,255
49,89,193,205,215,255
49,90,193,205,215,255
49,91,193,206,215,255
49,92,193,205,215,255
49,93,193,204,215,255
49,94,193,205,215,255
49,95,192,205,214,255
49,96,192,203,213,255
49,97,192,203,213,255
49,98,192,203,214,255
49,99,191,203,214,255
49,100,192,205,215,255
49,101,192,205,214,255
49,102,192,205,214,255
49,103,192,205,214,255
49,104,192,203,212,255
49,105,192,202,211,255
49,106,196,207,217,255
49,107,205,217,226,255
49,108,216,224,232,255
49,109,192,210,222,255
49,110,190,202,213,255
49,111,191,200,210,255
49,112,192,202,211,255
49,113,191,202,211,255
49,114,190,202,211,255
49,115,190,202,211,255
49,116,190,202,212,255
49,117,190,201,212,255
49,118,189,200,210,255
49,119,188,200,210,255
49,120,189,199,209,255
49,121,189,199,209,255
49,122,189,199,209,255
49,123,190,199,209,255
49,124,189,199,209,255
49,125,186,199,209,255
49,126,189,200,211,255
49,127,189,200,211,255
49,128,189,201,212,255
49,129,186,200,211,255
49,130,186,199,210,255
49,131,186,199,210,255
49,132,185,198,210,255
49,133,186,197,209,255
49,134,186,197,209,255
49,135,185,198,209,255
49,136,185,198,209,255
49,137,186,200,210,255
49,138,184,198,209,255
49,139,184,198,209,255
49,140,185,197,207,255
49,141,185,197,207,255
49,142,188,196,205,255
49,143,186,195,205,255
50,0,154,151,153,255
50,1,154,151,153,255
50,2,155,152,153,255
50,3,155,152,153,255
50,4,155,151,153,255
50,5,155,151,153,255
50,6,155,151,152,255
50,7,155,151,152,255
50,8,155,151,152,255
50,9,156,152,152,255
50,10,156,152,152,255
50,11,156,151,150,255
50,12,156,149,148,255
50,13,155,149,148,255
50,14,156,150,148,255
50,15,156,150,148,255
50,16,156,149,147,255
50,17,156,149,147,255
50,18,156,150,148,255
50,19,156,150,148,255
50,20,158,152,150,255
50,21,157,152,150,255
50,22,157,152,150,255
50,23,158,153,152,255
50,24,157,152,151,255
50,25,158,152,152,255
50,26,157,152,151,255
50,27,158,153,151,255
50,28,158,152,151,255
50,29,158,152,151,255
50,30,159,154,152,255
50,31,158,154,151,255
50,32,158,153,151,255
50,33,158,154,151,255
50,34,159,154,152,255
50,35,159,155,152,255
50,36,160,155,151,255
50,37,160,155,152,255
50,38,162,157,151,255
50,39,163,155,147,255
50,40,161,153,142,255
50,41,161,153,142,255
50,42,161,152,138,255
50,43,161,153,141,255
50,44,163,155,143,255
50,45,154,147,131,255
50,46,141,138,118,255
50,47,159,153,136,255
50,48,163,152,132,255
50,49,149,144,125,255
50,50,151,146,127,255
50,51,96,104,81,255
50,52,86,101,79,255
50,53,73,99,81,255
50,54,104,113,95,255
50,55,117,119,98,255
50,56,59,88,69,255
50,57,66,90,71,255
50,58,64,90,66,255
50,59,61,88,64,255
50,60,59,88,69,255
50,61,59,85,69,255
50,62,56,81,64,255
50,63,71,99,79,255
50,64,64,90,73,255
50,65,50,77,53,255
50,66,53,83,59,255
50,67,59,90,71,255
50,68,56,79,88,255
50,69,59,71,91,255
50,70,56,69,91,255
50,71,56,69,91,255
50,72,50,64,90,255
50,73,50,64,90,255
50,74,42,59,86,255
50,75,50,66,88,255
50,76,69,93,105,255
50,77,185,197,207,255
50,78,194,206,216,255
50,79,196,207,217,255
50,80,196,206,217,255
50,81,195,207,217,255
50,82,196,208,218,255
50,83,195,207,217,255
50,84,195,206,217,255
50,85,195,206,217,255
50,86,195,205,216,255
50,87,195,205,215,255
50,88,195,206,216,255
50,89,194,206,216,255
50,90,193,206,216,255
50,91,194,206,215,255
50,92,193,205,215,255
50,93,193,205,215,255
50,94,193,205,215,255
50,95,192,205,214,255
50,96,192,203,213,255
50,97,193,204,214,255
50,98,193,204,214,255
50,99,192,204,215,255
50,100,193,205,215,255
50,101,191,205,214,255
50,102,193,205,214,255
50,103,193,205,214,255
50,104,194,203,213,255
50,105,194,203,213,255
50,106,205,213,220,255
50,107,223,226,232,255
50,108,227,231,236,255
50,109,208,222,232,255
50,110,192,207,220,255
50,111,192,202,211,255
50,112,192,202,211,255
50,113,193,202,212,255
50,114,194,203,213,255
50,115,194,203,213,255
50,116,190,203,213,255
50,117,190,202,213,255
50,118,188,201,211,255
50,119,189,199,209,255
50,120,189,199,208,255
50,121,189,199,209,255
50,122,189,199,209,255
50,123,190,199,209,255
50,124,189,199,208,255
50,125,187,199,209,255
50,126,186,200,211,255
50,127,186,200,211,255
50,128,186,200,211,255
50,129,186,200,210,255
50,130,186,199,210,255
50,131,188,199,209,255
50,132,185,198,210,255
50,133,182,197,209,255
50,134,182,197,209,255
50,135,185,198,209,255
50,136,186,200,210,255
50,137,186,200,210,255
50,138,186,199,210,255
50,139,186,199,210,255
50,140,187,197,207,255
50,141,187,197,207,255
50,142,186,195,205,255
50,143,186,195,205,255
51,0,154,151,153,255
51,1,154,151,153,255
51,2,155,152,154,255
51,3,155,152,154,255
51,4,155,152,153,255
51,5,155,151,153,255
51,6,155,152,153,255
51,7,155,152,153,255
51,8,155,151,152,255
51,9,155,152,152,255
51,10,155,152,152,255
51,11,156,151,150,255
51,12,156,149,148,255
51,13,156,149,148,255
51,14,156,149,147,255
51,15,157,150,147,255
51,16,156,149,146,255
51,17,156,149,146,255
51,18,157,150,148,255
51,19,156,150,148,255
51,20,158,152,150,255
51,21,157,152,151,255
51,22,157,152,151,255
51,23,157,153,151,255
51,24,158,153,152,255
51,25,158,153,152,255
51,26,158,153,152,255
51,27,159,153,152,255
51,28,159,153,152,255
51,29,158,152,151,255
51,30,159,154,152,255
51,31,159,154,152,255
51,32,159,155,152,255
51,33,158,154,151,255
51,34,159,155,152,255
51,35,159,155,152,255
51,36,160,155,152,255
51,37,160,156,152,255
51,38,162,157,152,255
51,39,163,156,148,255
51,40,163,155,144,255
51,41,163,155,144,255
51,42,161,154,144,255
51,43,155,155,148,255
51,44,143,148,133,255
51,45,154,147,131,255
51,46,141,138,118,255
51,47,130,133,115,255
51,48,130,130,110,255
51,49,124,122,102,255
51,50,77,95,73,255
51,51,64,85,64,255
51,52,69,90,71,255
51,53,71,96,75,255
51,54,81,96,79,255
51,55,79,93,71,255
51,56,59,86,69,255
51,57,53,81,59,255
51,58,59,85,59,255
51,59,50,75,53,255
51,60,56,79,61,255
51,61,53,73,61,255
51,62,46,71,53,255
51,63,59,88,64,255
51,64,56,85,66,255
51,65,46,69,53,255
51,66,50,75,53,255
51,67,56,85,66,255
51,68,53,75,86,255
51,69,50,64,86,255
51,70,50,64,86,255
51,71,50,64,88,255
51,72,46,61,86,255
51,73,46,61,86,255
51,74,42,59,85,255
51,75,46,66,86,255
51,76,66,90,99,255
51,77,175,191,203,255
51,78,194,206,216,255
51,79,197,208,218,255
51,80,196,207,217,255
51,81,196,207,218,255
51,82,197,208,218,255
51,83,196,208,217,255
51,84,195,206,217,255
51,85,195,206,217,255
51,86,195,205,216,255
51,87,195,205,216,255
51,88,196,206,217,255
51,89,194,206,216,255
51,90,194,206,216,255
51,91,194,206,216,255
51,92,194,206,215,255
51,93,194,206,215,255
51,94,194,206,215,255
51,95,193,205,215,255
51,96,192,203,213,255
51,97,193,204,214,255
51,98,193,204,214,255
51,99,193,204,215,255
51,100,192,206,216,255
51,101,191,205,214,255
51,102,192,205,214,255
51,103,192,205,214,255
51,104,194,204,213,255
51,105,194,203,213,255
51,106,205,211,218,255
51,107,223,226,230,255
51,108,229,233,237,255
51,109,226,234,239,255
51,110,207,221,232,255
51,111,193,206,218,255
51,112,192,202,213,255
51,113,193,202,212,255
51,114,194,203,213,255
51,115,192,203,213,255
51,116,192,203,213,255
51,117,191,203,213,255
51,118,188,200,210,255
51,119,190,199,209,255
51,120,188,199,209,255
51,121,189,199,209,255
51,122,189,199,209,255
51,123,190,199,209,255
51,124,189,199,208,255
51,125,187,199,210,255
51,126,187,200,211,255
51,127,187,200,211,255
51,128,186,199,210,255
51,129,187,200,210,255
51,130,188,199,209,255
51,131,188,199,209,255
51,132,185,198,210,255
51,133,184,198,210,255
51,134,184,198,210,255
51,135,185,199,210,255
51,136,185,200,211,255
51,137,185,200,211,255
51,138,186,199,210,255
51,139,188,199,210,255
51,140,185,197,208,255
51,141,185,197,208,255
51,142,184,196,206,255
51,143,184,196,206,255
52,0,155,152,154,255
52,1,155,152,154,255
52,2,155,152,153,255
52,3,155,152,154,255
52,4,155,152,153,255
52,5,155,152,153,255
52,6,155,151,153,255
52,7,155,151,153,255
52,8,155,152,153,255
52,9,155,152,153,255
52,10,155,152,152,255
52,11,156,151,150,255
52,12,156,149,147,255
52,13,156,149,147,255
52,14,155,148,145,255
52,15,156,149,146,255
52,16,157,149,147,255
52,17,157,149,147,255
52,18,157,150,148,255
52,19,157,151,148,255
52,20,157,152,149,255
52,21,157,152,149,255
52,22,158,154,151,255
52,23,158,154,152,255
52,24,158,152,152,255
52,25,158,153,152,255
52,26,159,153,152,255
52,27,158,153,152,255
52,28,159,153,152,255
52,29,159,154,152,255
52,30,159,154,152,255
52,31,159,154,152,255
52,32,159,155,152,255
52,33,159,155,152,255
52,34,160,155,153,255
52,35,160,155,153,255
52,36,160,155,152,255
52,37,161,157,153,255
52,38,162,158,154,255
52,39,163,159,155,255
52,40,163,157,150,255
52,41,163,157,150,255
52,42,152,159,154,255
52,43,155,155,148,255
52,44,143,148,133,255
52,45,121,125,108,255
52,46,104,113,93,255
52,47,88,105,85,255
52,48,90,101,81,255
52,49,93,99,83,255
52,50,64,81,64,255
52,51,53,77,59,255
52,52,59,85,64,255
52,53,64,88,64,255
52,54,66,85,66,255
52,55,53,77,56,255
52,56,64,85,64,255
52,57,46,73,53,255
52,58,53,79,56,255
52,59,46,69,53,255
52,60,50,71,53,255
52,61,46,69,53,255
52,62,38,66,46,255
52,63,42,79,53,255
52,64,50,77,61,255
52,65,42,66,53,255
52,66,42,69,50,255
52,67,56,79,64,255
52,68,53,71,83,255
52,69,46,61,86,255
52,70,46,59,86,255
52,71,46,59,85,255
52,72,46,59,83,255
52,73,46,59,83,255
52,74,46,56,79,255
52,75,46,64,83,255
52,76,66,91,102,255
52,77,167,186,198,255
52,78,195,206,216,255
52,79,197,208,218,255
52,80,195,207,217,255
52,81,197,208,217,255
52,82,197,208,218,255
52,83,196,208,218,255
52,84,196,207,217,255
52,85,196,207,217,255
52,86,195,205,216,255
52,87,195,205,216,255
52,88,195,206,216,255
52,89,194,206,216,255
52,90,194,206,217,255
52,91,194,206,217,255
52,92,194,206,215,255
52,93,194,206,216,255
52,94,194,206,216,255
52,95,193,205,215,255
52,96,193,204,214,255
52,97,194,205,214,255
52,98,193,205,215,255
52,99,193,204,215,255
52,100,192,206,216,255
52,101,192,205,215,255
52,102,191,205,214,255
52,103,191,205,214,255
52,104,193,204,214,255
52,105,193,203,213,255
52,106,193,204,214,255
52,107,213,218,224,255
52,108,229,233,236,255
52,109,236,239,242,255
52,110,225,233,239,255
52,111,200,216,227,255
52,112,193,204,215,255
52,113,194,203,213,255
52,114,193,204,213,255
52,115,192,203,213,255
52,116,193,203,213,255
52,117,192,203,213,255
52,118,190,200,210,255
52,119,189,200,209,255
52,120,188,199,209,255
52,121,189,200,209,255
52,122,189,199,208,255
52,123,189,199,208,255
52,124,189,199,209,255
52,125,187,199,210,255
52,126,188,200,211,255
52,127,188,200,211,255
52,128,186,200,210,255
52,129,187,200,209,255
52,130,187,200,209,255
52,131,187,200,209,255
52,132,186,200,210,255
52,133,184,198,210,255
52,134,186,201,211,255
52,135,188,201,211,255
52,136,186,202,211,255
52,137,186,202,211,255
52,138,188,199,210,255
52,139,188,199,210,255
52,140,185,197,208,255
52,141,185,198,209,255
52,142,183,198,209,255
52,143,183,198,209,255
53,0,155,153,155,255
53,1,155,153,155,255
53,2,155,152,154,255
53,3,155,152,153,255
53,4,155,152,153,255
53,5,155,152,153,255
53,6,155,153,154,255
53,7,155,153,154,255
53,8,155,153,154,255
53,9,155,152,153,255
53,10,155,152,153,255
53,11,156,152,152,255
53,12,156,150,148,255
53,13,156,150,148,255
53,14,155,148,145,255
53,15,157,149,146,255
53,16,157,149,146,255
53,17,157,149,147,255
53,18,157,150,147,255
53,19,157,151,148,255
53,20,158,153,150,255
53,21,158,153,150,255
53,22,159,153,151,255
53,23,159,154,152,255
53,24,158,153,152,255
53,25,159,154,153,255
53,26,158,154,152,255
53,27,158,153,152,255
53,28,158,153,152,255
53,29,159,154,152,255
53,30,159,154,152,255
53,31,159,155,152,255
53,32,159,154,152,255
53,33,160,155,152,255
53,34,159,155,152,255
53,35,160,155,153,255
53,36,161,156,153,255
53,37,160,156,153,255
53,38,163,159,156,255
53,39,155,166,165,255
53,40,155,166,165,255
53,41,158,167,166,255
53,42,152,159,154,255
53,43,138,152,145,255
53,44,88,108,99,255
53,45,83,98,81,255
53,46,64,88,71,255
53,47,59,83,64,255
53,48,56,77,61,255
53,49,56,77,64,255
53,50,56,81,64,255
53,51,56,86,64,255
53,52,59,90,64,255
53,53,50,79,56,255
53,54,59,81,59,255
53,55,46,75,50,255
53,56,50,79,56,255
53,57,53,83,59,255
53,58,46,75,50,255
53,59,46,79,59,255
53,60,46,71,50,255
53,61,42,69,50,255
53,62,38,66,46,255
53,63,42,73,50,255
53,64,46,73,53,255
53,65,38,61,46,255
53,66,34,61,46,255
53,67,53,73,61,255
53,68,46,66,83,255
53,69,50,64,90,255
53,70,53,66,91,255
53,71,46,61,88,255
53,72,42,59,85,255
53,73,42,56,83,255
53,74,42,53,79,255
53,75,46,59,81,255
53,76,75,96,104,255
53,77,160,180,192,255
53,78,195,206,215,255
53,79,197,208,217,255
53,80,196,208,218,255
53,81,196,207,217,255
53,82,197,208,218,255
53,83,196,208,218,255
53,84,196,207,217,255
53,85,196,207,217,255
53,86,196,206,217,255
53,87,196,206,217,255
53,88,194,206,216,255
53,89,194,206,217,255
53,90,194,206,217,255
53,91,194,206,216,255
53,92,194,206,215,255
53,93,194,206,217,255
53,94,194,206,217,255
53,95,194,206,216,255
53,96,193,205,214,255
53,97,195,205,215,255
53,98,195,205,215,255
53,99,194,205,215,255
53,100,192,206,216,255
53,101,192,205,215,255
53,102,192,205,214,255
53,103,192,205,214,255
53,104,192,205,214,255
53,105,193,204,214,255
53,106,192,203,214,255
53,107,200,209,218,255
53,108,226,228,232,255
53,109,237,239,241,255
53,110,233,237,241,255
53,111,218,228,236,255
53,112,194,210,223,255
53,113,192,203,213,255
53,114,192,204,213,255
53,115,193,203,213,255
53,116,193,203,213,255
53,117,192,202,211,255
53,118,192,202,210,255
53,119,191,201,210,255
53,120,190,201,210,255
53,121,188,201,210,255
53,122,188,200,209,255
53,123,188,200,209,255
53,124,189,200,210,255
53,125,188,200,210,255
53,126,188,200,211,255
53,127,189,202,211,255
53,128,189,202,211,255
53,129,187,200,210,255
53,130,186,200,210,255
53,131,186,200,210,255
53,132,187,202,211,255
53,133,186,201,211,255
53,134,186,201,211,255
53,135,189,202,212,255
53,136,189,202,212,255
53,137,189,202,212,255
53,138,186,199,211,255
53,139,186,199,211,255
53,140,185,198,209,255
53,141,183,198,209,255
53,142,189,200,211,255
53,143,189,199,210,255
54,0,156,153,155,255
54,1,155,153,155,255
54,2,155,153,155,255
54,3,155,152,154,255
54,4,155,152,154,255
54,5,155,153,154,255
54,6,155,153,154,255
54,7,155,153,154,255
54,8,155,153,154,255
54,9,155,153,154,255
54,10,155,153,153,255
54,11,157,153,152,255
54,12,157,151,149,255
54,13,157,151,149,255
54,14,155,149,145,255
54,15,155,148,145,255
54,16,157,149,146,255
54,17,157,149,146,255
54,18,157,150,147,255
54,19,158,152,149,255
54,20,158,153,150,255
54,21,158,153,150,255
54,22,160,154,151,255
54,23,160,154,152,255
54,24,158,154,152,255
54,25,159,155,153,255
54,26,158,154,152,255
54,27,159,154,152,255
54,28,159,154,152,255
54,29,159,154,153,255
54,30,159,154,152,255
54,31,160,155,153,255
54,32,160,155,153,255
54,33,160,155,152,255
54,34,160,156,153,255
54,35,161,156,153,255
54,36,161,156,153,255
54,37,161,157,154,255
54,38,161,160,158,255
54,39,148,170,169,255
54,40,155,166,165,255
54,41,158,167,166,255
54,42,140,168,166,255
54,43,106,147,144,255
54,44,77,112,108,255
54,45,56,85,73,255
54,46,61,96,81,255
54,47,50,81,69,255
54,48,46,69,53,255
54,49,50,77,64,255
54,50,53,81,64,255
54,51,59,90,71,255
54,52,53,93,71,255
54,53,53,81,53,255
54,54,53,75,53,255
54,55,50,81,56,255
54,56,50,83,64,255
54,57,53,88,66,255
54,58,46,77,50,255
54,59,59,91,66,255
54,60,46,77,53,255
54,61,34,64,46,255
54,62,34,64,46,255
54,63,38,66,46,255
54,64,38,64,46,255
54,65,22,53,38,255
54,66,28,56,42,255
54,67,38,64,56,255
54,68,53,69,86,255
54,69,56,71,95,255
54,70,56,71,95,255
54,71,53,66,93,255
54,72,50,64,90,255
54,73,46,59,88,255
54,74,42,53,83,255
54,75,42,59,83,255
54,76,73,99,106,255
54,77,153,174,187,255
54,78,194,206,217,255
54,79,197,208,218,255
54,80,196,208,218,255
54,81,196,208,218,255
54,82,196,208,218,255
54,83,196,208,218,255
54,84,196,207,217,255
54,85,196,207,218,255
54,86,196,206,217,255
54,87,194,206,217,255
54,88,194,206,216,255
54,89,194,206,216,255
54,90,194,206,217,255
54,91,194,206,216,255
54,92,194,205,215,255
54,93,194,206,216,255
54,94,194,206,217,255
54,95,194,206,216,255
54,96,194,205,215,255
54,97,195,205,215,255
54,98,193,205,215,255
54,99,192,205,215,255
54,100,192,207,217,255
54,101,192,206,215,255
54,102,192,205,214,255
54,103,192,205,214,255
54,104,192,203,214,255
54,105,195,203,213,255
54,106,192,203,213,255
54,107,194,205,216,255
54,108,213,218,224,255
54,109,231,233,236,255
54,110,235,238,241,255
54,111,228,234,239,255
54,112,206,221,231,255
54,113,193,206,218,255
54,114,193,205,214,255
54,115,192,203,211,255
54,116,192,203,211,255
54,117,192,202,211,255
54,118,194,202,211,255
54,119,192,202,210,255
54,120,191,201,210,255
54,121,190,203,212,255
54,122,188,202,211,255
54,123,188,202,211,255
54,124,190,201,211,255
54,125,188,200,211,255
54,126,190,202,212,255
54,127,189,202,211,255
54,128,190,202,211,255
54,129,187,200,210,255
54,130,187,202,211,255
54,131,187,202,211,255
54,132,189,203,212,255
54,133,189,202,211,255
54,134,189,202,212,255
54,135,189,202,212,255
54,136,190,200,211,255
54,137,190,200,211,255
54,138,189,200,211,255
54,139,186,199,210,255
54,140,186,199,210,255
54,141,189,200,211,255
54,142,189,200,211,255
54,143,186,198,209,255
55,0,156,153,155,255
55,1,155,152,154,255
55,2,155,152,154,255
55,3,155,153,155,255
55,4,155,153,155,255
55,5,155,153,155,255
55,6,155,153,154,255
55,7,155,153,154,255
55,8,155,153,154,255
55,9,155,153,154,255
55,10,155,153,154,255
55,11,157,153,153,255
55,12,157,153,153,255
55,13,157,152,149,255
55,14,155,149,145,255
55,15,155,148,145,255
55,16,155,148,145,255
55,17,158,150,147,255
55,18,158,150,148,255
55,19,158,151,149,255
55,20,158,153,150,255
55,21,158,153,150,255
55,22,160,154,152,255
55,23,160,154,152,255
55,24,158,154,152,255
55,25,159,155,153,255
55,26,159,155,153,255
55,27,159,155,153,255
55,28,160,155,153,255
55,29,160,155,153,255
55,30,160,155,154,255
55,31,160,155,154,255
55,32,160,155,153,255
55,33,160,156,153,255
55,34,161,156,154,255
55,35,161,156,153,255
55,36,161,156,153,255
55,37,161,157,154,255
55,38,162,160,156,255
55,39,148,170,169,255
55,40,148,170,169,255
55,41,132,173,173,255
55,42,134,177,174,255
55,43,118,162,161,255
55,44,91,135,134,255
55,45,75,113,104,255
55,46,79,119,101,255
55,47,66,104,88,255
55,48,38,66,56,255
55,49,53,83,69,255
55,50,50,81,66,255
55,51,64,96,77,255
55,52,69,98,75,255
55,53,42,73,53,255
55,54,38,66,46,255
55,55,50,79,53,255
55,56,53,83,61,255
55,57,56,83,64,255
55,58,46,75,56,255
55,59,56,88,64,255
55,60,50,83,64,255
55,61,28,56,38,255
55,62,34,59,42,255
55,63,22,56,42,255
55,64,28,53,42,255
55,65,28,53,42,255
55,66,22,53,42,255
55,67,34,56,53,255
55,68,53,69,86,255
55,69,59,69,93,255
55,70,59,71,95,255
55,71,53,66,91,255
55,72,50,64,91,255
55,73,46,61,90,255
55,74,42,59,86,255
55,75,42,61,85,255
55,76,75,99,108,255
55,77,148,169,183,255
55,78,197,207,216,255
55,79,197,208,218,255
55,80,196,208,218,255
55,81,196,208,218,255
55,82,196,208,218,255
55,83,197,208,218,255
55,84,196,208,218,255
55,85,196,208,218,255
55,86,196,207,218,255
55,87,194,206,217,255
55,88,194,206,216,255
55,89,194,206,216,255
55,90,194,205,216,255
55,91,196,206,217,255
55,92,194,205,215,255
55,93,194,206,217,255
55,94,194,205,217,255
55,95,194,206,216,255
55,96,196,205,215,255
55,97,195,205,215,255
55,98,194,205,215,255
55,99,192,205,215,255
55,100,196,208,217,255
55,101,194,207,215,255
55,102,194,206,215,255
55,103,192,203,214,255
55,104,192,203,214,255
55,105,193,203,213,255
55,106,190,203,214,255
55,107,194,205,215,255
55,108,199,209,218,255
55,109,219,223,227,255
55,110,232,234,237,255
55,111,231,235,238,255
55,112,222,229,235,255
55,113,200,215,225,255
55,114,194,206,215,255
55,115,194,202,211,255
55,116,194,202,211,255
55,117,194,202,211,255
55,118,194,202,211,255
55,119,192,202,210,255
55,120,190,201,210,255
55,121,189,202,211,255
55,122,189,202,212,255
55,123,189,202,212,255
55,124,191,201,212,255
55,125,188,200,212,255
55,126,188,201,211,255
55,127,190,202,211,255
55,128,190,202,211,255
55,129,187,200,210,255
55,130,189,203,213,255
55,131,188,202,211,255
55,132,188,202,211,255
55,133,187,202,211,255
55,134,190,202,211,255
55,135,190,202,211,255
55,136,190,200,211,255
55,137,190,200,211,255
55,138,189,199,210,255
55,139,186,199,210,255
55,140,186,199,210,255
55,141,190,200,210,255
55,142,190,200,210,255
55,143,186,198,209,255
56,0,156,153,155,255
56,1,156,153,155,255
56,2,156,153,155,255
56,3,156,153,155,255
56,4,156,153,155,255
56,5,155,153,155,255
56,6,155,153,155,255
56,7,155,153,154,255
56,8,155,153,154,255
56,9,155,153,154,255
56,10,156,154,154,255
56,11,158,154,154,255
56,12,158,154,154,255
56,13,157,152,149,255
56,14,157,148,145,255
56,15,155,149,145,255
56,16,155,149,145,255
56,17,157,150,148,255
56,18,158,151,148,255
56,19,158,152,149,255
56,20,160,153,150,255
56,21,160,153,150,255
56,22,160,154,152,255
56,23,160,154,152,255
56,24,159,155,153,255
56,25,159,155,153,255
56,26,160,155,153,255
56,27,160,155,153,255
56,28,159,155,153,255
56,29,159,155,153,255
56,30,160,155,154,255
56,31,160,155,154,255
56,32,160,156,154,255
56,33,160,155,153,255
56,34,161,156,154,255
56,35,161,156,153,255
56,36,161,156,154,255
56,37,161,157,154,255
56,38,162,160,156,255
56,39,155,166,162,255
56,40,155,166,162,255
56,41,143,168,163,255
56,42,127,175,171,255
56,43,126,171,169,255
56,44,114,157,158,255
56,45,96,142,134,255
56,46,93,131,118,255
56,47,79,115,105,255
56,48,46,85,75,255
56,49,61,90,79,255
56,50,42,75,64,255
56,51,61,91,75,255
56,52,50,98,91,255
56,53,50,83,66,255
56,54,34,64,50,255
56,55,38,66,42,255
56,56,34,66,50,255
56,57,50,77,61,255
56,58,42,71,56,255
56,59,50,77,61,255
56,60,50,79,66,255
56,61,22,53,38,255
56,62,28,53,42,255
56,63,22,53,42,255
56,64,22,50,42,255
56,65,22,50,38,255
56,66,22,53,42,255
56,67,28,53,53,255
56,68,50,64,85,255
56,69,53,64,88,255
56,70,53,66,88,255
56,71,50,64,90,255
56,72,46,61,90,255
56,73,50,61,90,255
56,74,46,59,86,255
56,75,46,64,86,255
56,76,73,102,114,255
56,77,135,162,179,255
56,78,190,202,214,255
56,79,197,208,218,255
56,80,197,208,218,255
56,81,196,208,218,255
56,82,197,208,218,255
56,83,197,209,219,255
56,84,197,208,218,255
56,85,197,208,218,255
56,86,196,207,218,255
56,87,195,207,218,255
56,88,195,206,217,255
56,89,194,205,215,255
56,90,196,206,217,255
56,91,196,207,217,255
56,92,194,206,215,255
56,93,195,206,217,255
56,94,194,205,216,255
56,95,194,207,216,255
56,96,196,206,215,255
56,97,196,206,216,255
56,98,192,205,215,255
56,99,194,206,216,255
56,100,194,208,216,255
56,101,194,207,215,255
56,102,194,206,215,255
56,103,194,204,214,255
56,104,194,204,214,255
56,105,193,203,213,255
56,106,190,203,214,255
56,107,192,204,214,255
56,108,193,205,214,255
56,109,200,210,218,255
56,110,222,226,230,255
56,111,228,232,236,255
56,112,226,232,236,255
56,113,213,224,232,255
56,114,196,211,222,255
56,115,195,204,214,255
56,116,194,203,212,255
56,117,194,203,212,255
56,118,192,202,211,255
56,119,192,201,210,255
56,120,190,201,210,255
56,121,189,202,211,255
56,122,190,202,212,255
56,123,190,202,212,255
56,124,190,201,213,255
56,125,190,200,212,255
56,126,189,201,211,255
56,127,188,201,210,255
56,128,188,201,210,255
56,129,189,200,210,255
56,130,189,203,213,255
56,131,187,200,210,255
56,132,187,200,210,255
56,133,187,200,210,255
56,134,186,199,210,255
56,135,186,199,210,255
56,136,186,199,210,255
56,137,189,199,210,255
56,138,189,199,210,255
56,139,186,198,209,255
56,140,186,198,209,255
56,141,189,199,209,255
56,142,189,199,209,255
56,143,185,197,209,255
57,0,156,154,155,255
57,1,157,154,155,255
57,2,157,154,155,255
57,3,157,155,155,255
57,4,156,153,155,255
57,5,157,153,155,255
57,6,157,153,155,255
57,7,157,154,155,255
57,8,157,154,155,255
57,9,157,154,155,255
57,10,157,154,155,255
57,11,158,154,154,255
57,12,158,154,154,255
57,13,158,153,151,255
57,14,157,149,146,255
57,15,156,149,146,255
57,16,156,149,146,255
57,17,158,151,148,255
57,18,158,152,149,255
57,19,158,152,149,255
57,20,158,152,149,255
57,21,160,154,151,255
57,22,160,154,152,255
57,23,160,155,153,255
57,24,159,155,153,255
57,25,160,155,154,255
57,26,159,155,153,255
57,27,159,155,153,255
57,28,160,155,154,255
57,29,160,155,154,255
57,30,160,155,154,255
57,31,160,156,154,255
57,32,160,156,154,255
57,33,162,157,155,255
57,34,161,156,154,255
57,35,162,157,155,255
57,36,161,156,154,255
57,37,161,157,154,255
57,38,161,158,155,255
57,39,161,158,155,255
57,40,161,160,155,255
57,41,160,162,155,255
57,42,150,165,158,255
57,43,141,168,164,255
57,44,127,168,166,255
57,45,113,158,151,255
57,46,98,140,132,255
57,47,85,119,113,255
57,48,64,98,85,255
57,49,66,98,85,255
57,50,46,81,66,255
57,51,38,79,69,255
57,52,104,121,104,255
57,53,53,86,66,255
57,54,46,71,53,255
57,55,28,56,42,255
57,56,34,69,56,255
57,57,50,83,69,255
57,58,38,66,53,255
57,59,42,71,56,255
57,60,50,75,64,255
57,61,28,53,42,255
57,62,22,50,38,255
57,63,22,53,42,255
57,64,22,53,42,255
57,65,22,46,34,255
57,66,22,50,38,255
57,67,28,53,56,255
57,68,46,61,83,255
57,69,46,59,83,255
57,70,42,56,81,255
57,71,42,56,83,255
57,72,46,59,86,255
57,73,46,59,86,255
57,74,46,59,85,255
57,75,42,61,85,255
57,76,77,108,121,255
57,77,125,158,178,255
57,78,182,199,213,255
57,79,197,208,218,255
57,80,198,208,218,255
57,81,196,208,218,255
57,82,198,209,218,255
57,83,199,210,219,255
57,84,197,209,218,255
57,85,197,208,218,255
57,86,197,208,218,255
57,87,196,207,218,255
57,88,195,207,217,255
57,89,195,206,216,255
57,90,195,206,217,255
57,91,196,208,217,255
57,92,195,206,216,255
57,93,194,206,217,255
57,94,194,206,216,255
57,95,195,207,216,255
57,96,194,206,216,255
57,97,194,205,215,255
57,98,194,206,215,255
57,99,192,206,217,255
57,100,192,206,215,255
57,101,193,207,215,255
57,102,194,206,215,255
57,103,194,204,214,255
57,104,194,203,213,255
57,105,194,203,213,255
57,106,192,204,214,255
57,107,192,204,214,255
57,108,194,206,215,255
57,109,193,205,215,255
57,110,208,215,221,255
57,111,224,228,232,255
57,112,229,234,238,255
57,113,224,233,238,255
57,114,209,222,231,255
57,115,197,208,219,255
57,116,195,205,214,255
57,117,195,205,214,255
57,118,192,203,212,255
57,119,191,202,211,255
57,120,190,201,211,255
57,121,189,202,211,255
57,122,189,201,212,255
57,123,189,200,211,255
57,124,189,200,211,255
57,125,189,200,211,255
57,126,188,200,210,255
57,127,186,200,210,255
57,128,186,200,210,255
57,129,188,201,211,255
57,130,189,202,211,255
57,131,187,200,210,255
57,132,186,199,210,255
57,133,187,200,211,255
57,134,186,199,210,255
57,135,186,199,210,255
57,136,187,198,210,255
57,137,187,197,210,255
57,138,187,197,210,255
57,139,186,198,209,255
57,140,191,198,209,255
57,141,189,198,208,255
57,142,189,198,208,255
57,143,184,197,208,255
58,0,157,154,155,255
58,1,156,154,155,255
58,2,156,154,155,255
58,3,157,155,155,255
58,4,157,155,155,255
58,5,157,154,155,255
58,6,157,154,155,255
58,7,157,154,155,255
58,8,158,154,155,255
58,9,158,154,155,255
58,10,158,154,155,255
58,11,158,154,154,255
58,12,158,154,154,255
58,13,157,153,151,255
58,14,157,150,147,255
58,15,157,150,147,255
58,16,156,149,146,255
58,17,158,151,148,255
58,18,159,152,150,255
58,19,159,153,150,255
58,20,158,152,149,255
58,21,160,154,151,255
58,22,160,155,153,255
58,23,160,155,153,255
58,24,160,155,155,255
58,25,160,155,154,255
58,26,160,155,155,255
58,27,160,155,155,255
58,28,160,155,154,255
58,29,160,155,154,255
58,30,160,155,154,255
58,31,160,156,154,255
58,32,160,156,154,255
58,33,161,156,155,255
58,34,161,156,154,255
58,35,162,157,155,255
58,36,161,157,155,255
58,37,162,158,155,255
58,38,162,158,155,255
58,39,162,158,155,255
58,40,163,159,154,255
58,41,164,160,152,255
58,42,163,158,148,255
58,43,157,159,150,255
58,44,149,160,151,255
58,45,138,155,148,255
58,46,96,138,131,255
58,47,83,118,109,255
58,48,53,86,71,255
58,49,61,93,79,255
58,50,56,90,75,255
58,51,50,81,69,255
58,52,34,64,53,255
58,53,42,71,56,255
58,54,34,61,46,255
58,55,22,56,42,255
58,56,38,71,56,255
58,57,56,90,75,255
58,58,28,53,46,255
58,59,34,61,50,255
58,60,38,71,59,255
58,61,22,53,42,255
58,62,22,50,38,255
58,63,22,50,38,255
58,64,22,53,42,255
58,65,13,42,34,255
58,66,22,50,38,255
58,67,28,53,53,255
58,68,42,59,86,255
58,69,46,59,83,255
58,70,46,56,83,255
58,71,42,56,83,255
58,72,42,56,83,255
58,73,38,53,81,255
58,74,46,56,81,255
58,75,38,53,79,255
58,76,81,109,126,255
58,77,118,154,176,255
58,78,182,196,208,255
58,79,196,208,217,255
58,80,198,209,218,255
58,81,197,208,218,255
58,82,198,209,218,255
58,83,199,209,219,255
58,84,197,208,218,255
58,85,197,208,218,255
58,86,197,208,218,255
58,87,196,207,218,255
58,88,195,207,217,255
58,89,196,207,217,255
58,90,197,207,217,255
58,91,196,208,217,255
58,92,195,206,217,255
58,93,195,207,218,255
58,94,195,206,217,255
58,95,194,208,217,255
58,96,195,206,217,255
58,97,195,205,216,255
58,98,195,206,216,255
58,99,194,206,217,255
58,100,193,206,216,255
58,101,194,206,214,255
58,102,196,205,214,255
58,103,194,205,214,255
58,104,192,205,214,255
58,105,192,205,214,255
58,106,192,204,215,255
58,107,192,204,215,255
58,108,194,206,215,255
58,109,193,205,215,255
58,110,197,209,217,255
58,111,218,223,227,255
58,112,233,236,238,255
58,113,234,237,240,255
58,114,223,231,236,255
58,115,202,217,227,255
58,116,195,206,217,255
58,117,195,206,217,255
58,118,193,203,213,255
58,119,191,203,212,255
58,120,192,202,211,255
58,121,189,201,211,255
58,122,189,201,212,255
58,123,189,200,211,255
58,124,188,201,212,255
58,125,187,200,211,255
58,126,189,200,211,255
58,127,188,200,211,255
58,128,191,203,213,255
58,129,191,203,213,255
58,130,190,202,212,255
58,131,186,199,210,255
58,132,186,199,210,255
58,133,189,201,211,255
58,134,186,199,210,255
58,135,186,199,210,255
58,136,186,197,209,255
58,137,189,197,209,255
58,138,189,197,209,255
58,139,191,198,209,255
58,140,191,198,209,255
58,141,186,196,208,255
58,142,186,196,208,255
58,143,184,196,208,255
59,0,157,155,156,255
59,1,157,154,155,255
59,2,156,154,155,255
59,3,156,154,155,255
59,4,158,155,156,255
59,5,157,155,155,255
59,6,157,155,155,255
59,7,158,155,155,255
59,8,158,155,155,255
59,9,158,154,155,255
59,10,158,154,155,255
59,11,159,155,155,255
59,12,159,155,155,255
59,13,158,154,152,255
59,14,158,150,147,255
59,15,158,150,147,255
59,16,156,149,145,255
59,17,158,151,148,255
59,18,158,153,149,255
59,19,159,153,150,255
59,20,159,153,150,255
59,21,160,154,151,255
59,22,160,155,153,255
59,23,160,155,153,255
59,24,161,156,155,255
59,25,160,155,154,255
59,26,160,155,155,255
59,27,160,155,155,255
59,28,160,155,155,255
59,29,160,155,154,255
59,30,160,156,154,255
59,31,160,156,154,255
59,32,161,157,155,255
59,33,161,156,155,255
59,34,161,157,155,255
59,35,162,157,155,255
59,36,162,158,155,255
59,37,162,158,155,255
59,38,162,158,155,255
59,39,162,158,155,255
59,40,163,159,154,255
59,41,164,160,151,255
59,42,164,158,147,255
59,43,162,154,140,255
59,44,157,147,130,255
59,45,118,129,121,255
59,46,99,115,105,255
59,47,86,98,85,255
59,48,28,61,50,255
59,49,42,77,66,255
59,50,56,88,73,255
59,51,50,75,64,255
59,52,28,50,42,255
59,53,22,50,38,255
59,54,22,50,38,255
59,55,22,50,38,255
59,56,28,53,46,255
59,57,42,73,61,255
59,58,22,50,42,255
59,59,28,53,42,255
59,60,28,59,50,255
59,61,28,53,46,255
59,62,22,46,38,255
59,63,22,50,38,255
59,64,22,50,38,255
59,65,22,42,38,255
59,66,13,42,34,255
59,67,28,56,56,255
59,68,46,64,90,255
59,69,50,66,91,255
59,70,50,66,93,255
59,71,46,61,90,255
59,72,42,59,88,255
59,73,42,56,85,255
59,74,38,53,81,255
59,75,38,53,77,255
59,76,79,106,125,255
59,77,117,155,177,255
59,78,183,199,211,255
59,79,196,208,218,255
59,80,198,209,219,255
59,81,197,209,218,255
59,82,197,209,218,255
59,83,198,209,219,255
59,84,197,208,218,255
59,85,197,208,218,255
59,86,197,208,218,255
59,87,196,207,218,255
59,88,196,207,218,255
59,89,196,207,218,255
59,90,197,207,217,255
59,91,197,208,218,255
59,92,196,208,218,255
59,93,195,207,218,255
59,94,195,206,217,255
59,95,196,208,217,255
59,96,196,207,217,255
59,97,195,206,215,255
59,98,194,206,215,255
59,99,194,206,217,255
59,100,195,206,216,255
59,101,194,205,214,255
59,102,194,204,214,255
59,103,192,203,213,255
59,104,192,205,214,255
59,105,192,205,214,255
59,106,192,204,215,255
59,107,192,204,215,255
59,108,193,205,215,255
59,109,194,206,216,255
59,110,197,209,217,255
59,111,209,215,221,255
59,112,229,231,234,255
59,113,233,236,239,255
59,114,229,234,238,255
59,115,217,225,232,255
59,116,199,212,222,255
59,117,199,212,222,255
59,118,192,205,215,255
59,119,191,203,213,255
59,120,192,202,212,255
59,121,192,202,212,255
59,122,189,202,212,255
59,123,188,201,212,255
59,124,188,201,212,255
59,125,189,200,211,255
59,126,189,200,210,255
59,127,189,202,211,255
59,128,191,203,213,255
59,129,191,203,213,255
59,130,188,201,212,255
59,131,189,200,211,255
59,132,189,200,211,255
59,133,189,201,211,255
59,134,186,199,210,255
59,135,186,197,209,255
59,136,186,197,209,255
59,137,186,197,208,255
59,138,186,197,208,255
59,139,187,197,208,255
59,140,186,196,208,255
59,141,186,196,208,255
59,142,184,196,208,255
59,143,183,197,210,255
60,0,157,155,156,255
60,1,157,155,156,255
60,2,157,155,156,255
60,3,157,155,156,255
60,4,157,155,156,255
60,5,158,155,156,255
60,6,158,155,156,255
60,7,158,155,155,255
60,8,158,155,155,255
60,9,158,154,155,255
60,10,158,155,155,255
60,11,158,155,155,255
60,12,159,155,155,255
60,13,159,155,153,255
60,14,158,151,148,255
60,15,158,151,148,255
60,16,157,149,146,255
60,17,158,151,148,255
60,18,158,153,149,255
60,19,160,153,150,255
60,20,160,153,150,255
60,21,160,155,152,255
60,22,160,155,153,255
60,23,161,156,154,255
60,24,161,155,155,255
60,25,160,155,155,255
60,26,160,155,155,255
60,27,160,155,155,255
60,28,160,156,155,255
60,29,160,155,155,255
60,30,160,157,155,255
60,31,161,157,155,255
60,32,161,157,155,255
60,33,162,157,155,255
60,34,162,157,155,255
60,35,162,157,155,255
60,36,162,158,155,255
60,37,162,157,154,255
60,38,162,155,150,255
60,39,162,155,150,255
60,40,163,155,148,255
60,41,165,158,149,255
60,42,164,157,147,255
60,43,161,149,135,255
60,44,133,121,104,255
60,45,66,79,71,255
60,46,61,73,64,255
60,47,34,69,59,255
60,48,22,53,42,255
60,49,34,66,53,255
60,50,38,69,56,255
60,51,28,53,46,255
60,52,22,46,38,255
60,53,22,46,38,255
60,54,13,46,34,255
60,55,22,42,34,255
60,56,28,50,42,255
60,57,28,53,46,255
60,58,22,46,38,255
60,59,13,42,34,255
60,60,22,50,42,255
60,61,28,46,42,255
60,62,22,46,38,255
60,63,22,46,34,255
60,64,28,50,42,255
60,65,22,42,38,255
60,66,13,34,28,255
60,67,28,53,56,255
60,68,56,71,95,255
60,69,59,71,96,255
60,70,59,71,96,255
60,71,46,61,90,255
60,72,42,59,88,255
60,73,46,61,90,255
60,74,42,56,85,255
60,75,38,53,81,255
60,76,75,102,124,255
60,77,117,156,180,255
60,78,191,204,215,255
60,79,197,209,218,255
60,80,198,209,219,255
60,81,197,209,219,255
60,82,197,209,219,255
60,83,197,209,219,255
60,84,197,209,219,255
60,85,197,208,218,255
60,86,197,208,219,255
60,87,196,208,218,255
60,88,196,208,218,255
60,89,196,208,218,255
60,90,196,208,217,255
60,91,195,207,218,255
60,92,196,207,218,255
60,93,196,206,218,255
60,94,195,206,217,255
60,95,195,207,217,255
60,96,196,208,217,255
60,97,195,206,216,255
60,98,194,206,215,255
60,99,194,205,216,255
60,100,193,205,215,255
60,101,194,205,214,255
60,102,193,203,214,255
60,103,193,204,213,255
60,104,192,205,214,255
60,105,192,205,214,255
60,106,191,204,214,255
60,107,192,204,215,255
60,108,192,204,214,255
60,109,192,206,215,255
60,110,194,206,215,255
60,111,209,215,221,255
60,112,214,219,224,255
60,113,227,230,234,255
60,114,228,233,237,255
60,115,223,230,235,255
60,116,210,221,230,255
60,117,193,208,219,255
60,118,193,208,219,255
60,119,192,203,213,255
60,120,193,202,211,255
60,121,191,203,212,255
60,122,189,203,213,255
60,123,190,202,213,255
60,124,190,202,213,255
60,125,189,200,211,255
60,126,187,200,210,255
60,127,188,202,211,255
60,128,190,202,212,255
60,129,190,202,212,255
60,130,190,202,213,255
60,131,188,200,211,255
60,132,189,201,211,255
60,133,189,201,211,255
60,134,187,199,210,255
60,135,186,197,209,255
60,136,192,199,209,255
60,137,189,197,208,255
60,138,189,197,208,255
60,139,190,197,208,255
60,140,184,197,209,255
60,141,184,197,209,255
60,142,183,197,210,255
60,143,183,197,210,255
61,0,157,155,157,255
61,1,157,155,157,255
61,2,158,155,157,255
61,3,158,155,157,255
61,4,158,155,157,255
61,5,158,155,156,255
61,6,158,155,156,255
61,7,158,155,155,255
61,8,158,155,155,255
61,9,158,155,155,255
61,10,159,155,156,255
61,11,159,155,156,255
61,12,159,155,155,255
61,13,159,154,154,255
61,14,159,151,148,255
61,15,159,151,148,255
61,16,157,149,146,255
61,17,158,151,148,255
61,18,159,153,150,255
61,19,159,153,149,255
61,20,159,153,149,255
61,21,160,154,151,255
61,22,160,155,153,255
61,23,161,156,155,255
61,24,161,156,155,255
61,25,160,155,155,255
61,26,160,155,155,255
61,27,160,156,155,255
61,28,160,155,155,255
61,29,160,156,155,255
61,30,160,157,155,255
61,31,161,157,155,255
61,32,160,156,155,255
61,33,162,157,155,255
61,34,162,157,155,255
61,35,162,157,155,255
61,36,161,155,151,255
61,37,160,151,145,255
61,38,160,151,145,255
61,39,145,138,130,255
61,40,141,134,126,255
61,41,155,146,135,255
61,42,165,154,140,255
61,43,149,138,122,255
61,44,86,86,75,255
61,45,22,46,38,255
61,46,28,50,46,255
61,47,28,59,53,255
61,48,22,53,42,255
61,49,22,50,42,255
61,50,28,50,42,255
61,51,22,46,42,255
61,52,22,50,42,255
61,53,13,46,34,255
61,54,22,46,38,255
61,55,22,46,38,255
61,56,22,38,34,255
61,57,22,46,38,255
61,58,22,46,38,255
61,59,22,46,38,255
61,60,22,46,38,255
61,61,28,46,42,255
61,62,22,42,38,255
61,63,22,46,34,255
61,64,28,50,42,255
61,65,22,42,38,255
61,66,13,34,28,255
61,67,28,53,56,255
61,68,56,71,95,255
61,69,59,71,96,255
61,70,59,71,96,255
61,71,53,69,95,255
61,72,46,64,93,255
61,73,46,61,90,255
61,74,42,56,85,255
61,75,38,53,81,255
61,76,75,102,124,255
61,77,117,156,180,255
61,78,191,204,215,255
61,79,197,209,218,255
61,80,198,209,219,255
61,81,197,209,219,255
61,82,197,209,219,255
61,83,197,209,219,255
61,84,199,210,220,255
61,85,197,209,219,255
61,86,197,208,219,255
61,87,197,208,218,255
61,88,196,208,218,255
61,89,196,208,218,255
61,90,196,207,217,255
61,91,196,207,218,255
61,92,196,207,218,255
61,93,196,207,217,255
61,94,196,207,217,255
61,95,196,208,217,255
61,96,195,207,217,255
61,97,195,206,216,255
61,98,197,206,217,255
61,99,195,206,217,255
61,100,195,206,217,255
61,101,195,206,215,255
61,102,194,204,214,255
61,103,195,204,213,255
61,104,192,205,214,255
61,105,192,205,214,255
61,106,192,205,214,255
61,107,193,205,215,255
61,108,192,205,214,255
61,109,192,206,215,255
61,110,195,206,216,255
61,111,196,206,216,255
61,112,214,219,224,255
61,113,220,224,229,255
61,114,229,232,236,255
61,115,228,233,237,255
61,116,221,229,235,255
61,117,203,218,227,255
61,118,203,218,227,255
61,119,190,205,216,255
61,120,192,202,211,255
61,121,190,203,213,255
61,122,191,203,213,255
61,123,190,202,213,255
61,124,190,202,213,255
61,125,192,201,210,255
61,126,187,200,210,255
61,127,189,201,211,255
61,128,190,202,213,255
61,129,190,202,213,255
61,130,189,202,212,255
61,131,188,200,211,255
61,132,190,200,211,255
61,133,190,200,211,255
61,134,194,200,210,255
61,135,192,199,209,255
61,136,192,199,209,255
61,137,192,200,210,255
61,138,192,200,210,255
61,139,190,199,209,255
61,140,185,197,209,255
61,141,185,197,209,255
61,142,185,196,208,255
61,143,185,196,208,255
62,0,157,155,157,255
62,1,157,155,157,255
62,2,158,155,157,255
62,3,158,155,157,255
62,4,158,155,156,255
62,5,158,155,156,255
62,6,158,155,156,255
62,7,159,155,156,255
62,8,159,155,156,255
62,9,158,155,156,255
62,10,159,155,156,255
62,11,159,155,156,255
62,12,159,156,156,255
62,13,159,155,155,255
62,14,159,153,150,255
62,15,159,153,150,255
62,16,157,149,146,255
62,17,159,151,148,255
62,18,160,153,150,255
62,19,160,153,150,255
62,20,160,153,150,255
62,21,160,155,151,255
62,22,161,155,153,255
62,23,161,156,155,255
62,24,161,156,155,255
62,25,160,156,155,255
62,26,160,156,155,255
62,27,160,156,155,255
62,28,160,156,155,255
62,29,160,156,155,255
62,30,160,157,155,255
62,31,161,157,155,255
62,32,162,157,155,255
62,33,162,157,155,255
62,34,162,157,155,255
62,35,161,154,151,255
62,36,140,141,139,255
62,37,126,124,118,255
62,38,126,124,118,255
62,39,101,99,91,255
62,40,91,93,86,255
62,41,108,108,99,255
62,42,137,127,114,255
62,43,120,110,96,255
62,44,38,53,46,255
62,45,22,42,38,255
62,46,22,50,46,255
62,47,34,64,56,255
62,48,22,50,46,255
62,49,28,46,42,255
62,50,22,46,38,255
62,51,22,50,42,255
62,52,22,53,42,255
62,53,22,50,38,255
62,54,22,42,38,255
62,55,22,46,38,255
62,56,13,42,34,255
62,57,22,46,38,255
62,58,28,50,42,255
62,59,22,42,38,255
62,60,22,46,38,255
62,61,28,46,42,255
62,62,22,42,38,255
62,63,22,50,38,255
62,64,22,46,42,255
62,65,22,38,34,255
62,66,22,38,34,255
62,67,34,53,61,255
62,68,61,73,95,255
62,69,56,69,93,255
62,70,56,71,96,255
62,71,50,66,93,255
62,72,50,66,93,255
62,73,50,64,91,255
62,74,42,59,86,255
62,75,42,56,85,255
62,76,71,99,121,255
62,77,106,153,178,255
62,78,189,202,213,255
62,79,197,208,218,255
62,80,198,209,219,255
62,81,197,209,219,255
62,82,197,209,219,255
62,83,197,209,219,255
62,84,200,211,220,255
62,85,198,209,219,255
62,86,197,208,219,255
62,87,196,208,218,255
62,88,196,208,218,255
62,89,196,208,218,255
62,90,196,207,217,255
62,91,196,208,218,255
62,92,196,206,218,255
62,93,196,207,218,255
62,94,196,208,218,255
62,95,196,208,218,255
62,96,196,207,217,255
62,97,196,207,216,255
62,98,196,206,217,255
62,99,196,206,217,255
62,100,195,206,217,255
62,101,194,206,215,255
62,102,194,204,214,255
62,103,194,204,213,255
62,104,193,205,214,255
62,105,195,205,215,255
62,106,195,205,215,255
62,107,193,205,215,255
62,108,192,205,215,255
62,109,192,206,216,255
62,110,194,206,216,255
62,111,195,205,215,255
62,112,199,209,218,255
62,113,220,224,229,255
62,114,229,232,236,255
62,115,229,233,237,255
62,116,228,233,237,255
62,117,219,228,234,255
62,118,219,228,234,255
62,119,200,214,225,255
62,120,190,203,214,255
62,121,190,203,213,255
62,122,190,203,214,255
62,123,191,202,213,255
62,124,194,201,211,255
62,125,194,201,211,255
62,126,187,200,211,255
62,127,189,201,211,255
62,128,189,201,213,255
62,129,189,201,213,255
62,130,189,200,211,255
62,131,189,200,210,255
62,132,191,200,210,255
62,133,191,200,210,255
62,134,191,199,210,255
62,135,190,199,209,255
62,136,190,199,209,255
62,137,192,200,210,255
62,138,192,200,210,255
62,139,192,200,210,255
62,140,186,198,209,255
62,141,186,198,209,255
62,142,186,197,208,255
62,143,186,197,208,255
63,0,158,155,158,255
63,1,158,155,158,255
63,2,158,155,157,255
63,3,158,155,157,255
63,4,158,155,156,255
63,5,158,155,156,255
63,6,159,155,157,255
63,7,158,155,156,255
63,8,158,155,156,255
63,9,159,156,157,255
63,10,159,155,156,255
63,11,159,155,156,255
63,12,160,156,157,255
63,13,159,155,155,255
63,14,159,153,150,255
63,15,159,153,150,255
63,16,159,151,148,255
63,17,160,151,148,255
63,18,159,153,148,255
63,19,159,153,148,255
63,20,160,153,149,255
63,21,160,154,150,255
63,22,161,155,152,255
63,23,162,157,155,255
63,24,162,157,156,255
63,25,160,156,155,255
63,26,160,156,155,255
63,27,160,157,155,255
63,28,160,156,155,255
63,29,160,157,155,255
63,30,160,157,155,255
63,31,161,157,155,255
63,32,163,158,156,255
63,33,162,157,155,255
63,34,162,154,152,255
63,35,134,142,142,255
63,36,98,125,126,255
63,37,73,88,88,255
63,38,73,88,88,255
63,39,38,53,50,255
63,40,42,64,59,255
63,41,61,77,71,255
63,42,85,86,77,255
63,43,66,71,61,255
63,44,22,46,42,255
63,45,22,46,46,255
63,46,13,50,46,255
63,47,34,69,64,255
63,48,28,53,50,255
63,49,28,53,46,255
63,50,13,38,34,255
63,51,22,50,42,255
63,52,22,50,42,255
63,53,22,46,42,255
63,54,22,46,38,255
63,55,22,46,38,255
63,56,22,46,38,255
63,57,22,46,38,255
63,58,28,50,42,255
63,59,22,42,38,255
63,60,22,46,42,255
63,61,28,50,46,255
63,62,22,46,42,255
63,63,22,50,42,255
63,64,28,50,42,255
63,65,28,46,42,255
63,66,22,42,38,255
63,67,34,56,64,255
63,68,56,69,91,255
63,69,56,69,90,255
63,70,56,69,91,255
63,71,50,64,91,255
63,72,46,61,90,255
63,73,46,61,90,255
63,74,42,59,86,255
63,75,46,59,86,255
63,76,69,96,120,255
63,77,98,149,177,255
63,78,173,191,206,255
63,79,196,208,217,255
63,80,199,209,219,255
63,81,197,209,219,255
63,82,197,209,219,255
63,83,199,210,219,255
63,84,200,211,220,255
63,85,198,209,219,255
63,86,197,208,219,255
63,87,196,208,218,255
63,88,196,208,219,255
63,89,196,208,218,255
63,90,196,208,218,255
63,91,196,208,218,255
63,92,196,206,218,255
63,93,196,207,218,255
63,94,196,208,217,255
63,95,196,208,217,255
63,96,196,207,217,255
63,97,196,207,217,255
63,98,196,207,217,255
63,99,196,207,217,255
63,100,195,207,216,255
63,101,194,206,215,255
63,102,195,205,214,255
63,103,195,205,214,255
63,104,195,206,215,255
63,105,196,206,215,255
63,106,196,206,215,255
63,107,193,205,214,255
63,108,193,205,215,255
63,109,192,206,217,255
63,110,192,206,217,255
63,111,193,205,215,255
63,112,192,205,215,255
63,113,210,217,223,255
63,114,224,228,233,255
63,115,229,233,237,255
63,116,230,234,238,255
63,117,227,233,237,255
63,118,227,233,237,255
63,119,216,226,233,255
63,120,196,211,222,255
63,121,190,203,214,255
63,122,190,203,214,255
63,123,191,202,214,255
63,124,191,202,213,255
63,125,191,202,213,255
63,126,189,202,213,255
63,127,189,201,212,255
63,128,189,201,213,255
63,129,189,201,213,255
63,130,189,199,210,255
63,131,190,200,210,255
63,132,190,200,210,255
63,133,190,200,210,255
63,134,190,199,209,255
63,135,191,199,209,255
63,136,191,199,209,255
63,137,192,200,209,255
63,138,192,200,210,255
63,139,192,200,210,255
63,140,186,197,208,255
63,141,186,197,208,255
63,142,184,194,206,255
63,143,184,194,206,255
64,0,159,156,159,255
64,1,159,156,159,255
64,2,158,156,158,255
64,3,158,155,157,255
64,4,158,156,157,255
64,5,158,156,157,255
64,6,159,156,158,255
64,7,159,156,158,255
64,8,159,156,158,255
64,9,159,155,157,255
64,10,160,156,157,255
64,11,160,156,157,255
64,12,160,156,157,255
64,13,159,155,155,255
64,14,159,155,155,255
64,15,160,154,151,255
64,16,160,151,148,255
64,17,160,151,148,255
64,18,160,153,149,255
64,19,160,153,149,255
64,20,160,153,149,255
64,21,160,153,149,255
64,22,162,155,152,255
64,23,161,156,155,255
64,24,162,158,156,255
64,25,160,157,155,255
64,26,160,157,155,255
64,27,160,157,155,255
64,28,161,157,156,255
64,29,161,157,155,255
64,30,161,158,156,255
64,31,161,158,156,255
64,32,163,157,155,255
64,33,152,153,153,255
64,34,119,143,146,255
64,35,98,130,137,255
64,36,79,114,121,255
64,37,46,79,83,255
64,38,46,79,83,255
64,39,22,42,34,255
64,40,34,59,56,255
64,41,34,61,53,255
64,42,34,53,46,255
64,43,22,42,38,255
64,44,22,46,42,255
64,45,22,50,46,255
64,46,28,64,61,255
64,47,34,73,69,255
64,48,22,56,53,255
64,49,13,38,34,255
64,50,22,42,34,255
64,51,22,50,42,255
64,52,22,46,38,255
64,53,22,46,38,255
64,54,22,42,38,255
64,55,22,46,38,255
64,56,22,46,38,255
64,57,13,42,34,255
64,58,28,46,38,255
64,59,22,46,38,255
64,60,22,50,42,255
64,61,28,59,50,255
64,62,28,46,42,255
64,63,22,50,42,255
64,64,28,50,42,255
64,65,28,46,42,255
64,66,28,46,42,255
64,67,34,56,66,255
64,68,53,66,88,255
64,69,53,64,86,255
64,70,46,61,86,255
64,71,46,61,88,255
64,72,46,64,91,255
64,73,46,61,90,255
64,74,42,59,86,255
64,75,42,59,85,255
64,76,64,93,119,255
64,77,96,148,178,255
64,78,167,186,203,255
64,79,196,207,217,255
64,80,199,209,219,255
64,81,198,209,219,255
64,82,198,209,219,255
64,83,199,210,219,255
64,84,200,210,220,255
64,85,197,209,219,255
64,86,198,209,219,255
64,87,196,208,218,255
64,88,196,208,219,255
64,89,196,209,219,255
64,90,196,208,218,255
64,91,196,208,218,255
64,92,196,207,217,255
64,93,196,207,217,255
64,94,196,208,218,255
64,95,196,207,217,255
64,96,196,206,216,255
64,97,196,208,217,255
64,98,196,207,217,255
64,99,196,208,218,255
64,100,196,207,217,255
64,101,194,206,216,255
64,102,196,205,214,255
64,103,195,205,214,255
64,104,195,205,214,255
64,105,195,205,215,255
64,106,195,205,215,255
64,107,193,205,214,255
64,108,194,205,215,255
64,109,191,206,217,255
64,110,192,207,217,255
64,111,193,206,215,255
64,112,194,207,216,255
64,113,194,207,217,255
64,114,216,221,227,255
64,115,226,230,234,255
64,116,230,234,238,255
64,117,230,235,238,255
64,118,230,235,238,255
64,119,223,231,236,255
64,120,206,220,229,255
64,121,189,206,218,255
64,122,190,202,213,255
64,123,193,203,214,255
64,124,191,202,214,255
64,125,191,202,214,255
64,126,190,202,213,255
64,127,188,200,211,255
64,128,189,200,211,255
64,129,189,199,210,255
64,130,189,199,210,255
64,131,190,200,210,255
64,132,189,199,210,255
64,133,189,199,210,255
64,134,189,198,208,255
64,135,190,198,208,255
64,136,190,198,208,255
64,137,189,198,208,255
64,138,189,199,208,255
64,139,189,199,208,255
64,140,186,197,208,255
64,141,187,197,208,255
64,142,182,191,203,255
64,143,182,191,203,255
65,0,158,156,158,255
65,1,159,157,159,255
65,2,158,156,158,255
65,3,158,156,158,255
65,4,159,156,158,255
65,5,159,156,158,255
65,6,159,156,157,255
65,7,159,156,157,255
65,8,159,156,158,255
65,9,159,156,157,255
65,10,160,157,158,255
65,11,160,157,158,255
65,12,160,156,157,255
65,13,159,155,155,255
65,14,159,155,155,255
65,15,161,155,153,255
65,16,160,153,149,255
65,17,159,152,148,255
65,18,160,153,149,255
65,19,160,153,149,255
65,20,160,154,149,255
65,21,160,154,149,255
65,22,162,155,151,255
65,23,162,157,155,255
65,24,162,158,156,255
65,25,162,158,156,255
65,26,160,157,155,255
65,27,161,157,156,255
65,28,161,157,156,255
65,29,161,158,156,255
65,30,161,158,156,255
65,31,163,158,156,255
65,32,160,157,155,255
65,33,147,151,152,255
65,34,106,140,146,255
65,35,86,130,140,255
65,36,71,120,129,255
65,37,71,120,129,255
65,38,46,95,102,255
65,39,22,53,64,255
65,40,22,64,66,255
65,41,28,53,50,255
65,42,22,38,38,255
65,43,13,38,34,255
65,44,22,50,46,255
65,45,22,50,42,255
65,46,28,61,56,255
65,47,38,75,71,255
65,48,34,66,59,255
65,49,22,46,38,255
65,50,13,34,34,255
65,51,22,46,38,255
65,52,22,46,38,255
65,53,22,46,38,255
65,54,22,42,38,255
65,55,22,46,34,255
65,56,22,42,38,255
65,57,22,46,38,255
65,58,13,42,34,255
65,59,22,42,38,255
65,60,22,46,38,255
65,61,22,50,42,255
65,62,22,46,38,255
65,63,22,46,42,255
65,64,28,50,46,255
65,65,28,46,38,255
65,66,28,46,46,255
65,67,38,56,73,255
65,68,46,59,85,255
65,69,46,56,81,255
65,70,42,56,81,255
65,71,46,59,85,255
65,72,42,59,85,255
65,73,46,59,86,255
65,74,42,59,86,255
65,75,42,56,83,255
65,76,61,88,113,255
65,77,96,148,178,255
65,78,160,186,206,255
65,79,196,208,219,255
65,80,199,210,220,255
65,81,197,209,219,255
65,82,198,210,219,255
65,83,198,209,219,255
65,84,199,210,219,255
65,85,198,209,218,255
65,86,198,209,219,255
65,87,197,208,219,255
65,88,197,209,219,255
65,89,196,209,219,255
65,90,196,208,218,255
65,91,196,207,217,255
65,92,196,207,217,255
65,93,196,208,217,255
65,94,197,208,218,255
65,95,196,208,218,255
65,96,196,206,216,255
65,97,194,208,217,255
65,98,194,208,217,255
65,99,195,208,218,255
65,100,194,208,218,255
65,101,194,206,217,255
65,102,196,206,215,255
65,103,195,206,215,255
65,104,196,206,215,255
65,105,195,205,215,255
65,106,195,206,215,255
65,107,195,206,215,255
65,108,195,205,216,255
65,109,192,206,217,255
65,110,194,207,216,255
65,111,195,206,215,255
65,112,195,206,216,255
65,113,194,207,217,255
65,114,205,214,221,255
65,115,222,226,230,255
65,116,234,236,238,255
65,117,230,235,238,255
65,118,229,234,238,255
65,119,229,234,238,255
65,120,220,230,236,255
65,121,200,215,227,255
65,122,191,204,216,255
65,123,190,202,214,255
65,124,192,202,214,255
65,125,192,202,214,255
65,126,190,201,212,255
65,127,188,201,212,255
65,128,189,200,211,255
65,129,190,200,210,255
65,130,190,200,210,255
65,131,190,200,210,255
65,132,190,200,210,255
65,133,190,200,210,255
65,134,188,198,208,255
65,135,188,197,208,255
65,136,186,198,209,255
65,137,186,198,209,255
65,138,189,198,208,255
65,139,189,198,208,255
65,140,187,197,208,255
65,141,187,197,208,255
65,142,176,186,199,255
65,143,155,170,183,255
66,0,160,157,160,255
66,1,159,157,159,255
66,2,159,157,159,255
66,3,159,156,158,255
66,4,159,156,158,255
66,5,159,156,158,255
66,6,160,157,159,255
66,7,160,157,159,255
66,8,160,157,158,255
66,9,160,157,158,255
66,10,160,157,158,255
66,11,160,157,158,255
66,12,161,157,158,255
66,13,161,157,157,255
66,14,161,157,157,255
66,15,161,155,155,255
66,16,160,153,150,255
66,17,160,153,149,255
66,18,160,154,149,255
66,19,160,154,149,255
66,20,160,153,148,255
66,21,160,153,148,255
66,22,161,155,150,255
66,23,162,157,155,255
66,24,162,158,156,255
66,25,162,158,156,255
66,26,161,157,156,255
66,27,161,158,157,255
66,28,161,158,156,255
66,29,161,158,156,255
66,30,163,158,156,255
66,31,163,158,156,255
66,32,161,157,155,255
66,33,155,155,155,255
66,34,138,149,152,255
66,35,112,143,148,255
66,36,99,135,142,255
66,37,99,135,142,255
66,38,77,121,128,255
66,39,59,102,109,255
66,40,28,91,99,255
66,41,22,75,81,255
66,42,22,50,56,255
66,43,28,53,59,255
66,44,28,59,61,255
66,45,13,42,34,255
66,46,28,53,50,255
66,47,38,73,71,255
66,48,22,59,56,255
66,49,22,53,50,255
66,50,13,34,28,255
66,51,22,46,38,255
66,52,22,46,38,255
66,53,22,42,34,255
66,54,22,42,38,255
66,55,22,42,34,255
66,56,22,42,38,255
66,57,22,46,38,255
66,58,13,38,34,255
66,59,13,34,28,255
66,60,22,46,42,255
66,61,22,46,38,255
66,62,22,46,38,255
66,63,22,50,42,255
66,64,22,46,42,255
66,65,22,38,38,255
66,66,28,50,50,255
66,67,42,59,83,255
66,68,46,59,85,255
66,69,42,56,83,255
66,70,42,53,79,255
66,71,42,53,81,255
66,72,38,53,81,255
66,73,38,50,79,255
66,74,42,53,81,255
66,75,38,50,79,255
66,76,53,77,99,255
66,77,95,147,175,255
66,78,147,181,205,255
66,79,199,209,218,255
66,80,199,210,220,255
66,81,198,210,220,255
66,82,199,210,220,255
66,83,198,209,219,255
66,84,199,209,219,255
66,85,198,209,219,255
66,86,198,209,219,255
66,87,196,208,219,255
66,88,196,209,219,255
66,89,197,209,219,255
66,90,196,208,218,255
66,91,196,207,217,255
66,92,196,207,217,255
66,93,197,208,217,255
66,94,198,208,218,255
66,95,197,208,218,255
66,96,196,207,217,255
66,97,196,208,217,255
66,98,196,207,217,255
66,99,194,208,218,255
66,100,194,207,217,255
66,101,194,207,217,255
66,102,196,206,216,255
66,103,196,208,217,255
66,104,196,206,216,255
66,105,196,206,217,255
66,106,196,205,216,255
66,107,196,205,216,255
66,108,195,205,216,255
66,109,194,206,217,255
66,110,194,208,217,255
66,111,192,206,215,255
66,112,193,205,215,255
66,113,194,207,217,255
66,114,194,206,215,255
66,115,211,217,223,255
66,116,226,229,233,255
66,117,229,233,237,255
66,118,229,234,238,255
66,119,229,234,238,255
66,120,231,236,239,255
66,121,215,226,234,255
66,122,194,211,223,255
66,123,191,204,215,255
66,124,192,203,214,255
66,125,192,203,214,255
66,126,190,202,213,255
66,127,190,202,213,255
66,128,189,201,211,255
66,129,191,200,210,255
66,130,191,200,210,255
66,131,190,200,210,255
66,132,190,200,210,255
66,133,189,199,209,255
66,134,189,199,209,255
66,135,189,199,209,255
66,136,189,199,210,255
66,137,189,199,210,255
66,138,190,200,210,255
66,139,190,200,210,255
66,140,187,199,209,255
66,141,176,186,199,255
66,142,176,186,199,255
66,143,153,168,181,255
67,0,160,157,160,255
67,1,159,157,159,255
67,2,159,157,159,255
67,3,159,157,159,255
67,4,159,156,158,255
67,5,159,156,158,255
67,6,160,157,159,255
67,7,160,157,159,255
67,8,159,157,158,255
67,9,160,157,158,255
67,10,160,157,158,255
67,11,160,158,158,255
67,12,161,158,158,255
67,13,161,158,157,255
67,14,161,158,157,255
67,15,161,157,155,255
67,16,160,155,153,255
67,17,160,155,151,255
67,18,160,155,151,255
67,19,160,153,149,255
67,20,160,152,148,255
67,21,160,153,148,255
67,22,162,155,150,255
67,23,162,157,155,255
67,24,162,158,156,255
67,25,162,158,156,255
67,26,161,158,157,255
67,27,161,157,156,255
67,28,162,158,157,255
67,29,163,158,157,255
67,30,163,159,157,255
67,31,163,159,157,255
67,32,163,159,157,255
67,33,161,158,156,255
67,34,161,158,155,255
67,35,155,155,155,255
67,36,141,150,152,255
67,37,141,150,152,255
67,38,125,143,145,255
67,39,96,129,134,255
67,40,81,124,130,255
67,41,53,113,121,255
67,42,69,98,105,255
67,43,38,93,102,255
67,44,34,83,88,255
67,45,22,53,59,255
67,46,22,56,64,255
67,47,38,81,83,255
67,48,22,77,81,255
67,49,22,53,50,255
67,50,13,34,28,255
67,51,22,46,42,255
67,52,22,50,46,255
67,53,13,42,34,255
67,54,22,38,34,255
67,55,13,38,34,255
67,56,22,42,34,255
67,57,22,42,38,255
67,58,22,42,38,255
67,59,22,42,34,255
67,60,22,46,38,255
67,61,13,38,34,255
67,62,13,46,34,255
67,63,28,53,42,255
67,64,28,50,46,255
67,65,22,46,38,255
67,66,28,56,53,255
67,67,42,61,86,255
67,68,50,66,93,255
67,69,46,61,90,255
67,70,42,59,88,255
67,71,42,59,88,255
67,72,38,53,83,255
67,73,38,53,81,255
67,74,38,50,79,255
67,75,34,50,77,255
67,76,38,61,85,255
67,77,91,145,172,255
67,78,121,173,197,255
67,79,189,202,213,255
67,80,199,210,219,255
67,81,199,210,220,255
67,82,198,210,219,255
67,83,198,209,219,255
67,84,198,209,219,255
67,85,199,210,219,255
67,86,199,209,219,255
67,87,197,209,219,255
67,88,197,209,220,255
67,89,197,209,218,255
67,90,196,208,218,255
67,91,197,208,218,255
67,92,196,208,217,255
67,93,197,208,217,255
67,94,198,208,218,255
67,95,198,208,218,255
67,96,197,207,217,255
67,97,196,207,217,255
67,98,196,208,218,255
67,99,194,207,218,255
67,100,194,207,217,255
67,101,195,208,217,255
67,102,194,206,215,255
67,103,197,208,217,255
67,104,197,207,217,255
67,105,197,207,217,255
67,106,196,206,217,255
67,107,196,206,217,255
67,108,194,206,217,255
67,109,194,206,217,255
67,110,196,208,217,255
67,111,192,206,216,255
67,112,192,205,215,255
67,113,194,207,216,255
67,114,192,205,214,255
67,115,202,210,217,255
67,116,218,222,227,255
67,117,227,230,234,255
67,118,232,235,238,255
67,119,232,235,238,255
67,120,231,236,239,255
67,121,225,232,237,255
67,122,211,223,231,255
67,123,191,206,219,255
67,124,190,203,213,255
67,125,190,202,213,255
67,126,190,202,213,255
67,127,190,202,211,255
67,128,190,202,211,255
67,129,192,202,212,255
67,130,192,202,212,255
67,131,192,201,212,255
67,132,189,200,210,255
67,133,189,199,209,255
67,134,189,199,209,255
67,135,189,200,210,255
67,136,190,200,210,255
67,137,190,200,210,255
67,138,189,200,210,255
67,139,189,200,210,255
67,140,189,199,209,255
67,141,163,180,194,255
67,142,163,180,194,255
67,143,153,168,181,255
68,0,160,157,160,255
68,1,160,157,160,255
68,2,160,157,160,255
68,3,160,158,160,255
68,4,160,158,160,255
68,5,160,158,160,255
68,6,160,157,159,255
68,7,160,157,159,255
68,8,159,157,158,255
68,9,160,157,159,255
68,10,160,157,159,255
68,11,160,157,159,255
68,12,161,157,158,255
68,13,161,158,158,255
68,14,161,158,158,255
68,15,161,157,156,255
68,16,162,156,155,255
68,17,160,155,151,255
68,18,160,155,151,255
68,19,160,154,149,255
68,20,160,153,148,255
68,21,160,153,148,255
68,22,162,155,150,255
68,23,162,156,154,255
68,24,162,158,156,255
68,25,162,158,156,255
68,26,162,158,158,255
68,27,162,158,157,255
68,28,163,158,157,255
68,29,163,158,157,255
68,30,163,159,157,255
68,31,163,159,157,255
68,32,163,160,157,255
68,33,163,160,157,255
68,34,163,160,157,255
68,35,163,160,157,255
68,36,162,159,156,255
68,37,162,159,156,255
68,38,157,156,155,255
68,39,139,149,151,255
68,40,134,148,149,255
68,41,120,144,146,255
68,42,117,139,140,255
68,43,88,131,135,255
68,44,69,122,126,255
68,45,42,101,110,255
68,46,46,99,108,255
68,47,53,105,105,255
68,48,22,77,81,255
68,49,38,79,75,255
68,50,13,34,28,255
68,51,28,53,46,255
68,52,34,64,61,255
68,53,22,50,42,255
68,54,13,38,34,255
68,55,22,42,38,255
68,56,13,38,34,255
68,57,22,38,34,255
68,58,22,46,38,255
68,59,13,42,34,255
68,60,22,46,34,255
68,61,13,38,34,255
68,62,22,50,38,255
68,63,22,50,38,255
68,64,22,50,42,255
68,65,22,46,42,255
68,66,28,59,59,255
68,67,53,71,95,255
68,68,56,71,98,255
68,69,56,71,96,255
68,70,53,69,95,255
68,71,53,69,95,255
68,72,42,61,91,255
68,73,42,59,88,255
68,74,38,53,83,255
68,75,38,53,81,255
68,76,42,56,83,255
68,77,90,145,170,255
68,78,130,170,192,255
68,79,185,199,211,255
68,80,198,209,218,255
68,81,198,210,219,255
68,82,199,210,220,255
68,83,199,210,219,255
68,84,199,210,220,255
68,85,198,210,220,255
68,86,199,209,219,255
68,87,199,209,219,255
68,88,197,209,219,255
68,89,197,209,218,255
68,90,197,209,218,255
68,91,197,208,218,255
68,92,197,208,218,255
68,93,197,208,218,255
68,94,198,208,218,255
68,95,198,208,218,255
68,96,196,207,217,255
68,97,197,208,217,255
68,98,196,208,218,255
68,99,195,208,218,255
68,100,196,207,217,255
68,101,195,208,217,255
68,102,196,206,215,255
68,103,197,208,215,255
68,104,197,208,216,255
68,105,196,207,217,255
68,106,196,206,216,255
68,107,196,206,216,255
68,108,194,206,216,255
68,109,194,207,217,255
68,110,192,208,218,255
68,111,192,206,217,255
68,112,192,206,215,255
68,113,192,206,216,255
68,114,195,206,214,255
68,115,194,204,213,255
68,116,206,211,218,255
68,117,221,224,228,255
68,118,230,233,236,255
68,119,230,233,236,255
68,120,232,236,239,255
68,121,225,232,237,255
68,122,221,228,234,255
68,123,194,209,221,255
68,124,190,202,213,255
68,125,189,200,211,255
68,126,189,200,211,255
68,127,189,200,210,255
68,128,190,201,211,255
68,129,191,202,213,255
68,130,191,202,213,255
68,131,190,200,211,255
68,132,189,200,210,255
68,133,190,200,210,255
68,134,190,200,210,255
68,135,189,200,210,255
68,136,189,200,211,255
68,137,189,200,211,255
68,138,189,200,210,255
68,139,189,198,208,255
68,140,189,198,208,255
68,141,160,175,189,255
68,142,160,175,189,255
68,143,156,169,180,255
69,0,160,158,160,255
69,1,160,157,160,255
69,2,160,157,160,255
69,3,160,157,160,255
69,4,160,157,160,255
69,5,161,158,160,255
69,6,160,158,160,255
69,7,160,157,159,255
69,8,160,157,159,255
69,9,160,157,159,255
69,10,160,157,159,255
69,11,160,158,159,255
69,12,160,158,159,255
69,13,161,158,158,255
69,14,161,158,158,255
69,15,161,158,157,255
69,16,162,157,155,255
69,17,162,155,153,255
69,18,162,155,153,255
69,19,160,155,150,255
69,20,160,154,149,255
69,21,160,153,148,255
69,22,160,154,149,255
69,23,163,157,154,255
69,24,163,159,157,255
69,25,163,159,157,255
69,26,163,159,158,255
69,27,163,159,158,255
69,28,163,159,157,255
69,29,163,160,158,255
69,30,163,159,157,255
69,31,163,159,157,255
69,32,163,160,158,255
69,33,163,160,157,255
69,34,163,160,158,255
69,35,163,160,158,255
69,36,164,161,158,255
69,37,164,161,158,255
69,38,164,161,158,255
69,39,163,160,157,255
69,40,160,159,156,255
69,41,160,160,156,255
69,42,155,157,154,255
69,43,135,150,148,255
69,44,113,147,146,255
69,45,86,144,144,255
69,46,46,99,108,255
69,47,53,105,105,255
69,48,69,113,109,255
69,49,46,86,86,255
69,50,13,42,42,255
69,51,28,59,56,255
69,52,38,71,69,255
69,53,28,53,50,255
69,54,22,50,42,255
69,55,28,53,46,255
69,56,22,46,38,255
69,57,13,38,34,255
69,58,22,50,42,255
69,59,13,42,34,255
69,60,13,50,38,255
69,61,22,42,38,255
69,62,22,46,38,255
69,63,28,53,42,255
69,64,22,50,42,255
69,65,22,50,42,255
69,66,34,59,56,255
69,67,56,73,95,255
69,68,59,71,96,255
69,69,59,71,96,255
69,70,56,71,98,255
69,71,53,69,96,255
69,72,50,66,95,255
69,73,46,64,93,255
69,74,42,59,88,255
69,75,38,53,85,255
69,76,42,59,86,255
69,77,91,144,167,255
69,78,120,172,193,255
69,79,187,202,214,255
69,80,198,209,219,255
69,81,199,209,219,255
69,82,199,210,220,255
69,83,199,210,219,255
69,84,199,209,220,255
69,85,200,210,220,255
69,86,199,209,220,255
69,87,199,209,219,255
69,88,197,209,220,255
69,89,197,209,219,255
69,90,197,209,218,255
69,91,197,208,218,255
69,92,197,208,218,255
69,93,197,208,217,255
69,94,198,209,218,255
69,95,197,208,218,255
69,96,196,207,217,255
69,97,197,208,217,255
69,98,197,207,218,255
69,99,196,207,217,255
69,100,195,208,218,255
69,101,195,207,217,255
69,102,196,206,215,255
69,103,197,207,216,255
69,104,199,208,217,255
69,105,196,207,217,255
69,106,196,206,216,255
69,107,196,206,216,255
69,108,193,206,215,255
69,109,192,207,217,255
69,110,193,208,218,255
69,111,192,207,217,255
69,112,192,206,216,255
69,113,192,206,215,255
69,114,196,206,215,255
69,115,195,204,213,255
69,116,195,203,213,255
69,117,210,215,221,255
69,118,225,229,233,255
69,119,225,229,233,255
69,120,231,234,238,255
69,121,230,234,238,255
69,122,221,228,234,255
69,123,194,208,220,255
69,124,191,202,213,255
69,125,190,201,211,255
69,126,190,201,211,255
69,127,189,200,211,255
69,128,189,201,211,255
69,129,190,201,212,255
69,130,190,201,212,255
69,131,189,200,210,255
69,132,189,201,210,255
69,133,192,202,210,255
69,134,192,202,210,255
69,135,189,201,211,255
69,136,189,200,211,255
69,137,189,200,211,255
69,138,190,200,210,255
69,139,183,197,208,255
69,140,183,197,208,255
69,141,135,162,182,255
69,142,135,162,182,255
69,143,158,167,178,255
70,0,160,158,160,255
70,1,161,159,160,255
70,2,161,159,160,255
70,3,161,158,160,255
70,4,161,158,160,255
70,5,161,159,160,255
70,6,160,158,160,255
70,7,160,158,160,255
70,8,160,158,160,255
70,9,160,158,159,255
70,10,160,158,159,255
70,11,160,158,160,255
70,12,160,158,159,255
70,13,160,158,159,255
70,14,162,158,159,255
70,15,162,159,158,255
70,16,162,157,155,255
70,17,162,156,154,255
70,18,162,156,154,255
70,19,160,155,150,255
70,20,160,154,149,255
70,21,161,154,149,255
70,22,160,154,149,255
70,23,162,156,153,255
70,24,162,156,153,255
70,25,163,159,157,255
70,26,163,159,158,255
70,27,163,160,158,255
70,28,163,159,158,255
70,29,163,160,158,255
70,30,163,160,158,255
70,31,163,160,158,255
70,32,164,160,159,255
70,33,164,160,159,255
70,34,164,160,159,255
70,35,164,160,158,255
70,36,164,160,158,255
70,37,164,161,158,255
70,38,165,160,158,255
70,39,165,161,158,255
70,40,166,161,158,255
70,41,165,162,158,255
70,42,167,163,158,255
70,43,163,161,154,255
70,44,153,159,152,255
70,45,86,144,144,255
70,46,79,141,142,255
70,47,66,118,122,255
70,48,42,104,105,255
70,49,46,90,86,255
70,50,34,66,59,255
70,51,42,83,73,255
70,52,38,73,69,255
70,53,22,53,46,255
70,54,22,53,46,255
70,55,22,53,46,255
70,56,22,50,42,255
70,57,22,53,46,255
70,58,22,53,46,255
70,59,22,50,42,255
70,60,22,53,42,255
70,61,22,50,42,255
70,62,22,50,38,255
70,63,22,50,42,255
70,64,22,53,42,255
70,65,22,50,42,255
70,66,28,56,53,255
70,67,56,73,93,255
70,68,56,69,93,255
70,69,56,71,96,255
70,70,53,69,96,255
70,71,50,66,95,255
70,72,53,66,95,255
70,73,46,64,93,255
70,74,46,61,90,255
70,75,42,59,86,255
70,76,42,59,86,255
70,77,90,142,163,255
70,78,120,173,194,255
70,79,186,202,214,255
70,80,198,210,219,255
70,81,199,210,219,255
70,82,199,210,220,255
70,83,199,210,220,255
70,84,199,209,219,255
70,85,199,210,220,255
70,86,199,209,219,255
70,87,199,209,220,255
70,88,197,209,220,255
70,89,197,209,219,255
70,90,197,209,218,255
70,91,197,208,218,255
70,92,197,209,219,255
70,93,197,209,218,255
70,94,198,209,217,255
70,95,197,208,218,255
70,96,197,208,218,255
70,97,197,209,218,255
70,98,197,207,218,255
70,99,197,208,217,255
70,100,195,208,217,255
70,101,195,207,217,255
70,102,196,207,216,255
70,103,197,206,217,255
70,104,197,207,217,255
70,105,195,206,217,255
70,106,196,206,216,255
70,107,194,206,215,255
70,108,194,206,215,255
70,109,193,208,217,255
70,110,193,208,217,255
70,111,192,207,216,255
70,112,192,206,215,255
70,113,192,206,215,255
70,114,192,205,214,255
70,115,195,205,214,255
70,116,194,202,212,255
70,117,200,208,215,255
70,118,219,223,227,255
70,119,228,232,235,255
70,120,228,232,235,255
70,121,228,233,237,255
70,122,219,226,232,255
70,123,194,208,220,255
70,124,191,202,213,255
70,125,192,203,213,255
70,126,192,203,213,255
70,127,190,203,213,255
70,128,190,203,213,255
70,129,192,202,213,255
70,130,190,200,211,255
70,131,190,200,211,255
70,132,189,200,210,255
70,133,191,201,210,255
70,134,191,201,210,255
70,135,189,200,211,255
70,136,189,200,211,255
70,137,189,200,211,255
70,138,190,200,211,255
70,139,182,195,206,255
70,140,182,195,206,255
70,141,158,175,189,255
70,142,158,175,189,255
70,143,158,170,182,255
71,0,160,159,160,255
71,1,160,158,160,255
71,2,160,158,160,255
71,3,160,159,160,255
71,4,161,158,160,255
71,5,161,159,160,255
71,6,161,158,160,255
71,7,161,158,160,255
71,8,160,158,160,255
71,9,160,158,160,255
71,10,160,158,160,255
71,11,160,158,160,255
71,12,160,159,160,255
71,13,160,159,160,255
71,14,162,159,160,255
71,15,162,159,159,255
71,16,162,158,156,255
71,17,163,156,155,255
71,18,162,156,154,255
71,19,162,155,152,255
71,20,160,154,150,255
71,21,161,155,149,255
71,22,161,155,150,255
71,23,163,157,154,255
71,24,163,157,154,255
71,25,164,159,157,255
71,26,163,159,158,255
71,27,163,160,158,255
71,28,163,160,159,255
71,29,163,160,159,255
71,30,163,160,159,255
71,31,164,160,159,255
71,32,164,160,158,255
71,33,164,160,159,255
71,34,164,160,159,255
71,35,164,161,159,255
71,36,164,161,159,255
71,37,164,161,159,255
71,38,166,161,159,255
71,39,165,161,158,255
71,40,166,162,159,255
71,41,166,162,159,255
71,42,168,163,159,255
71,43,163,161,154,255
71,44,153,159,152,255
71,45,131,163,155,255
71,46,105,163,155,255
71,47,95,141,139,255
71,48,81,127,121,255
71,49,50,86,75,255
71,50,38,75,61,255
71,51,56,99,79,255
71,52,28,79,64,255
71,53,22,59,46,255
71,54,28,53,46,255
71,55,22,53,42,255
71,56,28,59,50,255
71,57,38,86,69,255
71,58,34,69,61,255
71,59,28,61,53,255
71,60,28,53,46,255
71,61,22,50,42,255
71,62,22,50,42,255
71,63,22,50,42,255
71,64,28,53,46,255
71,65,22,53,42,255
71,66,28,56,53,255
71,67,56,71,90,255
71,68,56,69,91,255
71,69,59,71,93,255
71,70,53,69,93,255
71,71,50,64,93,255
71,72,46,64,91,255
71,73,46,64,91,255
71,74,42,61,88,255
71,75,46,61,88,255
71,76,46,61,88,255
71,77,86,137,158,255
71,78,125,175,196,255
71,79,184,200,212,255
71,80,199,210,219,255
71,81,199,210,220,255
71,82,199,211,220,255
71,83,199,211,220,255
71,84,199,210,220,255
71,85,199,210,220,255
71,86,199,210,219,255
71,87,197,209,220,255
71,88,197,209,220,255
71,89,199,209,218,255
71,90,197,209,218,255
71,91,197,208,219,255
71,92,197,209,219,255
71,93,197,209,218,255
71,94,197,209,218,255
71,95,197,209,219,255
71,96,197,208,218,255
71,97,197,209,219,255
71,98,197,207,218,255
71,99,197,208,217,255
71,100,195,208,217,255
71,101,197,208,218,255
71,102,197,208,218,255
71,103,196,206,217,255
71,104,195,207,217,255
71,105,195,206,217,255
71,106,193,207,217,255
71,107,194,207,216,255
71,108,194,207,216,255
71,109,193,208,217,255
71,110,196,209,218,255
71,111,194,208,218,255
71,112,193,207,216,255
71,113,192,205,214,255
71,114,192,205,214,255
71,115,194,205,214,255
71,116,194,205,214,255
71,117,194,203,213,255
71,118,207,214,220,255
71,119,223,227,231,255
71,120,223,227,231,255
71,121,225,230,234,255
71,122,215,223,230,255
71,123,194,207,219,255
71,124,192,202,213,255
71,125,192,203,213,255
71,126,192,205,214,255
71,127,191,205,215,255
71,128,191,203,214,255
71,129,192,202,213,255
71,130,191,201,211,255
71,131,191,201,211,255
71,132,189,199,209,255
71,133,189,199,209,255
71,134,189,199,209,255
71,135,191,202,211,255
71,136,190,201,211,255
71,137,190,201,211,255
71,138,190,200,211,255
71,139,182,195,206,255
71,140,178,190,202,255
71,141,156,173,186,255
71,142,156,173,186,255
71,143,157,170,182,255
72,0,160,159,161,255
72,1,161,159,161,255
72,2,161,159,161,255
72,3,160,159,160,255
72,4,160,159,160,255
72,5,161,159,161,255
72,6,161,159,161,255
72,7,161,159,160,255
72,8,161,159,160,255
72,9,161,159,160,255
72,10,162,159,160,255
72,11,161,159,160,255
72,12,162,159,160,255
72,13,162,159,160,255
72,14,162,159,160,255
72,15,163,159,159,255
72,16,162,158,156,255
72,17,163,156,155,255
72,18,163,156,155,255
72,19,162,155,152,255
72,20,163,155,151,255
72,21,162,154,150,255
72,22,163,155,150,255
72,23,163,157,153,255
72,24,163,157,153,255
72,25,165,160,157,255
72,26,163,160,159,255
72,27,163,160,159,255
72,28,163,160,159,255
72,29,163,160,159,255
72,30,166,161,160,255
72,31,164,160,159,255
72,32,164,160,159,255
72,33,164,160,159,255
72,34,164,160,159,255
72,35,164,161,159,255
72,36,164,161,159,255
72,37,165,161,159,255
72,38,165,161,159,255
72,39,166,160,157,255
72,40,166,161,157,255
72,41,167,163,159,255
72,42,168,163,159,255
72,43,167,162,155,255
72,44,165,161,151,255
72,45,155,161,149,255
72,46,128,159,144,255
72,47,77,131,122,255
72,48,81,112,102,255
72,49,28,59,46,255
72,50,34,69,53,255
72,51,50,95,77,255
72,52,46,88,71,255
72,53,34,66,50,255
72,54,22,53,42,255
72,55,22,53,42,255
72,56,34,71,53,255
72,57,53,98,71,255
72,58,38,77,66,255
72,59,28,64,56,255
72,60,28,56,46,255
72,61,22,50,42,255
72,62,22,53,46,255
72,63,28,56,50,255
72,64,28,56,46,255
72,65,28,53,50,255
72,66,34,56,59,255
72,67,50,66,88,255
72,68,53,66,90,255
72,69,53,66,90,255
72,70,50,64,90,255
72,71,46,64,91,255
72,72,46,61,91,255
72,73,46,64,91,255
72,74,42,59,88,255
72,75,42,59,86,255
72,76,42,59,86,255
72,77,85,133,154,255
72,78,127,177,197,255
72,79,178,194,208,255
72,80,199,209,219,255
72,81,199,210,220,255
72,82,199,211,220,255
72,83,199,211,220,255
72,84,199,210,220,255
72,85,199,210,220,255
72,86,199,210,220,255
72,87,199,209,220,255
72,88,198,210,219,255
72,89,199,209,218,255
72,90,197,209,219,255
72,91,197,209,219,255
72,92,197,209,219,255
72,93,197,209,218,255
72,94,197,209,218,255
72,95,196,209,219,255
72,96,197,209,219,255
72,97,196,209,219,255
72,98,197,208,218,255
72,99,197,208,217,255
72,100,197,209,218,255
72,101,197,208,218,255
72,102,196,209,219,255
72,103,195,206,218,255
72,104,198,206,217,255
72,105,197,207,217,255
72,106,195,208,217,255
72,107,195,208,217,255
72,108,195,208,217,255
72,109,195,208,217,255
72,110,197,209,218,255
72,111,196,209,218,255
72,112,193,208,217,255
72,113,192,206,215,255
72,114,193,206,215,255
72,115,192,206,215,255
72,116,196,205,215,255
72,117,194,204,214,255
72,118,196,206,215,255
72,119,212,218,223,255
72,120,212,218,223,255
72,121,219,224,229,255
72,122,211,220,227,255
72,123,193,206,217,255
72,124,193,203,213,255
72,125,192,205,214,255
72,126,192,205,214,255
72,127,192,205,215,255
72,128,190,202,213,255
72,129,190,200,211,255
72,130,190,200,210,255
72,131,190,200,210,255
72,132,189,199,209,255
72,133,190,200,210,255
72,134,189,200,210,255
72,135,189,200,210,255
72,136,188,200,211,255
72,137,187,200,210,255
72,138,187,200,210,255
72,139,178,190,202,255
72,140,178,190,202,255
72,141,158,172,185,255
72,142,158,172,185,255
72,143,157,170,182,255
73,0,160,160,161,255
73,1,160,160,161,255
73,2,161,159,161,255
73,3,161,160,161,255
73,4,161,160,161,255
73,5,161,160,161,255
73,6,161,160,161,255
73,7,161,159,160,255
73,8,162,159,160,255
73,9,162,159,160,255
73,10,162,160,160,255
73,11,162,159,160,255
73,12,162,159,160,255
73,13,162,159,160,255
73,14,163,160,160,255
73,15,163,160,159,255
73,16,162,158,156,255
73,17,162,158,156,255
73,18,163,157,155,255
73,19,163,156,152,255
73,20,162,155,150,255
73,21,162,155,150,255
73,22,163,155,151,255
73,23,163,156,153,255
73,24,163,156,153,255
73,25,164,159,156,255
73,26,165,160,160,255
73,27,164,160,159,255
73,28,164,160,159,255
73,29,163,160,159,255
73,30,165,160,159,255
73,31,164,160,159,255
73,32,164,160,159,255
73,33,164,160,159,255
73,34,164,161,159,255
73,35,166,162,160,255
73,36,166,162,160,255
73,37,166,161,159,255
73,38,165,159,155,255
73,39,155,149,146,255
73,40,151,148,143,255
73,41,167,163,159,255
73,42,167,163,157,255
73,43,168,163,154,255
73,44,168,160,148,255
73,45,155,147,132,255
73,46,120,127,114,255
73,47,83,91,81,255
73,48,46,71,59,255
73,49,22,50,38,255
73,50,28,61,46,255
73,51,46,88,69,255
73,52,38,81,64,255
73,53,22,53,42,255
73,54,22,46,38,255
73,55,22,46,38,255
73,56,22,53,42,255
73,57,34,71,53,255
73,58,34,71,59,255
73,59,22,53,46,255
73,60,28,50,42,255
73,61,28,50,46,255
73,62,28,53,50,255
73,63,28,53,46,255
73,64,28,56,46,255
73,65,34,59,53,255
73,66,28,56,59,255
73,67,50,66,88,255
73,68,46,61,85,255
73,69,46,59,85,255
73,70,46,59,86,255
73,71,42,61,88,255
73,72,46,64,91,255
73,73,46,64,93,255
73,74,46,64,91,255
73,75,42,61,88,255
73,76,46,61,86,255
73,77,83,130,151,255
73,78,120,175,194,255
73,79,169,189,203,255
73,80,197,209,219,255
73,81,199,211,220,255
73,82,200,211,221,255
73,83,199,211,220,255
73,84,199,210,220,255
73,85,200,210,220,255
73,86,201,211,220,255
73,87,199,209,219,255
73,88,198,210,220,255
73,89,199,209,218,255
73,90,197,209,219,255
73,91,197,209,219,255
73,92,197,209,219,255
73,93,198,209,219,255
73,94,197,209,218,255
73,95,196,209,219,255
73,96,197,209,220,255
73,97,197,209,219,255
73,98,197,208,218,255
73,99,197,208,217,255
73,100,197,209,218,255
73,101,196,209,218,255
73,102,196,209,219,255
73,103,195,206,217,255
73,104,198,206,216,255
73,105,197,207,217,255
73,106,196,208,217,255
73,107,194,207,218,255
73,108,194,207,218,255
73,109,194,208,217,255
73,110,195,208,217,255
73,111,196,209,218,255
73,112,195,208,217,255
73,113,194,207,216,255
73,114,193,206,215,255
73,115,193,206,215,255
73,116,194,205,215,255
73,117,192,204,214,255
73,118,192,204,213,255
73,119,200,209,218,255
73,120,200,209,218,255
73,121,207,214,221,255
73,122,203,211,220,255
73,123,193,205,215,255
73,124,192,203,213,255
73,125,191,205,215,255
73,126,192,205,215,255
73,127,192,205,215,255
73,128,190,202,212,255
73,129,190,201,211,255
73,130,190,200,209,255
73,131,190,200,209,255
73,132,192,200,209,255
73,133,191,201,210,255
73,134,189,200,211,255
73,135,189,200,211,255
73,136,186,200,211,255
73,137,189,201,211,255
73,138,189,201,211,255
73,139,167,183,197,255
73,140,167,183,197,255
73,141,158,172,185,255
73,142,158,170,182,255
73,143,158,170,182,255
74,0,160,160,161,255
74,1,160,160,161,255
74,2,161,159,161,255
74,3,161,159,161,255
74,4,161,159,161,255
74,5,162,160,161,255
74,6,162,160,161,255
74,7,162,160,161,255
74,8,162,160,161,255
74,9,162,160,161,255
74,10,162,160,161,255
74,11,162,159,160,255
74,12,163,160,161,255
74,13,163,160,161,255
74,14,163,160,160,255
74,15,163,160,159,255
74,16,163,158,157,255
74,17,163,158,157,255
74,18,163,158,155,255
74,19,162,155,153,255
74,20,163,155,151,255
74,21,163,155,151,255
74,22,163,155,151,255
74,23,163,157,153,255
74,24,163,157,153,255
74,25,165,159,156,255
74,26,165,160,160,255
74,27,164,160,160,255
74,28,164,160,160,255
74,29,164,160,160,255
74,30,166,161,160,255
74,31,165,161,160,255
74,32,165,162,160,255
74,33,165,161,160,255
74,34,165,162,160,255
74,35,165,162,160,255
74,36,166,161,159,255
74,37,159,156,155,255
74,38,148,148,147,255
74,39,155,149,146,255
74,40,151,148,143,255
74,41,166,157,149,255
74,42,161,154,147,255
74,43,168,160,150,255
74,44,162,150,136,255
74,45,130,119,104,255
74,46,77,85,75,255
74,47,38,59,46,255
74,48,22,50,38,255
74,49,22,50,42,255
74,50,22,50,42,255
74,51,22,56,42,255
74,52,22,56,42,255
74,53,13,46,38,255
74,54,22,46,38,255
74,55,22,46,38,255
74,56,22,46,38,255
74,57,22,50,38,255
74,58,22,53,42,255
74,59,13,42,34,255
74,60,22,46,38,255
74,61,22,42,38,255
74,62,28,50,42,255
74,63,22,42,38,255
74,64,22,50,42,255
74,65,28,56,50,255
74,66,38,59,69,255
74,67,50,61,86,255
74,68,42,56,83,255
74,69,42,53,81,255
74,70,42,56,83,255
74,71,46,59,85,255
74,72,46,61,90,255
74,73,46,61,90,255
74,74,46,61,90,255
74,75,46,64,90,255
74,76,42,56,85,255
74,77,81,126,143,255
74,78,122,175,190,255
74,79,163,185,200,255
74,80,196,209,219,255
74,81,200,211,220,255
74,82,200,211,220,255
74,83,200,211,220,255
74,84,199,210,220,255
74,85,201,211,220,255
74,86,201,212,221,255
74,87,199,210,220,255
74,88,198,210,220,255
74,89,199,209,219,255
74,90,198,209,219,255
74,91,197,209,219,255
74,92,198,209,219,255
74,93,198,209,219,255
74,94,197,209,218,255
74,95,196,209,219,255
74,96,196,209,219,255
74,97,197,209,219,255
74,98,197,208,218,255
74,99,197,208,217,255
74,100,197,209,218,255
74,101,196,208,218,255
74,102,196,209,219,255
74,103,195,206,217,255
74,104,198,206,216,255
74,105,197,207,217,255
74,106,197,207,217,255
74,107,196,208,218,255
74,108,195,208,218,255
74,109,195,208,218,255
74,110,194,209,217,255
74,111,195,209,218,255
74,112,194,208,217,255
74,113,195,208,217,255
74,114,194,206,215,255
74,115,192,205,214,255
74,116,194,205,215,255
74,117,194,203,214,255
74,118,192,203,213,255
74,119,192,204,215,255
74,120,192,204,215,255
74,121,193,204,215,255
74,122,194,204,215,255
74,123,194,204,214,255
74,124,191,204,214,255
74,125,192,205,215,255
74,126,191,204,214,255
74,127,191,204,214,255
74,128,190,202,212,255
74,129,190,201,211,255
74,130,194,202,211,255
74,131,194,202,211,255
74,132,191,200,210,255
74,133,190,200,210,255
74,134,189,200,211,255
74,135,189,200,211,255
74,136,189,202,212,255
74,137,190,202,211,255
74,138,190,202,211,255
74,139,167,184,199,255
74,140,167,184,199,255
74,141,161,174,186,255
74,142,158,170,182,255
74,143,158,170,182,255
75,0,161,160,162,255
75,1,161,160,162,255
75,2,161,160,162,255
75,3,161,160,162,255
75,4,161,160,162,255
75,5,162,160,162,255
75,6,162,160,162,255
75,7,161,160,161,255
75,8,162,160,162,255
75,9,162,160,162,255
75,10,163,160,162,255
75,11,163,160,161,255
75,12,163,160,161,255
75,13,163,160,161,255
75,14,162,160,160,255
75,15,163,160,160,255
75,16,163,159,158,255
75,17,163,159,158,255
75,18,163,158,156,255
75,19,163,156,154,255
75,20,163,156,153,255
75,21,163,156,152,255
75,22,163,156,153,255
75,23,163,156,153,255
75,24,163,158,154,255
75,25,165,159,156,255
75,26,165,160,159,255
75,27,164,161,160,255
75,28,165,160,160,255
75,29,164,160,160,255
75,30,164,161,160,255
75,31,164,161,160,255
75,32,166,161,160,255
75,33,165,161,160,255
75,34,165,161,158,255
75,35,165,161,158,255
75,36,160,156,153,255
75,37,140,146,147,255
75,38,148,148,147,255
75,39,121,133,131,255
75,40,113,115,109,255
75,41,126,118,109,255
75,42,131,126,117,255
75,43,154,144,132,255
75,44,139,125,108,255
75,45,59,66,59,255
75,46,22,46,42,255
75,47,22,46,38,255
75,48,22,46,38,255
75,49,22,46,42,255
75,50,22,46,38,255
75,51,13,38,34,255
75,52,13,42,34,255
75,53,22,42,38,255
75,54,28,46,42,255
75,55,22,42,38,255
75,56,13,38,34,255
75,57,22,46,38,255
75,58,22,46,42,255
75,59,22,42,34,255
75,60,22,34,34,255
75,61,22,34,34,255
75,62,13,38,34,255
75,63,13,34,34,255
75,64,22,42,38,255
75,65,28,56,50,255
75,66,38,66,81,255
75,67,50,61,88,255
75,68,46,59,85,255
75,69,42,53,83,255
75,70,42,53,81,255
75,71,42,53,81,255
75,72,38,53,81,255
75,73,42,56,83,255
75,74,42,56,83,255
75,75,42,56,83,255
75,76,38,53,79,255
75,77,71,109,124,255
75,78,117,169,190,255
75,79,155,182,200,255
75,80,194,207,218,255
75,81,200,211,221,255
75,82,199,210,220,255
75,83,200,211,220,255
75,84,200,210,220,255
75,85,200,210,220,255
75,86,201,211,220,255
75,87,200,210,220,255
75,88,199,210,220,255
75,89,200,210,219,255
75,90,198,209,219,255
75,91,198,209,219,255
75,92,198,210,219,255
75,93,198,209,219,255
75,94,198,209,219,255
75,95,196,209,220,255
75,96,196,209,219,255
75,97,197,208,219,255
75,98,197,208,218,255
75,99,197,208,218,255
75,100,197,208,218,255
75,101,196,208,218,255
75,102,196,208,219,255
75,103,197,207,218,255
75,104,198,206,216,255
75,105,197,207,217,255
75,106,196,207,217,255
75,107,197,208,218,255
75,108,194,207,217,255
75,109,194,207,217,255
75,110,194,208,217,255
75,111,194,208,217,255
75,112,194,207,216,255
75,113,193,208,217,255
75,114,194,206,215,255
75,115,194,205,215,255
75,116,196,205,215,255
75,117,196,203,214,255
75,118,194,203,214,255
75,119,192,203,214,255
75,120,192,203,214,255
75,121,192,203,214,255
75,122,192,203,214,255
75,123,193,203,214,255
75,124,193,204,214,255
75,125,191,203,213,255
75,126,190,202,212,255
75,127,190,202,212,255
75,128,190,202,211,255
75,129,192,202,211,255
75,130,194,202,211,255
75,131,193,202,211,255
75,132,190,200,210,255
75,133,190,200,210,255
75,134,191,202,213,255
75,135,191,202,213,255
75,136,190,202,213,255
75,137,190,202,211,255
75,138,190,202,211,255
75,139,169,186,199,255
75,140,162,175,187,255
75,141,162,175,187,255
75,142,155,168,181,255
75,143,155,168,181,255
76,0,161,160,163,255
76,1,161,160,163,255
76,2,161,160,162,255
76,3,161,160,162,255
76,4,161,160,162,255
76,5,162,160,162,255
76,6,162,160,162,255
76,7,162,160,162,255
76,8,162,160,162,255
76,9,162,160,162,255
76,10,162,160,162,255
76,11,162,160,161,255
76,12,163,160,161,255
76,13,163,160,161,255
76,14,163,160,161,255
76,15,163,160,160,255
76,16,164,159,158,255
76,17,164,159,158,255
76,18,163,158,156,255
76,19,163,157,155,255
76,20,163,156,153,255
76,21,163,156,153,255
76,22,163,157,153,255
76,23,163,157,153,255
76,24,163,157,154,255
76,25,165,159,156,255
76,26,165,161,160,255
76,27,166,161,160,255
76,28,165,161,160,255
76,29,165,161,160,255
76,30,165,161,160,255
76,31,165,161,160,255
76,32,166,162,160,255
76,33,165,161,160,255
76,34,156,155,154,255
76,35,156,155,154,255
76,36,146,142,143,255
76,37,140,146,147,255
76,38,109,135,138,255
76,39,90,115,115,255
76,40,56,71,69,255
76,41,59,64,56,255
76,42,42,61,59,255
76,43,106,99,86,255
76,44,61,64,53,255
76,45,28,50,50,255
76,46,22,46,42,255
76,47,22,42,38,255
76,48,22,42,38,255
76,49,22,50,42,255
76,50,22,46,34,255
76,51,13,34,28,255
76,52,13,42,34,255
76,53,22,46,42,255
76,54,22,46,42,255
76,55,22,38,34,255
76,56,13,38,34,255
76,57,22,46,38,255
76,58,22,46,42,255
76,59,22,46,38,255
76,60,22,38,34,255
76,61,22,38,34,255
76,62,22,50,46,255
76,63,22,42,38,255
76,64,22,42,34,255
76,65,28,56,53,255
76,66,38,69,86,255
76,67,50,64,93,255
76,68,42,61,90,255
76,69,42,59,88,255
76,70,42,59,88,255
76,71,38,53,83,255
76,72,38,53,81,255
76,73,38,50,79,255
76,74,38,53,81,255
76,75,34,50,77,255
76,76,38,50,75,255
76,77,53,86,99,255
76,78,112,162,182,255
76,79,149,179,197,255
76,80,191,204,215,255
76,81,200,211,220,255
76,82,200,211,221,255
76,83,200,211,220,255
76,84,200,210,220,255
76,85,200,211,221,255
76,86,200,211,221,255
76,87,199,210,220,255
76,88,199,210,220,255
76,89,200,210,219,255
76,90,198,210,220,255
76,91,199,210,220,255
76,92,199,210,220,255
76,93,198,208,219,255
76,94,197,209,219,255
76,95,196,209,219,255
76,96,197,208,219,255
76,97,198,209,219,255
76,98,199,209,218,255
76,99,199,209,218,255
76,100,197,209,219,255
76,101,196,209,218,255
76,102,197,209,219,255
76,103,197,207,218,255
76,104,197,206,217,255
76,105,196,207,217,255
76,106,196,207,217,255
76,107,197,207,218,255
76,108,196,206,217,255
76,109,196,206,217,255
76,110,196,208,217,255
76,111,194,207,216,255
76,112,196,207,215,255
76,113,196,208,217,255
76,114,194,205,215,255
76,115,194,205,215,255
76,116,194,203,214,255
76,117,194,204,213,255
76,118,192,204,213,255
76,119,192,203,214,255
76,120,192,203,215,255
76,121,192,203,215,255
76,122,191,203,214,255
76,123,192,204,215,255
76,124,191,204,214,255
76,125,191,203,213,255
76,126,192,203,212,255
76,127,192,203,212,255
76,128,191,202,211,255
76,129,192,202,211,255
76,130,193,202,211,255
76,131,190,200,210,255
76,132,190,200,211,255
76,133,190,200,211,255
76,134,190,202,213,255
76,135,190,202,213,255
76,136,191,202,213,255
76,137,189,200,211,255
76,138,189,200,211,255
76,139,173,188,201,255
76,140,163,175,188,255
76,141,163,175,188,255
76,142,154,167,180,255
76,143,154,167,180,255
77,0,163,160,163,255
77,1,163,160,163,255
77,2,163,160,163,255
77,3,163,160,163,255
77,4,162,160,163,255
77,5,162,161,163,255
77,6,162,161,163,255
77,7,162,160,163,255
77,8,162,160,162,255
77,9,162,160,162,255
77,10,162,160,162,255
77,11,162,160,161,255
77,12,162,160,161,255
77,13,163,160,161,255
77,14,163,160,161,255
77,15,163,160,160,255
77,16,165,160,160,255
77,17,165,160,160,255
77,18,165,160,157,255
77,19,163,158,155,255
77,20,163,157,154,255
77,21,163,157,153,255
77,22,163,157,154,255
77,23,163,157,154,255
77,24,163,158,155,255
77,25,165,160,156,255
77,26,166,161,159,255
77,27,166,161,160,255
77,28,164,161,160,255
77,29,165,162,161,255
77,30,165,162,161,255
77,31,165,162,160,255
77,32,167,163,160,255
77,33,163,160,159,255
77,34,149,154,155,255
77,35,156,155,154,255
77,36,146,142,143,255
77,37,110,132,137,255
77,38,88,122,128,255
77,39,69,99,101,255
77,40,28,42,46,255
77,41,22,42,46,255
77,42,34,50,46,255
77,43,34,50,42,255
77,44,13,34,34,255
77,45,22,46,46,255
77,46,22,46,42,255
77,47,22,42,38,255
77,48,22,42,38,255
77,49,22,50,42,255
77,50,22,46,38,255
77,51,13,34,28,255
77,52,22,42,34,255
77,53,22,46,38,255
77,54,22,50,42,255
77,55,22,42,34,255
77,56,22,42,38,255
77,57,22,42,34,255
77,58,22,46,38,255
77,59,28,46,42,255
77,60,22,46,38,255
77,61,13,46,38,255
77,62,28,69,61,255
77,63,22,53,46,255
77,64,22,38,34,255
77,65,28,56,53,255
77,66,50,79,96,255
77,67,56,71,98,255
77,68,53,66,95,255
77,69,53,69,96,255
77,70,50,69,95,255
77,71,46,61,90,255
77,72,42,59,88,255
77,73,38,53,85,255
77,74,38,53,83,255
77,75,38,50,81,255
77,76,38,50,79,255
77,77,42,71,85,255
77,78,98,145,163,255
77,79,139,167,186,255
77,80,185,199,210,255
77,81,199,210,219,255
77,82,200,211,220,255
77,83,200,212,221,255
77,84,200,210,220,255
77,85,200,210,220,255
77,86,200,210,221,255
77,87,200,210,220,255
77,88,200,210,220,255
77,89,200,210,219,255
77,90,199,210,220,255
77,91,199,210,220,255
77,92,199,210,220,255
77,93,199,209,219,255
77,94,198,209,219,255
77,95,197,209,219,255
77,96,197,208,218,255
77,97,198,208,219,255
77,98,198,209,219,255
77,99,197,209,219,255
77,100,197,209,219,255
77,101,197,210,219,255
77,102,197,209,218,255
77,103,197,208,218,255
77,104,198,208,218,255
77,105,197,207,217,255
77,106,198,207,217,255
77,107,197,207,218,255
77,108,196,206,217,255
77,109,196,206,217,255
77,110,194,206,216,255
77,111,195,205,214,255
77,112,196,205,214,255
77,113,197,206,215,255
77,114,194,205,215,255
77,115,193,204,215,255
77,116,194,203,214,255
77,117,194,204,214,255
77,118,192,205,214,255
77,119,192,204,214,255
77,120,192,204,214,255
77,121,192,204,214,255
77,122,194,205,215,255
77,123,194,206,215,255
77,124,192,205,215,255
77,125,191,204,213,255
77,126,193,203,212,255
77,127,193,203,212,255
77,128,191,202,211,255
77,129,190,201,211,255
77,130,190,202,212,255
77,131,190,200,211,255
77,132,190,200,211,255
77,133,190,201,211,255
77,134,190,200,211,255
77,135,190,200,211,255
77,136,189,200,212,255
77,137,186,199,210,255
77,138,186,199,210,255
77,139,172,186,200,255
77,140,160,174,187,255
77,141,160,174,187,255
77,142,153,167,180,255
77,143,153,167,180,255
78,0,163,161,163,255
78,1,163,161,163,255
78,2,163,161,163,255
78,3,163,161,163,255
78,4,163,161,163,255
78,5,162,160,163,255
78,6,162,160,163,255
78,7,163,161,163,255
78,8,163,161,163,255
78,9,162,160,162,255
78,10,162,160,162,255
78,11,163,160,162,255
78,12,163,160,162,255
78,13,163,160,162,255
78,14,163,160,161,255
78,15,164,160,161,255
78,16,165,161,160,255
78,17,165,161,160,255
78,18,165,160,158,255
78,19,163,159,156,255
78,20,163,158,155,255
78,21,163,157,154,255
78,22,163,157,154,255
78,23,163,157,154,255
78,24,164,159,155,255
78,25,165,160,156,255
78,26,166,161,160,255
78,27,166,162,160,255
78,28,165,162,160,255
78,29,165,162,161,255
78,30,165,161,160,255
78,31,165,162,161,255
78,32,166,162,161,255
78,33,165,161,160,255
78,34,149,154,155,255
78,35,149,154,155,255
78,36,105,138,145,255
78,37,85,127,136,255
78,38,77,117,125,255
78,39,64,95,99,255
78,40,28,53,56,255
78,41,22,56,59,255
78,42,28,53,53,255
78,43,22,38,38,255
78,44,13,34,34,255
78,45,22,42,34,255
78,46,28,46,46,255
78,47,28,53,53,255
78,48,22,53,53,255
78,49,22,50,46,255
78,50,13,42,34,255
78,51,22,34,28,255
78,52,13,38,34,255
78,53,22,42,34,255
78,54,22,50,38,255
78,55,22,50,38,255
78,56,13,42,34,255
78,57,13,38,34,255
78,58,22,42,38,255
78,59,22,46,38,255
78,60,22,50,42,255
78,61,22,59,50,255
78,62,34,79,69,255
78,63,22,53,50,255
78,64,22,42,38,255
78,65,28,66,59,255
78,66,59,90,104,255
78,67,61,77,99,255
78,68,56,71,96,255
78,69,59,73,98,255
78,70,56,73,98,255
78,71,53,69,96,255
78,72,46,64,93,255
78,73,46,61,91,255
78,74,38,53,85,255
78,75,38,53,83,255
78,76,38,50,81,255
78,77,42,71,86,255
78,78,73,115,130,255
78,79,118,145,161,255
78,80,182,196,208,255
78,81,199,210,219,255
78,82,200,211,221,255
78,83,200,212,221,255
78,84,200,210,220,255
78,85,200,211,221,255
78,86,200,211,221,255
78,87,202,212,221,255
78,88,199,211,220,255
78,89,200,210,220,255
78,90,199,210,220,255
78,91,199,211,221,255
78,92,199,210,219,255
78,93,199,209,219,255
78,94,198,209,219,255
78,95,197,209,219,255
78,96,198,208,218,255
78,97,198,209,218,255
78,98,198,209,218,255
78,99,198,208,218,255
78,100,198,209,218,255
78,101,197,209,218,255
78,102,196,208,218,255
78,103,196,208,218,255
78,104,199,209,218,255
78,105,199,208,217,255
78,106,197,208,218,255
78,107,196,207,217,255
78,108,196,206,217,255
78,109,196,206,217,255
78,110,194,206,217,255
78,111,195,206,215,255
78,112,195,205,214,255
78,113,195,205,214,255
78,114,195,205,215,255
78,115,193,204,214,255
78,116,194,204,214,255
78,117,192,205,214,255
78,118,192,206,215,255
78,119,192,203,214,255
78,120,192,203,214,255
78,121,192,203,214,255
78,122,196,206,216,255
78,123,196,207,217,255
78,124,192,206,215,255
78,125,193,204,214,255
78,126,193,203,213,255
78,127,193,203,213,255
78,128,191,203,213,255
78,129,191,202,213,255
78,130,190,202,213,255
78,131,189,200,211,255
78,132,189,200,211,255
78,133,190,201,211,255
78,134,190,200,211,255
78,135,190,200,211,255
78,136,190,201,212,255
78,137,189,200,211,255
78,138,189,200,211,255
78,139,168,184,198,255
78,140,160,173,186,255
78,141,160,173,186,255
78,142,151,166,179,255
78,143,151,166,179,255
79,0,163,161,163,255
79,1,163,161,163,255
79,2,163,161,163,255
79,3,163,161,163,255
79,4,163,161,163,255
79,5,163,161,163,255
79,6,163,161,163,255
79,7,164,162,163,255
79,8,163,161,163,255
79,9,163,161,163,255
79,10,163,160,162,255
79,11,163,161,162,255
79,12,163,161,162,255
79,13,163,161,162,255
79,14,163,161,163,255
79,15,164,161,162,255
79,16,164,161,162,255
79,17,164,160,160,255
79,18,165,160,158,255
79,19,164,159,156,255
79,20,163,158,155,255
79,21,164,159,155,255
79,22,163,158,155,255
79,23,163,158,155,255
79,24,164,159,155,255
79,25,166,160,156,255
79,26,166,160,158,255
79,27,166,161,160,255
79,28,165,162,161,255
79,29,165,162,161,255
79,30,165,162,161,255
79,31,165,162,161,255
79,32,167,163,162,255
79,33,165,161,160,255
79,34,165,161,160,255
79,35,156,158,158,255
79,36,130,148,151,255
79,37,95,136,144,255
79,38,66,122,131,255
79,39,69,105,112,255
79,40,28,79,85,255
79,41,22,77,81,255
79,42,22,75,77,255
79,43,28,61,64,255
79,44,13,38,42,255
79,45,22,42,46,255
79,46,28,53,59,255
79,47,38,71,73,255
79,48,38,77,75,255
79,49,28,56,53,255
79,50,13,38,34,255
79,51,13,34,28,255
79,52,22,42,34,255
79,53,22,46,42,255
79,54,22,53,46,255
79,55,22,50,38,255
79,56,22,50,38,255
79,57,13,42,34,255
79,58,22,42,34,255
79,59,13,42,34,255
79,60,28,50,46,255
79,61,28,64,56,255
79,62,34,73,64,255
79,63,22,50,42,255
79,64,22,46,46,255
79,65,34,66,64,255
79,66,61,90,104,255
79,67,61,77,99,255
79,68,59,71,96,255
79,69,59,73,99,255
79,70,56,71,98,255
79,71,50,69,96,255
79,72,46,64,95,255
79,73,50,66,95,255
79,74,42,59,88,255
79,75,42,56,85,255
79,76,38,53,83,255
79,77,42,71,86,255
79,78,56,86,99,255
79,79,64,96,114,255
79,80,181,194,206,255
79,81,199,210,219,255
79,82,200,211,221,255
79,83,200,211,221,255
79,84,200,211,221,255
79,85,200,211,221,255
79,86,200,211,221,255
79,87,205,214,223,255
79,88,200,211,221,255
79,89,200,210,220,255
79,90,199,210,220,255
79,91,199,211,221,255
79,92,198,210,219,255
79,93,198,210,219,255
79,94,197,209,219,255
79,95,197,209,218,255
79,96,198,208,217,255
79,97,198,208,218,255
79,98,198,208,218,255
79,99,198,208,217,255
79,100,197,209,217,255
79,101,198,209,218,255
79,102,198,208,218,255
79,103,196,208,218,255
79,104,200,209,217,255
79,105,199,208,217,255
79,106,196,207,218,255
79,107,196,206,217,255
79,108,196,206,217,255
79,109,194,206,217,255
79,110,194,206,217,255
79,111,196,208,216,255
79,112,195,205,214,255
79,113,193,205,214,255
79,114,195,205,214,255
79,115,193,203,213,255
79,116,194,204,213,255
79,117,193,205,214,255
79,118,193,205,215,255
79,119,192,203,214,255
79,120,192,203,214,255
79,121,192,203,214,255
79,122,194,205,215,255
79,123,194,205,214,255
79,124,192,204,214,255
79,125,192,204,214,255
79,126,192,203,213,255
79,127,190,203,214,255
79,128,190,203,214,255
79,129,191,203,213,255
79,130,189,203,213,255
79,131,187,201,211,255
79,132,187,201,211,255
79,133,190,200,211,255
79,134,190,200,211,255
79,135,190,201,212,255
79,136,190,201,212,255
79,137,188,199,210,255
79,138,167,184,197,255
79,139,167,184,197,255
79,140,159,173,186,255
79,141,159,173,186,255
79,142,151,164,178,255
79,143,151,164,178,255
80,0,163,161,164,255
80,1,163,161,164,255
80,2,163,162,164,255
80,3,163,162,164,255
80,4,163,161,163,255
80,5,163,161,163,255
80,6,164,162,164,255
80,7,164,162,163,255
80,8,164,162,163,255
80,9,163,162,163,255
80,10,163,161,163,255
80,11,163,161,163,255
80,12,163,161,163,255
80,13,163,161,163,255
80,14,163,161,162,255
80,15,165,162,163,255
80,16,165,162,163,255
80,17,165,162,161,255
80,18,165,160,160,255
80,19,165,159,156,255
80,20,164,159,156,255
80,21,163,158,155,255
80,22,164,159,155,255
80,23,164,159,155,255
80,24,164,160,155,255
80,25,166,160,156,255
80,26,166,160,158,255
80,27,166,161,160,255
80,28,167,163,161,255
80,29,165,162,161,255
80,30,166,162,161,255
80,31,167,162,161,255
80,32,167,163,162,255
80,33,167,163,161,255
80,34,167,163,161,255
80,35,165,162,160,255
80,36,159,159,158,255
80,37,137,150,153,255
80,38,106,140,146,255
80,39,88,126,132,255
80,40,61,113,120,255
80,41,59,109,113,255
80,42,64,106,110,255
80,43,64,96,99,255
80,44,38,75,81,255
80,45,22,71,77,255
80,46,38,73,77,255
80,47,38,86,90,255
80,48,38,85,81,255
80,49,28,61,56,255
80,50,22,42,38,255
80,51,22,42,34,255
80,52,22,50,38,255
80,53,22,59,50,255
80,54,28,53,46,255
80,55,22,46,38,255
80,56,22,50,38,255
80,57,22,53,46,255
80,58,22,50,42,255
80,59,22,50,46,255
80,60,28,53,50,255
80,61,22,50,46,255
80,62,28,56,50,255
80,63,22,46,42,255
80,64,28,53,50,255
80,65,42,69,69,255
80,66,61,81,98,255
80,67,61,71,96,255
80,68,59,71,95,255
80,69,59,71,98,255
80,70,53,69,96,255
80,71,50,66,96,255
80,72,50,66,95,255
80,73,50,69,96,255
80,74,46,64,93,255
80,75,42,59,88,255
80,76,38,53,85,255
80,77,42,66,86,255
80,78,46,75,90,255
80,79,66,90,104,255
80,80,175,190,202,255
80,81,198,210,219,255
80,82,200,211,221,255
80,83,200,211,220,255
80,84,200,211,221,255
80,85,200,211,221,255
80,86,200,211,221,255
80,87,203,214,223,255
80,88,200,211,221,255
80,89,199,211,221,255
80,90,199,210,220,255
80,91,199,212,221,255
80,92,199,210,219,255
80,93,199,210,219,255
80,94,197,209,219,255
80,95,197,209,219,255
80,96,198,209,218,255
80,97,198,208,218,255
80,98,198,209,218,255
80,99,199,209,218,255
80,100,198,209,218,255
80,101,196,208,218,255
80,102,198,208,217,255
80,103,196,208,217,255
80,104,197,209,218,255
80,105,196,207,217,255
80,106,196,208,217,255
80,107,196,208,217,255
80,108,197,208,218,255
80,109,196,207,218,255
80,110,196,207,218,255
80,111,196,208,216,255
80,112,197,206,215,255
80,113,194,205,215,255
80,114,194,203,214,255
80,115,193,203,213,255
80,116,194,203,213,255
80,117,193,205,214,255
80,118,193,205,215,255
80,119,192,203,214,255
80,120,192,203,214,255
80,121,192,203,214,255
80,122,193,204,215,255
80,123,192,204,214,255
80,124,191,203,213,255
80,125,191,203,214,255
80,126,192,204,214,255
80,127,191,204,214,255
80,128,191,204,214,255
80,129,190,203,213,255
80,130,190,203,214,255
80,131,186,202,213,255
80,132,186,202,213,255
80,133,187,201,211,255
80,134,190,202,212,255
80,135,190,201,212,255
80,136,190,201,212,255
80,137,188,198,209,255
80,138,167,182,196,255
80,139,167,182,196,255
80,140,157,171,184,255
80,141,157,171,184,255
80,142,150,164,178,255
80,143,150,164,178,255
81,0,163,162,165,255
81,1,163,162,164,255
81,2,163,162,164,255
81,3,163,162,164,255
81,4,164,162,164,255
81,5,163,161,163,255
81,6,164,162,164,255
81,7,164,161,163,255
81,8,164,161,163,255
81,9,164,162,163,255
81,10,163,161,163,255
81,11,163,161,163,255
81,12,163,161,163,255
81,13,163,161,163,255
81,14,163,162,163,255
81,15,165,162,162,255
81,16,165,162,162,255
81,17,165,161,161,255
81,18,165,160,160,255
81,19,165,160,158,255
81,20,164,159,156,255
81,21,166,159,155,255
81,22,166,159,155,255
81,23,166,159,155,255
81,24,166,159,155,255
81,25,166,159,155,255
81,26,167,160,157,255
81,27,166,161,159,255
81,28,167,162,161,255
81,29,166,163,162,255
81,30,167,163,162,255
81,31,167,162,161,255
81,32,167,163,162,255
81,33,167,163,161,255
81,34,167,163,161,255
81,35,167,163,161,255
81,36,167,163,161,255
81,37,160,160,160,255
81,38,145,155,155,255
81,39,132,148,149,255
81,40,114,142,145,255
81,41,127,142,143,255
81,42,128,141,141,255
81,43,125,135,135,255
81,44,95,119,120,255
81,45,42,108,112,255
81,46,46,99,105,255
81,47,50,101,104,255
81,48,34,91,91,255
81,49,28,77,75,255
81,50,28,61,64,255
81,51,13,42,38,255
81,52,13,46,38,255
81,53,22,59,53,255
81,54,22,46,42,255
81,55,22,42,34,255
81,56,22,42,38,255
81,57,22,56,50,255
81,58,22,53,46,255
81,59,22,61,53,255
81,60,34,69,61,255
81,61,22,46,42,255
81,62,22,53,46,255
81,63,22,50,42,255
81,64,28,56,50,255
81,65,50,75,77,255
81,66,61,75,96,255
81,67,59,71,95,255
81,68,59,71,95,255
81,69,56,71,96,255
81,70,50,66,95,255
81,71,50,66,95,255
81,72,53,66,95,255
81,73,50,64,93,255
81,74,46,64,93,255
81,75,42,61,88,255
81,76,42,59,86,255
81,77,46,64,88,255
81,78,46,73,90,255
81,79,59,77,93,255
81,80,168,183,196,255
81,81,199,210,219,255
81,82,200,211,221,255
81,83,200,211,220,255
81,84,200,211,221,255
81,85,201,211,221,255
81,86,200,210,220,255
81,87,203,213,222,255
81,88,199,211,220,255
81,89,199,211,221,255
81,90,199,211,221,255
81,91,199,211,221,255
81,92,199,210,219,255
81,93,199,210,219,255
81,94,197,209,219,255
81,95,197,209,219,255
81,96,198,209,219,255
81,97,199,209,218,255
81,98,199,209,219,255
81,99,199,209,219,255
81,100,199,210,219,255
81,101,197,208,218,255
81,102,197,208,218,255
81,103,197,209,218,255
81,104,197,209,218,255
81,105,196,208,218,255
81,106,196,208,218,255
81,107,196,209,218,255
81,108,197,208,218,255
81,109,196,208,218,255
81,110,196,208,218,255
81,111,196,208,217,255
81,112,197,206,215,255
81,113,194,205,215,255
81,114,195,203,214,255
81,115,195,204,213,255
81,116,194,205,214,255
81,117,193,205,214,255
81,118,192,205,215,255
81,119,193,205,215,255
81,120,192,204,215,255
81,121,192,204,215,255
81,122,192,204,215,255
81,123,192,205,215,255
81,124,194,204,215,255
81,125,192,204,215,255
81,126,192,205,215,255
81,127,192,205,215,255
81,128,192,205,215,255
81,129,192,204,214,255
81,130,191,203,214,255
81,131,188,202,213,255
81,132,188,202,213,255
81,133,187,202,212,255
81,134,189,202,212,255
81,135,190,200,211,255
81,136,190,200,211,255
81,137,188,198,209,255
81,138,167,182,196,255
81,139,164,181,194,255
81,140,155,170,182,255
81,141,155,170,182,255
81,142,149,163,177,255
81,143,146,159,171,255
82,0,163,163,165,255
82,1,163,163,165,255
82,2,163,163,165,255
82,3,163,163,165,255
82,4,164,162,164,255
82,5,164,162,164,255
82,6,164,162,164,255
82,7,164,161,163,255
82,8,164,161,163,255
82,9,164,161,163,255
82,10,164,162,163,255
82,11,163,162,163,255
82,12,163,162,163,255
82,13,163,161,163,255
82,14,163,162,163,255
82,15,165,162,162,255
82,16,165,162,162,255
82,17,166,162,162,255
82,18,165,160,159,255
82,19,165,160,158,255
82,20,164,160,156,255
82,21,166,159,155,255
82,22,166,159,155,255
82,23,166,159,155,255
82,24,166,160,155,255
82,25,166,160,156,255
82,26,166,160,157,255
82,27,167,161,158,255
82,28,167,163,160,255
82,29,166,163,162,255
82,30,167,163,162,255
82,31,167,163,162,255
82,32,167,163,162,255
82,33,167,163,162,255
82,34,167,163,162,255
82,35,167,164,163,255
82,36,167,163,162,255
82,37,167,163,162,255
82,38,166,163,161,255
82,39,160,161,160,255
82,40,160,161,160,255
82,41,160,160,159,255
82,42,159,160,157,255
82,43,157,159,155,255
82,44,139,150,148,255
82,45,105,138,138,255
82,46,81,127,130,255
82,47,73,124,125,255
82,48,90,118,117,255
82,49,79,105,105,255
82,50,46,95,98,255
82,51,38,75,73,255
82,52,34,69,66,255
82,53,42,75,73,255
82,54,22,53,53,255
82,55,22,50,42,255
82,56,22,50,50,255
82,57,22,53,46,255
82,58,22,46,42,255
82,59,28,61,53,255
82,60,28,59,53,255
82,61,28,53,46,255
82,62,28,61,53,255
82,63,28,64,56,255
82,64,22,53,53,255
82,65,46,75,77,255
82,66,59,73,93,255
82,67,56,71,93,255
82,68,59,71,93,255
82,69,56,71,95,255
82,70,53,69,93,255
82,71,46,64,91,255
82,72,46,64,91,255
82,73,46,61,91,255
82,74,42,61,90,255
82,75,42,59,86,255
82,76,42,59,88,255
82,77,46,64,88,255
82,78,46,73,90,255
82,79,71,90,106,255
82,80,160,175,190,255
82,81,198,209,219,255
82,82,200,211,221,255
82,83,201,211,221,255
82,84,200,211,221,255
82,85,201,211,221,255
82,86,200,210,220,255
82,87,199,211,220,255
82,88,199,211,220,255
82,89,199,211,220,255
82,90,199,211,220,255
82,91,199,211,220,255
82,92,199,210,219,255
82,93,199,210,219,255
82,94,199,210,220,255
82,95,199,209,219,255
82,96,199,209,219,255
82,97,199,209,219,255
82,98,199,209,219,255
82,99,200,209,219,255
82,100,200,210,219,255
82,101,197,209,219,255
82,102,198,208,218,255
82,103,196,208,217,255
82,104,197,209,218,255
82,105,198,209,219,255
82,106,196,209,218,255
82,107,196,208,218,255
82,108,197,208,218,255
82,109,196,208,218,255
82,110,196,208,218,255
82,111,196,208,217,255
82,112,196,206,215,255
82,113,194,205,215,255
82,114,195,203,214,255
82,115,195,204,213,255
82,116,196,206,214,255
82,117,194,206,215,255
82,118,194,205,215,255
82,119,193,205,215,255
82,120,193,205,215,255
82,121,192,204,215,255
82,122,192,204,215,255
82,123,192,205,216,255
82,124,194,204,215,255
82,125,194,205,216,255
82,126,194,206,216,255
82,127,190,205,214,255
82,128,190,205,214,255
82,129,190,203,214,255
82,130,190,203,214,255
82,131,189,203,213,255
82,132,189,203,213,255
82,133,188,202,213,255
82,134,189,202,212,255
82,135,190,202,211,255
82,136,190,202,211,255
82,137,185,197,208,255
82,138,164,181,194,255
82,139,164,181,194,255
82,140,155,170,183,255
82,141,155,170,183,255
82,142,148,163,175,255
82,143,145,159,171,255
83,0,165,163,166,255
83,1,165,163,166,255
83,2,163,163,165,255
83,3,163,163,165,255
83,4,163,162,164,255
83,5,163,162,164,255
83,6,164,162,164,255
83,7,164,162,164,255
83,8,164,162,164,255
83,9,164,162,163,255
83,10,164,162,163,255
83,11,164,162,163,255
83,12,165,162,164,255
83,13,165,163,164,255
83,14,165,163,163,255
83,15,165,162,162,255
83,16,165,162,162,255
83,17,165,162,161,255
83,18,165,161,160,255
83,19,166,160,158,255
83,20,166,160,156,255
83,21,166,159,156,255
83,22,166,159,156,255
83,23,166,159,155,255
83,24,167,160,155,255
83,25,166,160,155,255
83,26,167,161,158,255
83,27,167,161,158,255
83,28,167,163,160,255
83,29,167,163,163,255
83,30,167,163,162,255
83,31,167,163,162,255
83,32,167,163,162,255
83,33,167,164,163,255
83,34,167,164,163,255
83,35,167,164,163,255
83,36,167,164,163,255
83,37,167,164,163,255
83,38,167,164,162,255
83,39,167,165,162,255
83,40,168,165,163,255
83,41,168,164,162,255
83,42,168,165,163,255
83,43,169,166,162,255
83,44,168,165,160,255
83,45,149,155,150,255
83,46,130,148,145,255
83,47,124,146,142,255
83,48,128,145,138,255
83,49,109,135,133,255
83,50,73,127,130,255
83,51,73,109,109,255
83,52,88,108,104,255
83,53,81,108,105,255
83,54,38,86,88,255
83,55,34,73,75,255
83,56,38,73,71,255
83,57,22,46,42,255
83,58,22,46,42,255
83,59,22,53,50,255
83,60,28,61,56,255
83,61,28,61,53,255
83,62,42,79,69,255
83,63,53,90,79,255
83,64,50,90,86,255
83,65,38,69,73,255
83,66,53,71,91,255
83,67,53,69,91,255
83,68,56,69,91,255
83,69,53,69,93,255
83,70,50,66,93,255
83,71,46,64,93,255
83,72,42,61,91,255
83,73,46,61,91,255
83,74,42,61,90,255
83,75,38,56,85,255
83,76,38,56,85,255
83,77,46,61,88,255
83,78,42,71,88,255
83,79,73,93,109,255
83,80,155,170,186,255
83,81,197,208,219,255
83,82,201,212,221,255
83,83,201,211,221,255
83,84,201,211,222,255
83,85,200,211,221,255
83,86,201,210,220,255
83,87,201,211,220,255
83,88,203,213,221,255
83,89,200,211,220,255
83,90,200,211,220,255
83,91,199,210,220,255
83,92,199,210,218,255
83,93,199,210,219,255
83,94,199,210,220,255
83,95,197,209,219,255
83,96,199,209,219,255
83,97,199,210,219,255
83,98,199,209,218,255
83,99,200,209,218,255
83,100,200,210,219,255
83,101,197,209,219,255
83,102,197,208,217,255
83,103,197,208,217,255
83,104,196,209,218,255
83,105,197,208,218,255
83,106,197,209,219,255
83,107,198,209,219,255
83,108,198,209,218,255
83,109,194,208,218,255
83,110,194,208,218,255
83,111,194,208,216,255
83,112,194,206,215,255
83,113,195,205,215,255
83,114,197,205,214,255
83,115,195,204,213,255
83,116,194,205,213,255
83,117,191,204,214,255
83,118,193,205,215,255
83,119,192,205,215,255
83,120,193,205,216,255
83,121,192,204,215,255
83,122,192,204,215,255
83,123,192,203,215,255
83,124,192,204,215,255
83,125,196,206,217,255
83,126,192,206,216,255
83,127,189,205,214,255
83,128,189,205,214,255
83,129,190,205,214,255
83,130,189,204,214,255
83,131,188,203,214,255
83,132,188,203,213,255
83,133,188,203,213,255
83,134,189,202,212,255
83,135,189,200,211,255
83,136,189,200,211,255
83,137,184,196,208,255
83,138,163,180,194,255
83,139,163,180,194,255
83,140,155,170,183,255
83,141,148,163,175,255
83,142,149,163,175,255
83,143,144,157,170,255
84,0,165,163,165,255
84,1,165,163,166,255
84,2,165,163,166,255
84,3,164,163,165,255
84,4,164,163,165,255
84,5,164,163,165,255
84,6,164,162,164,255
84,7,164,163,165,255
84,8,164,163,165,255
84,9,164,163,164,255
84,10,165,163,164,255
84,11,165,163,164,255
84,12,165,163,165,255
84,13,165,163,164,255
84,14,165,163,163,255
84,15,165,162,162,255
84,16,165,162,162,255
84,17,166,162,162,255
84,18,165,161,160,255
84,19,165,160,158,255
84,20,165,160,157,255
84,21,166,159,155,255
84,22,166,159,155,255
84,23,166,159,155,255
84,24,167,160,155,255
84,25,167,160,155,255
84,26,167,160,157,255
84,27,167,161,158,255
84,28,167,162,160,255
84,29,167,163,163,255
84,30,167,163,163,255
84,31,167,163,163,255
84,32,167,163,162,255
84,33,167,163,162,255
84,34,167,163,163,255
84,35,167,163,162,255
84,36,167,164,163,255
84,37,168,164,163,255
84,38,168,165,163,255
84,39,167,165,163,255
84,40,169,165,163,255
84,41,170,166,163,255
84,42,169,166,163,255
84,43,170,167,163,255
84,44,172,167,161,255
84,45,170,165,156,255
84,46,165,162,151,255
84,47,162,160,148,255
84,48,160,159,145,255
84,49,146,155,147,255
84,50,114,148,147,255
84,51,115,136,135,255
84,52,125,133,127,255
84,53,114,130,126,255
84,54,69,115,118,255
84,55,64,110,110,255
84,56,56,90,86,255
84,57,28,61,61,255
84,58,38,69,66,255
84,59,34,66,59,255
84,60,38,75,66,255
84,61,46,81,71,255
84,62,56,91,81,255
84,63,64,101,86,255
84,64,69,108,101,255
84,65,42,75,75,255
84,66,50,66,88,255
84,67,50,64,88,255
84,68,50,61,86,255
84,69,50,64,88,255
84,70,46,61,88,255
84,71,46,64,90,255
84,72,42,61,91,255
84,73,46,64,93,255
84,74,46,64,93,255
84,75,42,56,86,255
84,76,38,53,83,255
84,77,46,61,88,255
84,78,38,71,86,255
84,79,69,90,108,255
84,80,148,166,182,255
84,81,196,208,218,255
84,82,201,212,221,255
84,83,201,212,221,255
84,84,201,211,221,255
84,85,201,211,221,255
84,86,201,210,220,255
84,87,201,212,221,255
84,88,203,213,222,255
84,89,201,212,221,255
84,90,199,211,220,255
84,91,200,211,220,255
84,92,199,209,218,255
84,93,199,210,219,255
84,94,197,210,220,255
84,95,198,210,220,255
84,96,199,209,219,255
84,97,199,210,219,255
84,98,197,209,218,255
84,99,200,209,218,255
84,100,199,210,219,255
84,101,197,209,219,255
84,102,197,209,218,255
84,103,198,208,217,255
84,104,199,209,219,255
84,105,198,208,219,255
84,106,197,209,219,255
84,107,197,209,218,255
84,108,198,208,218,255
84,109,195,208,217,255
84,110,193,207,216,255
84,111,193,207,216,255
84,112,194,206,216,255
84,113,196,205,215,255
84,114,196,205,214,255
84,115,195,205,213,255
84,116,194,205,213,255
84,117,194,205,215,255
84,118,194,205,215,255
84,119,193,205,215,255
84,120,193,205,216,255
84,121,192,204,215,255
84,122,192,204,215,255
84,123,192,203,214,255
84,124,192,203,214,255
84,125,196,206,216,255
84,126,192,205,215,255
84,127,190,205,214,255
84,128,190,205,214,255
84,129,191,205,214,255
84,130,191,205,215,255
84,131,190,205,215,255
84,132,190,204,214,255
84,133,190,204,214,255
84,134,190,202,213,255
84,135,189,201,211,255
84,136,189,201,211,255
84,137,186,197,209,255
84,138,162,180,194,255
84,139,162,180,194,255
84,140,155,168,182,255
84,141,149,163,175,255
84,142,149,163,175,255
84,143,144,157,170,255
85,0,165,163,165,255
85,1,165,163,166,255
85,2,165,163,166,255
85,3,163,163,165,255
85,4,164,163,165,255
85,5,164,163,165,255
85,6,164,163,165,255
85,7,165,163,166,255
85,8,165,163,166,255
85,9,165,163,165,255
85,10,165,163,165,255
85,11,165,163,165,255
85,12,165,163,164,255
85,13,165,163,164,255
85,14,165,163,163,255
85,15,166,162,163,255
85,16,166,162,163,255
85,17,166,162,161,255
85,18,166,162,160,255
85,19,166,161,159,255
85,20,166,160,157,255
85,21,166,160,156,255
85,22,166,160,156,255
85,23,166,159,155,255
85,24,167,160,156,255
85,25,167,160,156,255
85,26,167,160,157,255
85,27,167,161,158,255
85,28,167,162,160,255
85,29,167,163,163,255
85,30,167,163,163,255
85,31,167,164,163,255
85,32,168,164,163,255
85,33,168,164,163,255
85,34,168,164,163,255
85,35,168,164,163,255
85,36,167,164,163,255
85,37,168,165,163,255
85,38,168,165,163,255
85,39,168,165,163,255
85,40,170,165,163,255
85,41,170,166,163,255
85,42,169,166,163,255
85,43,170,167,163,255
85,44,172,168,163,255
85,45,172,167,158,255
85,46,173,166,155,255
85,47,172,164,150,255
85,48,169,162,146,255
85,49,165,163,149,255
85,50,134,157,154,255
85,51,122,150,150,255
85,52,133,145,138,255
85,53,128,141,134,255
85,54,104,134,130,255
85,55,81,124,121,255
85,56,71,91,90,255
85,57,56,86,85,255
85,58,59,91,85,255
85,59,59,90,79,255
85,60,56,90,73,255
85,61,69,99,85,255
85,62,61,98,85,255
85,63,66,102,83,255
85,64,64,104,93,255
85,65,38,75,73,255
85,66,46,64,86,255
85,67,42,59,85,255
85,68,42,56,83,255
85,69,42,56,83,255
85,70,42,59,85,255
85,71,42,61,88,255
85,72,42,61,91,255
85,73,50,66,95,255
85,74,46,64,95,255
85,75,46,61,91,255
85,76,46,61,90,255
85,77,46,64,90,255
85,78,42,71,88,255
85,79,66,88,108,255
85,80,143,162,180,255
85,81,193,206,216,255
85,82,200,211,221,255
85,83,201,211,221,255
85,84,201,211,221,255
85,85,201,211,221,255
85,86,201,211,220,255
85,87,201,211,221,255
85,88,204,214,222,255
85,89,201,211,221,255
85,90,200,211,221,255
85,91,200,211,221,255
85,92,200,209,218,255
85,93,199,210,219,255
85,94,200,211,220,255
85,95,197,210,219,255
85,96,199,210,220,255
85,97,199,210,220,255
85,98,199,209,218,255
85,99,200,210,218,255
85,100,199,211,220,255
85,101,197,209,219,255
85,102,197,208,217,255
85,103,197,208,217,255
85,104,199,209,219,255
85,105,199,208,219,255
85,106,197,209,219,255
85,107,196,210,218,255
85,108,195,209,219,255
85,109,197,209,218,255
85,110,194,208,217,255
85,111,194,208,217,255
85,112,194,206,217,255
85,113,196,205,215,255
85,114,197,205,214,255
85,115,194,205,213,255
85,116,194,204,213,255
85,117,194,205,215,255
85,118,194,206,217,255
85,119,194,206,216,255
85,120,194,206,215,255
85,121,193,204,215,255
85,122,193,204,215,255
85,123,192,203,214,255
85,124,192,203,214,255
85,125,193,205,215,255
85,126,190,205,215,255
85,127,190,205,214,255
85,128,190,205,214,255
85,129,190,205,214,255
85,130,192,205,215,255
85,131,194,206,215,255
85,132,193,205,215,255
85,133,193,205,215,255
85,134,191,203,213,255
85,135,189,202,212,255
85,136,189,202,212,255
85,137,186,198,210,255
85,138,162,180,195,255
85,139,162,180,195,255
85,140,154,168,181,255
85,141,148,162,175,255
85,142,148,162,175,255
85,143,144,157,170,255
86,0,166,163,166,255
86,1,165,163,166,255
86,2,165,163,166,255
86,3,166,163,167,255
86,4,164,163,166,255
86,5,164,163,166,255
86,6,164,163,166,255
86,7,165,163,166,255
86,8,165,163,166,255
86,9,165,163,165,255
86,10,165,163,165,255
86,11,165,163,165,255
86,12,165,163,165,255
86,13,166,163,165,255
86,14,165,163,164,255
86,15,165,163,164,255
86,16,166,163,163,255
86,17,166,162,161,255
86,18,166,161,160,255
86,19,167,162,160,255
86,20,166,160,157,255
86,21,167,160,156,255
86,22,167,160,156,255
86,23,167,160,156,255
86,24,167,160,156,255
86,25,167,160,156,255
86,26,167,160,156,255
86,27,167,160,157,255
86,28,167,163,160,255
86,29,167,163,163,255
86,30,167,163,163,255
86,31,167,164,163,255
86,32,167,164,163,255
86,33,167,164,163,255
86,34,169,165,163,255
86,35,168,165,163,255
86,36,168,164,163,255
86,37,168,166,163,255
86,38,168,165,163,255
86,39,170,166,163,255
86,40,170,165,163,255
86,41,170,167,164,255
86,42,170,166,163,255
86,43,170,167,163,255
86,44,173,169,164,255
86,45,174,168,161,255
86,46,173,167,156,255
86,47,173,165,152,255
86,48,171,163,148,255
86,49,170,164,149,255
86,50,159,163,154,255
86,51,152,162,154,255
86,52,165,162,148,255
86,53,133,140,130,255
86,54,98,124,115,255
86,55,85,115,112,255
86,56,77,91,90,255
86,57,71,101,96,255
86,58,66,102,90,255
86,59,69,96,79,255
86,60,64,93,75,255
86,61,73,104,86,255
86,62,64,95,79,255
86,63,61,99,73,255
86,64,59,98,83,255
86,65,42,75,77,255
86,66,46,61,86,255
86,67,46,56,83,255
86,68,42,56,81,255
86,69,38,53,81,255
86,70,38,53,81,255
86,71,42,59,86,255
86,72,42,61,90,255
86,73,46,61,90,255
86,74,46,61,91,255
86,75,46,64,90,255
86,76,46,64,91,255
86,77,46,66,91,255
86,78,42,69,86,255
86,79,75,98,122,255
86,80,136,159,180,255
86,81,190,202,213,255
86,82,201,212,221,255
86,83,201,211,221,255
86,84,201,211,221,255
86,85,201,211,221,255
86,86,202,211,221,255
86,87,201,211,221,255
86,88,204,213,222,255
86,89,200,211,221,255
86,90,200,211,221,255
86,91,200,211,220,255
86,92,200,210,219,255
86,93,199,210,219,255
86,94,200,211,220,255
86,95,198,210,220,255
86,96,199,210,220,255
86,97,199,210,220,255
86,98,199,209,218,255
86,99,199,210,218,255
86,100,199,210,220,255
86,101,197,209,219,255
86,102,197,208,218,255
86,103,199,209,218,255
86,104,199,209,218,255
86,105,197,209,219,255
86,106,197,209,218,255
86,107,196,210,219,255
86,108,196,209,220,255
86,109,196,210,219,255
86,110,195,209,218,255
86,111,195,209,218,255
86,112,196,207,217,255
86,113,196,206,215,255
86,114,196,205,214,255
86,115,196,205,214,255
86,116,196,205,214,255
86,117,196,206,216,255
86,118,194,206,217,255
86,119,194,206,216,255
86,120,195,206,216,255
86,121,193,205,215,255
86,122,193,205,215,255
86,123,192,203,214,255
86,124,192,203,214,255
86,125,192,206,215,255
86,126,191,205,215,255
86,127,191,205,215,255
86,128,191,205,214,255
86,129,191,205,214,255
86,130,192,204,213,255
86,131,194,205,214,255
86,132,195,206,215,255
86,133,195,206,215,255
86,134,192,203,213,255
86,135,190,202,213,255
86,136,190,202,213,255
86,137,184,197,209,255
86,138,160,178,194,255
86,139,160,178,194,255
86,140,152,167,180,255
86,141,149,162,174,255
86,142,149,162,174,255
86,143,143,156,169,255
87,0,166,163,167,255
87,1,166,164,167,255
87,2,166,164,167,255
87,3,165,163,166,255
87,4,164,163,166,255
87,5,164,163,166,255
87,6,165,163,166,255
87,7,165,163,166,255
87,8,165,163,166,255
87,9,165,163,166,255
87,10,165,163,166,255
87,11,165,163,166,255
87,12,165,163,165,255
87,13,165,163,165,255
87,14,166,163,165,255
87,15,166,163,165,255
87,16,166,163,163,255
87,17,166,162,161,255
87,18,166,161,160,255
87,19,166,161,159,255
87,20,167,161,158,255
87,21,166,160,155,255
87,22,166,160,155,255
87,23,167,160,156,255
87,24,167,160,156,255
87,25,167,160,156,255
87,26,167,160,157,255
87,27,167,160,157,255
87,28,168,162,160,255
87,29,168,164,164,255
87,30,167,164,163,255
87,31,168,164,163,255
87,32,168,164,163,255
87,33,168,164,163,255
87,34,169,165,163,255
87,35,169,165,163,255
87,36,168,165,163,255
87,37,168,165,163,255
87,38,170,166,164,255
87,39,170,165,163,255
87,40,170,166,163,255
87,41,170,167,164,255
87,42,170,167,164,255
87,43,170,167,164,255
87,44,173,168,163,255
87,45,174,169,162,255
87,46,173,167,156,255
87,47,173,166,153,255
87,48,171,163,148,255
87,49,173,165,150,255
87,50,171,167,153,255
87,51,173,167,152,255
87,52,172,166,149,255
87,53,121,122,110,255
87,54,88,96,90,255
87,55,88,88,88,255
87,56,88,91,88,255
87,57,85,96,93,255
87,58,69,101,85,255
87,59,66,96,73,255
87,60,66,91,73,255
87,61,69,96,77,255
87,62,59,90,73,255
87,63,64,95,69,255
87,64,56,91,73,255
87,65,42,73,83,255
87,66,50,61,86,255
87,67,42,53,81,255
87,68,38,53,79,255
87,69,42,53,79,255
87,70,46,56,79,255
87,71,38,53,81,255
87,72,42,56,81,255
87,73,42,56,83,255
87,74,42,53,83,255
87,75,38,53,83,255
87,76,42,56,85,255
87,77,46,61,88,255
87,78,42,61,83,255
87,79,86,126,156,255
87,80,137,161,184,255
87,81,186,199,211,255
87,82,199,210,220,255
87,83,202,212,221,255
87,84,202,211,221,255
87,85,202,212,222,255
87,86,202,211,221,255
87,87,202,211,221,255
87,88,201,211,221,255
87,89,200,211,221,255
87,90,200,211,221,255
87,91,200,211,221,255
87,92,200,210,220,255
87,93,200,210,220,255
87,94,198,210,220,255
87,95,198,210,220,255
87,96,199,210,220,255
87,97,199,209,219,255
87,98,199,209,218,255
87,99,199,209,219,255
87,100,198,211,220,255
87,101,197,209,219,255
87,102,197,209,219,255
87,103,199,210,219,255
87,104,199,209,218,255
87,105,196,209,219,255
87,106,196,209,219,255
87,107,196,210,220,255
87,108,196,209,220,255
87,109,197,209,218,255
87,110,197,209,218,255
87,111,197,209,218,255
87,112,195,207,217,255
87,113,196,206,215,255
87,114,194,206,215,255
87,115,197,206,215,255
87,116,196,206,215,255
87,117,196,206,215,255
87,118,196,206,216,255
87,119,196,206,216,255
87,120,195,206,216,255
87,121,193,204,215,255
87,122,193,204,215,255
87,123,192,204,214,255
87,124,191,204,214,255
87,125,191,205,215,255
87,126,190,205,215,255
87,127,190,205,215,255
87,128,192,204,214,255
87,129,192,204,214,255
87,130,194,205,214,255
87,131,194,204,213,255
87,132,194,203,213,255
87,133,194,203,213,255
87,134,193,203,213,255
87,135,189,202,213,255
87,136,186,199,210,255
87,137,186,199,210,255
87,138,160,179,194,255
87,139,160,179,194,255
87,140,150,166,180,255
87,141,148,162,174,255
87,142,148,162,174,255
87,143,143,156,169,255
88,0,166,164,167,255
88,1,166,164,167,255
88,2,166,164,167,255
88,3,166,164,167,255
88,4,166,164,167,255
88,5,165,164,167,255
88,6,164,163,166,255
88,7,164,163,166,255
88,8,165,164,167,255
88,9,165,164,166,255
88,10,166,164,166,255
88,11,166,164,166,255
88,12,166,163,166,255
88,13,166,164,166,255
88,14,166,164,165,255
88,15,166,164,165,255
88,16,166,163,163,255
88,17,167,163,162,255
88,18,167,162,160,255
88,19,166,160,159,255
88,20,167,161,158,255
88,21,167,161,158,255
88,22,166,160,155,255
88,23,167,160,156,255
88,24,167,160,157,255
88,25,167,161,158,255
88,26,167,161,157,255
88,27,167,160,157,255
88,28,168,162,160,255
88,29,168,164,164,255
88,30,168,164,164,255
88,31,168,164,163,255
88,32,168,164,163,255
88,33,168,164,163,255
88,34,168,165,163,255
88,35,169,165,163,255
88,36,168,165,164,255
88,37,170,165,164,255
88,38,170,165,163,255
88,39,170,166,163,255
88,40,170,167,164,255
88,41,170,167,164,255
88,42,170,167,164,255
88,43,170,167,164,255
88,44,173,169,164,255
88,45,174,169,162,255
88,46,174,167,158,255
88,47,173,166,152,255
88,48,173,163,148,255
88,49,173,166,150,255
88,50,173,167,152,255
88,51,173,167,151,255
88,52,167,163,147,255
88,53,91,105,90,255
88,54,77,79,79,255
88,55,79,81,79,255
88,56,75,91,85,255
88,57,83,90,86,255
88,58,66,95,73,255
88,59,64,96,69,255
88,60,64,90,69,255
88,61,66,90,73,255
88,62,66,88,73,255
88,63,59,93,64,255
88,64,61,91,71,255
88,65,46,73,85,255
88,66,46,61,90,255
88,67,38,56,85,255
88,68,38,53,83,255
88,69,38,53,81,255
88,70,42,53,81,255
88,71,34,50,77,255
88,72,34,46,73,255
88,73,34,46,75,255
88,74,38,50,77,255
88,75,38,50,75,255
88,76,38,46,75,255
88,77,42,53,81,255
88,78,38,53,77,255
88,79,96,137,167,255
88,80,136,161,184,255
88,81,185,199,212,255
88,82,200,211,220,255
88,83,202,212,221,255
88,84,202,211,221,255
88,85,202,212,221,255
88,86,202,212,222,255
88,87,200,211,221,255
88,88,200,211,221,255
88,89,202,213,222,255
88,90,200,211,222,255
88,91,200,211,221,255
88,92,200,210,220,255
88,93,200,210,220,255
88,94,199,210,219,255
88,95,198,210,220,255
88,96,200,210,220,255
88,97,199,209,219,255
88,98,199,210,219,255
88,99,199,210,219,255
88,100,199,211,220,255
88,101,197,209,219,255
88,102,198,210,220,255
88,103,199,210,220,255
88,104,200,209,219,255
88,105,197,208,218,255
88,106,196,209,219,255
88,107,196,209,219,255
88,108,195,209,219,255
88,109,196,208,219,255
88,110,195,208,218,255
88,111,195,208,218,255
88,112,194,206,217,255
88,113,196,206,216,255
88,114,194,206,215,255
88,115,196,207,215,255
88,116,194,205,214,255
88,117,194,206,215,255
88,118,196,206,216,255
88,119,197,206,215,255
88,120,193,205,215,255
88,121,193,204,215,255
88,122,193,203,213,255
88,123,193,203,213,255
88,124,191,205,214,255
88,125,194,206,216,255
88,126,190,205,216,255
88,127,190,205,215,255
88,128,192,205,214,255
88,129,192,205,214,255
88,130,195,205,214,255
88,131,192,203,213,255
88,132,192,202,213,255
88,133,192,202,213,255
88,134,190,202,213,255
88,135,189,202,213,255
88,136,187,199,211,255
88,137,187,199,211,255
88,138,160,178,194,255
88,139,151,166,179,255
88,140,151,166,179,255
88,141,147,160,173,255
88,142,147,160,173,255
88,143,142,155,168,255
89,0,165,164,167,255
89,1,166,165,167,255
89,2,166,165,167,255
89,3,166,164,167,255
89,4,166,164,167,255
89,5,167,164,167,255
89,6,165,164,167,255
89,7,165,164,167,255
89,8,165,163,167,255
89,9,165,164,166,255
89,10,166,164,167,255
89,11,166,164,167,255
89,12,166,164,167,255
89,13,167,164,167,255
89,14,167,164,166,255
89,15,167,164,166,255
89,16,166,163,164,255
89,17,167,163,162,255
89,18,167,162,160,255
89,19,166,160,158,255
89,20,167,160,158,255
89,21,167,161,158,255
89,22,167,160,155,255
89,23,167,160,156,255
89,24,167,160,157,255
89,25,167,161,158,255
89,26,167,162,158,255
89,27,167,161,157,255
89,28,168,162,160,255
89,29,167,164,163,255
89,30,168,165,164,255
89,31,168,165,164,255
89,32,168,165,163,255
89,33,168,165,163,255
89,34,168,165,164,255
89,35,170,165,164,255
89,36,168,165,163,255
89,37,170,165,164,255
89,38,170,166,164,255
89,39,170,167,164,255
89,40,170,167,164,255
89,41,170,167,164,255
89,42,170,167,165,255
89,43,172,168,165,255
89,44,173,169,165,255
89,45,174,169,163,255
89,46,171,167,156,255
89,47,170,163,150,255
89,48,171,164,149,255
89,49,173,166,150,255
89,50,173,167,150,255
89,51,172,163,146,255
89,52,133,135,115,255
89,53,77,102,88,255
89,54,81,86,81,255
89,55,75,86,75,255
89,56,71,88,75,255
89,57,79,85,79,255
89,58,64,90,69,255
89,59,59,93,61,255
89,60,64,91,66,255
89,61,66,91,71,255
89,62,71,90,71,255
89,63,59,91,64,255
89,64,66,91,75,255
89,65,56,79,86,255
89,66,50,66,95,255
89,67,42,59,90,255
89,68,42,59,90,255
89,69,46,61,90,255
89,70,38,56,86,255
89,71,38,53,83,255
89,72,38,50,79,255
89,73,38,50,79,255
89,74,34,46,77,255
89,75,38,46,75,255
89,76,34,42,73,255
89,77,34,50,77,255
89,78,34,46,73,255
89,79,86,136,164,255
89,80,125,154,178,255
89,81,180,197,210,255
89,82,200,211,220,255
89,83,201,211,221,255
89,84,202,212,221,255
89,85,202,212,221,255
89,86,202,212,222,255
89,87,200,211,222,255
89,88,202,212,221,255
89,89,205,214,223,255
89,90,202,212,222,255
89,91,200,211,221,255
89,92,201,210,220,255
89,93,201,210,220,255
89,94,200,211,220,255
89,95,199,211,220,255
89,96,198,210,220,255
89,97,199,209,219,255
89,98,199,209,219,255
89,99,198,210,219,255
89,100,198,210,220,255
89,101,199,209,219,255
89,102,199,210,220,255
89,103,199,210,220,255
89,104,199,209,220,255
89,105,197,209,219,255
89,106,197,209,219,255
89,107,196,209,218,255
89,108,197,208,219,255
89,109,196,208,219,255
89,110,196,208,218,255
89,111,196,208,218,255
89,112,196,208,218,255
89,113,196,207,217,255
89,114,197,208,217,255
89,115,197,208,216,255
89,116,196,206,215,255
89,117,194,206,215,255
89,118,194,205,216,255
89,119,193,205,215,255
89,120,193,205,215,255
89,121,194,205,214,255
89,122,193,203,213,255
89,123,194,204,213,255
89,124,192,205,214,255
89,125,191,206,216,255
89,126,190,205,216,255
89,127,191,205,217,255
89,128,192,205,215,255
89,129,192,205,215,255
89,130,194,204,214,255
89,131,193,203,214,255
89,132,194,204,215,255
89,133,194,204,215,255
89,134,190,203,214,255
89,135,191,203,214,255
89,136,189,200,212,255
89,137,189,200,212,255
89,138,160,178,195,255
89,139,151,166,179,255
89,140,151,166,179,255
89,141,147,160,172,255
89,142,147,160,172,255
89,143,142,155,167,255
90,0,166,165,167,255
90,1,166,164,167,255
90,2,166,164,167,255
90,3,166,165,167,255
90,4,166,165,167,255
90,5,166,165,167,255
90,6,167,165,167,255
90,7,167,165,167,255
90,8,167,165,167,255
90,9,165,164,167,255
90,10,166,165,167,255
90,11,166,165,167,255
90,12,166,165,167,255
90,13,167,164,167,255
90,14,167,164,166,255
90,15,167,164,166,255
90,16,167,164,165,255
90,17,167,163,163,255
90,18,167,162,160,255
90,19,166,160,158,255
90,20,167,160,158,255
90,21,167,160,158,255
90,22,167,160,156,255
90,23,167,160,156,255
90,24,167,160,157,255
90,25,167,162,159,255
90,26,167,162,159,255
90,27,167,161,157,255
90,28,168,163,159,255
90,29,169,164,163,255
90,30,168,165,164,255
90,31,168,165,164,255
90,32,168,165,164,255
90,33,168,165,165,255
90,34,168,165,164,255
90,35,169,166,164,255
90,36,169,166,164,255
90,37,170,165,164,255
90,38,170,166,164,255
90,39,170,167,165,255
90,40,170,167,165,255
90,41,170,167,165,255
90,42,170,167,165,255
90,43,170,167,165,255
90,44,173,169,164,255
90,45,173,167,160,255
90,46,162,157,145,255
90,47,155,151,138,255
90,48,171,163,148,255
90,49,170,163,146,255
90,50,172,163,146,255
90,51,145,144,128,255
90,52,98,110,90,255
90,53,77,96,83,255
90,54,79,88,79,255
90,55,64,90,66,255
90,56,56,88,64,255
90,57,71,83,73,255
90,58,59,90,64,255
90,59,59,91,61,255
90,60,61,93,66,255
90,61,64,91,71,255
90,62,59,86,64,255
90,63,56,88,61,255
90,64,66,91,73,255
90,65,64,86,83,255
90,66,56,73,99,255
90,67,53,69,95,255
90,68,50,69,95,255
90,69,53,69,96,255
90,70,50,66,95,255
90,71,42,61,91,255
90,72,42,59,88,255
90,73,42,56,86,255
90,74,38,53,83,255
90,75,38,50,79,255
90,76,34,46,75,255
90,77,38,50,79,255
90,78,34,50,77,255
90,79,81,132,161,255
90,80,115,151,175,255
90,81,175,193,208,255
90,82,199,211,220,255
90,83,202,212,221,255
90,84,202,212,221,255
90,85,202,212,222,255
90,86,202,212,221,255
90,87,200,211,221,255
90,88,202,212,221,255
90,89,203,213,222,255
90,90,202,212,222,255
90,91,200,211,221,255
90,92,202,211,220,255
90,93,202,211,220,255
90,94,200,211,221,255
90,95,199,211,221,255
90,96,200,211,221,255
90,97,200,210,220,255
90,98,200,210,219,255
90,99,200,210,220,255
90,100,198,210,220,255
90,101,198,209,220,255
90,102,199,210,220,255
90,103,197,210,220,255
90,104,197,210,220,255
90,105,198,210,220,255
90,106,197,208,218,255
90,107,197,209,218,255
90,108,197,208,218,255
90,109,197,208,219,255
90,110,196,208,218,255
90,111,196,207,218,255
90,112,196,207,218,255
90,113,195,207,217,255
90,114,196,208,216,255
90,115,195,209,217,255
90,116,196,208,217,255
90,117,196,206,217,255
90,118,196,206,217,255
90,119,194,205,215,255
90,120,194,205,215,255
90,121,194,205,214,255
90,122,194,204,213,255
90,123,194,204,213,255
90,124,192,205,214,255
90,125,190,205,216,255
90,126,191,205,217,255
90,127,190,205,217,255
90,128,194,205,215,255
90,129,194,205,215,255
90,130,196,205,215,255
90,131,195,205,215,255
90,132,193,203,215,255
90,133,193,203,215,255
90,134,190,203,214,255
90,135,190,203,213,255
90,136,186,200,211,255
90,137,186,200,211,255
90,138,160,178,194,255
90,139,151,165,178,255
90,140,151,165,178,255
90,141,147,160,173,255
90,142,147,160,173,255
90,143,141,154,167,255
91,0,167,165,168,255
91,1,167,165,167,255
91,2,167,165,167,255
91,3,167,165,168,255
91,4,167,165,168,255
91,5,167,165,167,255
91,6,167,166,168,255
91,7,167,166,168,255
91,8,167,165,167,255
91,9,167,165,167,255
91,10,167,164,167,255
91,11,167,164,167,255
91,12,166,165,167,255
91,13,166,165,167,255
91,14,167,164,167,255
91,15,167,164,167,255
91,16,167,164,166,255
91,17,168,163,163,255
91,18,167,162,160,255
91,19,167,161,159,255
91,20,167,160,157,255
91,21,167,160,157,255
91,22,167,160,157,255
91,23,167,160,157,255
91,24,167,160,157,255
91,25,167,161,158,255
91,26,167,162,159,255
91,27,169,162,159,255
91,28,169,162,160,255
91,29,169,164,163,255
91,30,168,165,164,255
91,31,168,165,165,255
91,32,168,165,165,255
91,33,168,165,164,255
91,34,169,166,165,255
91,35,169,166,165,255
91,36,170,166,164,255
91,37,170,166,165,255
91,38,170,167,164,255
91,39,170,166,163,255
91,40,167,167,161,255
91,41,170,167,165,255
91,42,170,167,165,255
91,43,170,167,164,255
91,44,172,167,163,255
91,45,166,160,149,255
91,46,134,135,119,255
91,47,141,138,121,255
91,48,152,145,127,255
91,49,149,144,126,255
91,50,145,144,127,255
91,51,106,121,101,255
91,52,69,95,73,255
91,53,75,88,75,255
91,54,77,85,77,255
91,55,59,91,64,255
91,56,61,88,66,255
91,57,66,83,69,255
91,58,56,88,61,255
91,59,61,91,66,255
91,60,61,93,66,255
91,61,61,90,66,255
91,62,50,83,53,255
91,63,56,86,59,255
91,64,61,88,69,255
91,65,61,88,75,255
91,66,61,77,99,255
91,67,56,73,96,255
91,68,56,73,98,255
91,69,59,73,99,255
91,70,56,73,99,255
91,71,53,69,96,255
91,72,46,61,93,255
91,73,42,59,90,255
91,74,42,56,86,255
91,75,38,53,83,255
91,76,38,50,79,255
91,77,34,50,79,255
91,78,38,56,83,255
91,79,79,131,160,255
91,80,112,152,176,255
91,81,168,187,203,255
91,82,199,211,221,255
91,83,202,212,221,255
91,84,202,211,221,255
91,85,202,212,221,255
91,86,202,212,222,255
91,87,200,211,221,255
91,88,200,211,221,255
91,89,203,213,222,255
91,90,200,211,221,255
91,91,200,211,220,255
91,92,202,211,220,255
91,93,200,212,221,255
91,94,199,211,221,255
91,95,199,212,221,255
91,96,200,211,220,255
91,97,198,210,220,255
91,98,199,210,219,255
91,99,198,210,219,255
91,100,198,210,220,255
91,101,198,210,220,255
91,102,198,210,220,255
91,103,198,210,220,255
91,104,197,209,220,255
91,105,197,210,219,255
91,106,199,208,218,255
91,107,197,208,217,255
91,108,197,208,218,255
91,109,196,208,218,255
91,110,196,209,218,255
91,111,195,207,217,255
91,112,195,207,217,255
91,113,197,206,216,255
91,114,196,208,216,255
91,115,197,209,217,255
91,116,198,208,217,255
91,117,196,207,217,255
91,118,194,205,217,255
91,119,194,205,217,255
91,120,194,206,216,255
91,121,196,206,215,255
91,122,195,205,214,255
91,123,195,205,214,255
91,124,192,205,215,255
91,125,190,205,216,255
91,126,190,205,217,255
91,127,192,205,217,255
91,128,192,205,215,255
91,129,192,205,215,255
91,130,192,204,214,255
91,131,192,203,214,255
91,132,192,203,214,255
91,133,192,203,214,255
91,134,192,203,214,255
91,135,190,203,214,255
91,136,187,200,211,255
91,137,187,200,211,255
91,138,160,178,193,255
91,139,150,166,179,255
91,140,150,166,179,255
91,141,148,160,173,255
91,142,148,160,173,255
91,143,137,151,165,255
92,0,167,166,169,255
92,1,167,165,168,255
92,2,167,165,168,255
92,3,167,165,168,255
92,4,167,165,168,255
92,5,168,166,168,255
92,6,167,165,167,255
92,7,167,165,167,255
92,8,167,165,168,255
92,9,167,165,167,255
92,10,167,165,167,255
92,11,167,165,167,255
92,12,167,164,167,255
92,13,167,165,167,255
92,14,167,165,167,255
92,15,167,165,167,255
92,16,167,165,167,255
92,17,168,163,163,255
92,18,167,162,160,255
92,19,167,161,158,255
92,20,167,160,157,255
92,21,167,160,157,255
92,22,167,161,157,255
92,23,167,161,157,255
92,24,167,161,157,255
92,25,167,161,157,255
92,26,167,161,158,255
92,27,169,163,160,255
92,28,169,163,161,255
92,29,169,165,164,255
92,30,168,165,164,255
92,31,169,166,165,255
92,32,169,166,165,255
92,33,168,165,164,255
92,34,168,165,165,255
92,35,168,166,166,255
92,36,170,166,164,255
92,37,168,165,163,255
92,38,170,165,161,255
92,39,160,156,149,255
92,40,143,149,142,255
92,41,169,167,163,255
92,42,169,165,162,255
92,43,170,167,163,255
92,44,170,164,158,255
92,45,150,147,132,255
92,46,91,106,86,255
92,47,106,114,96,255
92,48,112,114,96,255
92,49,77,96,81,255
92,50,101,112,95,255
92,51,66,93,71,255
92,52,59,88,64,255
92,53,66,91,71,255
92,54,73,86,73,255
92,55,56,88,61,255
92,56,59,86,61,255
92,57,53,83,59,255
92,58,53,88,59,255
92,59,59,90,66,255
92,60,56,90,61,255
92,61,56,88,61,255
92,62,46,77,53,255
92,63,53,83,56,255
92,64,59,86,66,255
92,65,61,83,79,255
92,66,61,77,99,255
92,67,59,73,98,255
92,68,59,73,99,255
92,69,56,73,99,255
92,70,53,71,98,255
92,71,50,69,96,255
92,72,46,64,95,255
92,73,42,61,91,255
92,74,46,59,90,255
92,75,38,53,83,255
92,76,34,50,81,255
92,77,38,53,83,255
92,78,38,56,85,255
92,79,83,132,160,255
92,80,115,156,180,255
92,81,160,180,197,255
92,82,199,210,220,255
92,83,202,213,222,255
92,84,202,212,221,255
92,85,202,213,222,255
92,86,202,212,222,255
92,87,200,211,221,255
92,88,200,211,221,255
92,89,200,211,221,255
92,90,201,212,222,255
92,91,200,212,221,255
92,92,200,211,221,255
92,93,200,211,221,255
92,94,199,210,221,255
92,95,199,211,221,255
92,96,200,211,220,255
92,97,199,210,220,255
92,98,199,210,219,255
92,99,199,210,220,255
92,100,199,211,221,255
92,101,198,211,221,255
92,102,198,210,219,255
92,103,198,210,220,255
92,104,199,210,220,255
92,105,199,209,219,255
92,106,199,209,218,255
92,107,197,208,218,255
92,108,197,209,219,255
92,109,196,210,219,255
92,110,196,209,218,255
92,111,196,207,217,255
92,112,196,207,217,255
92,113,197,206,215,255
92,114,198,208,216,255
92,115,196,209,217,255
92,116,199,208,216,255
92,117,197,207,217,255
92,118,194,206,217,255
92,119,196,206,218,255
92,120,194,206,217,255
92,121,195,205,214,255
92,122,194,205,215,255
92,123,194,205,215,255
92,124,194,205,216,255
92,125,192,205,217,255
92,126,190,205,217,255
92,127,193,206,217,255
92,128,192,206,216,255
92,129,192,206,216,255
92,130,193,206,216,255
92,131,191,204,215,255
92,132,192,203,214,255
92,133,194,205,215,255
92,134,194,205,215,255
92,135,189,203,214,255
92,136,188,201,211,255
92,137,188,201,211,255
92,138,160,178,194,255
92,139,149,165,178,255
92,140,149,165,178,255
92,141,145,158,171,255
92,142,145,158,171,255
92,143,135,149,163,255
93,0,167,166,169,255
93,1,167,166,169,255
93,2,167,166,169,255
93,3,168,166,169,255
93,4,168,166,169,255
93,5,168,167,169,255
93,6,168,165,168,255
93,7,168,165,168,255
93,8,167,166,168,255
93,9,167,166,168,255
93,10,167,166,168,255
93,11,167,166,168,255
93,12,167,165,167,255
93,13,167,165,167,255
93,14,168,166,167,255
93,15,167,165,167,255
93,16,167,165,167,255
93,17,168,165,165,255
93,18,168,162,160,255
93,19,167,161,158,255
93,20,167,161,158,255
93,21,167,161,158,255
93,22,167,160,158,255
93,23,167,161,158,255
93,24,167,161,157,255
93,25,167,161,157,255
93,26,167,161,157,255
93,27,169,163,160,255
93,28,169,164,162,255
93,29,169,165,165,255
93,30,168,165,165,255
93,31,168,165,165,255
93,32,168,165,165,255
93,33,168,165,164,255
93,34,168,166,164,255
93,35,167,165,163,255
93,36,165,163,160,255
93,37,164,161,158,255
93,38,162,156,150,255
93,39,134,135,124,255
93,40,112,128,115,255
93,41,151,154,147,255
93,42,162,159,155,255
93,43,163,160,153,255
93,44,158,153,143,255
93,45,109,114,98,255
93,46,69,96,73,255
93,47,77,98,79,255
93,48,69,91,73,255
93,49,66,90,71,255
93,50,56,86,64,255
93,51,59,86,66,255
93,52,56,86,61,255
93,53,71,90,71,255
93,54,66,88,66,255
93,55,53,86,59,255
93,56,46,81,53,255
93,57,42,75,50,255
93,58,50,83,59,255
93,59,53,83,61,255
93,60,53,86,61,255
93,61,56,86,64,255
93,62,46,77,53,255
93,63,53,81,56,255
93,64,53,77,64,255
93,65,59,79,83,255
93,66,61,73,96,255
93,67,61,73,98,255
93,68,59,73,98,255
93,69,59,73,99,255
93,70,53,71,98,255
93,71,50,66,96,255
93,72,50,66,96,255
93,73,46,64,95,255
93,74,42,61,91,255
93,75,42,56,86,255
93,76,38,53,83,255
93,77,34,50,81,255
93,78,38,56,85,255
93,79,83,134,163,255
93,80,119,160,183,255
93,81,155,177,194,255
93,82,197,209,220,255
93,83,202,213,221,255
93,84,202,212,221,255
93,85,202,213,221,255
93,86,202,212,222,255
93,87,201,212,222,255
93,88,200,211,221,255
93,89,200,211,221,255
93,90,202,213,223,255
93,91,201,212,222,255
93,92,200,211,221,255
93,93,200,211,221,255
93,94,199,211,221,255
93,95,200,212,221,255
93,96,200,211,220,255
93,97,200,209,219,255
93,98,199,210,220,255
93,99,199,210,220,255
93,100,199,211,221,255
93,101,200,210,220,255
93,102,198,209,219,255
93,103,197,210,220,255
93,104,198,210,220,255
93,105,198,209,219,255
93,106,199,209,218,255
93,107,199,209,218,255
93,108,198,210,219,255
93,109,197,210,219,255
93,110,196,209,219,255
93,111,196,208,218,255
93,112,196,208,218,255
93,113,197,207,215,255
93,114,198,207,215,255
93,115,196,206,215,255
93,116,197,206,215,255
93,117,197,206,215,255
93,118,197,207,217,255
93,119,196,207,218,255
93,120,194,205,217,255
93,121,194,205,215,255
93,122,194,205,216,255
93,123,194,205,216,255
93,124,194,206,217,255
93,125,192,205,217,255
93,126,190,205,217,255
93,127,193,206,217,255
93,128,192,206,216,255
93,129,192,206,216,255
93,130,191,205,214,255
93,131,191,204,214,255
93,132,192,204,215,255
93,133,192,205,215,255
93,134,192,205,215,255
93,135,189,205,215,255
93,136,189,202,211,255
93,137,189,202,211,255
93,138,160,178,193,255
93,139,149,164,177,255
93,140,149,164,177,255
93,141,145,158,171,255
93,142,133,149,163,255
93,143,133,149,163,255
94,0,167,166,169,255
94,1,167,166,169,255
94,2,167,167,169,255
94,3,168,166,169,255
94,4,168,166,169,255
94,5,168,166,169,255
94,6,168,166,168,255
94,7,168,166,168,255
94,8,169,166,169,255
94,9,167,165,168,255
94,10,167,165,168,255
94,11,168,166,168,255
94,12,167,166,168,255
94,13,168,166,168,255
94,14,168,166,167,255
94,15,168,166,167,255
94,16,168,166,167,255
94,17,168,165,165,255
94,18,167,163,161,255
94,19,167,161,159,255
94,20,167,161,159,255
94,21,167,161,159,255
94,22,167,161,158,255
94,23,167,162,159,255
94,24,167,161,158,255
94,25,167,161,157,255
94,26,167,161,158,255
94,27,169,163,160,255
94,28,170,164,163,255
94,29,169,165,163,255
94,30,166,163,161,255
94,31,167,163,162,255
94,32,167,163,162,255
94,33,168,163,162,255
94,34,161,155,152,255
94,35,139,137,133,255
94,36,155,151,146,255
94,37,147,146,140,255
94,38,144,140,129,255
94,39,91,106,86,255
94,40,81,106,90,255
94,41,122,131,121,255
94,42,142,144,136,255
94,43,136,139,129,255
94,44,126,127,114,255
94,45,53,88,64,255
94,46,59,90,66,255
94,47,66,91,71,255
94,48,69,91,69,255
94,49,53,81,59,255
94,50,53,85,59,255
94,51,56,86,59,255
94,52,61,86,66,255
94,53,71,86,71,255
94,54,56,86,59,255
94,55,53,85,59,255
94,56,46,75,53,255
94,57,38,71,50,255
94,58,50,77,56,255
94,59,56,85,64,255
94,60,61,93,66,255
94,61,64,101,77,255
94,62,61,96,75,255
94,63,56,88,66,255
94,64,59,77,71,255
94,65,61,77,88,255
94,66,59,73,98,255
94,67,56,71,95,255
94,68,56,71,98,255
94,69,53,69,98,255
94,70,53,69,98,255
94,71,50,66,96,255
94,72,50,66,96,255
94,73,50,66,96,255
94,74,46,64,95,255
94,75,42,59,90,255
94,76,38,53,85,255
94,77,38,53,85,255
94,78,38,56,85,255
94,79,85,138,167,255
94,80,120,161,184,255
94,81,151,173,192,255
94,82,195,208,218,255
94,83,202,213,222,255
94,84,202,213,222,255
94,85,202,213,221,255
94,86,202,213,222,255
94,87,202,211,221,255
94,88,201,212,221,255
94,89,203,213,222,255
94,90,205,215,224,255
94,91,201,213,222,255
94,92,201,212,221,255
94,93,201,211,221,255
94,94,199,211,221,255
94,95,199,212,221,255
94,96,200,211,220,255
94,97,199,210,219,255
94,98,199,209,219,255
94,99,199,210,220,255
94,100,199,210,220,255
94,101,199,210,220,255
94,102,198,209,219,255
94,103,197,209,219,255
94,104,199,209,219,255
94,105,199,209,219,255
94,106,199,209,218,255
94,107,199,209,217,255
94,108,197,210,218,255
94,109,197,210,219,255
94,110,197,209,219,255
94,111,197,208,218,255
94,112,197,208,218,255
94,113,197,208,217,255
94,114,197,206,215,255
94,115,196,206,216,255
94,116,199,208,217,255
94,117,198,208,217,255
94,118,198,208,217,255
94,119,197,208,218,255
94,120,196,206,218,255
94,121,194,205,217,255
94,122,196,206,217,255
94,123,196,206,217,255
94,124,196,206,217,255
94,125,194,206,217,255
94,126,191,205,216,255
94,127,194,206,217,255
94,128,192,206,216,255
94,129,192,206,216,255
94,130,193,205,215,255
94,131,193,205,215,255
94,132,192,205,215,255
94,133,192,206,216,255
94,134,192,206,216,255
94,135,194,206,215,255
94,136,189,200,211,255
94,137,189,200,211,255
94,138,161,180,194,255
94,139,148,163,178,255
94,140,148,163,178,255
94,141,145,158,170,255
94,142,133,148,163,255
94,143,133,148,163,255
95,0,167,166,170,255
95,1,167,166,170,255
95,2,168,167,170,255
95,3,168,166,170,255
95,4,168,166,170,255
95,5,168,166,169,255
95,6,168,166,168,255
95,7,168,166,168,255
95,8,169,167,169,255
95,9,167,167,169,255
95,10,167,167,169,255
95,11,167,166,168,255
95,12,167,166,168,255
95,13,168,166,168,255
95,14,168,166,168,255
95,15,168,166,168,255
95,16,168,166,167,255
95,17,168,165,166,255
95,18,168,164,163,255
95,19,167,161,159,255
95,20,167,162,160,255
95,21,167,162,160,255
95,22,167,162,159,255
95,23,167,162,159,255
95,24,167,161,158,255
95,25,167,162,158,255
95,26,168,161,157,255
95,27,169,163,159,255
95,28,169,163,160,255
95,29,165,161,158,255
95,30,154,152,148,255
95,31,148,148,143,255
95,32,148,148,143,255
95,33,152,149,145,255
95,34,139,136,127,255
95,35,69,93,81,255
95,36,110,117,106,255
95,37,110,117,108,255
95,38,102,108,93,255
95,39,59,91,66,255
95,40,71,98,75,255
95,41,98,112,96,255
95,42,105,115,101,255
95,43,93,108,91,255
95,44,81,98,79,255
95,45,56,88,64,255
95,46,53,83,64,255
95,47,59,85,64,255
95,48,53,81,56,255
95,49,50,77,53,255
95,50,53,85,56,255
95,51,53,85,59,255
95,52,56,83,61,255
95,53,59,83,61,255
95,54,53,86,59,255
95,55,53,79,59,255
95,56,38,66,50,255
95,57,42,71,56,255
95,58,50,77,59,255
95,59,50,81,59,255
95,60,61,98,73,255
95,61,81,124,99,255
95,62,81,127,101,255
95,63,69,108,81,255
95,64,46,69,61,255
95,65,59,75,90,255
95,66,59,71,96,255
95,67,56,69,95,255
95,68,59,71,98,255
95,69,53,69,98,255
95,70,53,69,96,255
95,71,50,66,96,255
95,72,50,66,95,255
95,73,50,66,95,255
95,74,46,64,95,255
95,75,42,61,90,255
95,76,42,56,88,255
95,77,38,56,85,255
95,78,38,56,85,255
95,79,86,140,169,255
95,80,114,160,183,255
95,81,146,170,189,255
95,82,193,206,217,255
95,83,202,213,222,255
95,84,202,213,222,255
95,85,202,213,222,255
95,86,202,213,222,255
95,87,202,212,221,255
95,88,201,212,221,255
95,89,205,214,223,255
95,90,206,215,224,255
95,91,201,213,222,255
95,92,201,211,221,255
95,93,200,211,220,255
95,94,200,212,222,255
95,95,200,213,222,255
95,96,199,211,220,255
95,97,200,210,220,255
95,98,200,210,220,255
95,99,199,210,220,255
95,100,199,210,220,255
95,101,200,210,220,255
95,102,200,209,219,255
95,103,198,209,219,255
95,104,200,209,218,255
95,105,199,209,219,255
95,106,199,209,218,255
95,107,199,208,216,255
95,108,199,209,217,255
95,109,199,210,219,255
95,110,196,209,219,255
95,111,197,208,218,255
95,112,197,208,218,255
95,113,197,208,218,255
95,114,198,208,217,255
95,115,198,207,218,255
95,116,200,209,219,255
95,117,198,209,217,255
95,118,196,208,217,255
95,119,196,207,218,255
95,120,196,206,218,255
95,121,194,206,217,255
95,122,194,205,217,255
95,123,194,205,217,255
95,124,193,205,217,255
95,125,194,205,216,255
95,126,192,205,215,255
95,127,194,206,217,255
95,128,193,206,217,255
95,129,193,205,215,255
95,130,193,205,215,255
95,131,193,205,215,255
95,132,194,206,216,255
95,133,196,206,217,255
95,134,196,206,217,255
95,135,195,206,215,255
95,136,190,202,213,255
95,137,190,202,213,255
95,138,162,180,196,255
95,139,149,164,178,255
95,140,149,164,178,255
95,141,145,157,170,255
95,142,132,148,163,255
95,143,132,148,163,255
96,0,167,167,170,255
96,1,167,167,170,255
96,2,168,167,170,255
96,3,168,167,170,255
96,4,168,167,170,255
96,5,168,167,170,255
96,6,169,167,169,255
96,7,169,167,169,255
96,8,169,167,169,255
96,9,168,166,169,255
96,10,167,167,169,255
96,11,167,166,168,255
96,12,168,167,169,255
96,13,167,166,168,255
96,14,167,166,168,255
96,15,167,165,167,255
96,16,168,166,167,255
96,17,168,166,167,255
96,18,168,164,164,255
96,19,169,163,161,255
96,20,169,163,161,255
96,21,167,162,160,255
96,22,168,163,160,255
96,23,167,161,157,255
96,24,164,160,155,255
96,25,167,160,155,255
96,26,165,158,154,255
96,27,164,158,154,255
96,28,167,159,154,255
96,29,152,151,146,255
96,30,132,135,125,255
96,31,132,135,125,255
96,32,113,122,109,255
96,33,110,119,106,255
96,34,101,109,93,255
96,35,59,88,61,255
96,36,50,81,61,255
96,37,66,86,71,255
96,38,56,83,59,255
96,39,59,90,64,255
96,40,69,95,71,255
96,41,73,95,73,255
96,42,59,88,66,255
96,43,53,85,61,255
96,44,50,83,59,255
96,45,53,79,59,255
96,46,50,77,59,255
96,47,50,77,56,255
96,48,46,73,50,255
96,49,42,75,50,255
96,50,53,85,56,255
96,51,53,81,59,255
96,52,46,73,53,255
96,53,46,77,53,255
96,54,53,85,59,255
96,55,53,75,59,255
96,56,46,69,53,255
96,57,46,71,59,255
96,58,50,75,56,255
96,59,50,79,53,255
96,60,59,91,66,255
96,61,85,125,99,255
96,62,90,138,106,255
96,63,69,105,77,255
96,64,28,53,53,255
96,65,56,71,90,255
96,66,59,73,95,255
96,67,56,71,93,255
96,68,59,73,96,255
96,69,59,71,96,255
96,70,50,66,93,255
96,71,50,66,95,255
96,72,46,64,93,255
96,73,46,64,93,255
96,74,46,64,93,255
96,75,42,61,90,255
96,76,42,59,88,255
96,77,42,59,88,255
96,78,38,56,86,255
96,79,88,140,168,255
96,80,114,162,184,255
96,81,139,167,185,255
96,82,187,200,212,255
96,83,200,211,221,255
96,84,202,213,222,255
96,85,203,213,222,255
96,86,203,213,222,255
96,87,202,212,221,255
96,88,201,212,221,255
96,89,203,213,222,255
96,90,205,214,222,255
96,91,202,213,222,255
96,92,201,212,221,255
96,93,200,211,221,255
96,94,199,211,222,255
96,95,199,213,221,255
96,96,199,211,220,255
96,97,199,211,220,255
96,98,199,211,220,255
96,99,199,210,221,255
96,100,199,209,219,255
96,101,199,209,219,255
96,102,200,209,219,255
96,103,199,209,219,255
96,104,201,209,218,255
96,105,199,209,219,255
96,106,199,209,217,255
96,107,199,209,217,255
96,108,199,209,218,255
96,109,197,209,219,255
96,110,196,208,219,255
96,111,196,209,219,255
96,112,196,209,219,255
96,113,196,210,220,255
96,114,196,208,219,255
96,115,197,207,218,255
96,116,198,207,218,255
96,117,196,208,217,255
96,118,196,208,218,255
96,119,196,207,217,255
96,120,196,206,218,255
96,121,194,205,217,255
96,122,193,205,215,255
96,123,194,206,217,255
96,124,194,206,217,255
96,125,194,205,216,255
96,126,192,205,215,255
96,127,192,206,216,255
96,128,193,206,216,255
96,129,196,206,215,255
96,130,196,206,215,255
96,131,192,205,214,255
96,132,194,206,216,255
96,133,196,206,217,255
96,134,193,205,215,255
96,135,192,204,215,255
96,136,190,201,211,255
96,137,190,201,211,255
96,138,167,183,197,255
96,139,149,166,180,255
96,140,149,166,180,255
96,141,145,158,170,255
96,142,130,147,161,255
96,143,130,147,161,255
97,0,168,167,170,255
97,1,168,167,170,255
97,2,167,167,170,255
97,3,168,167,170,255
97,4,168,167,170,255
97,5,168,167,170,255
97,6,168,167,170,255
97,7,168,167,170,255
97,8,168,167,169,255
97,9,168,166,169,255
97,10,168,166,169,255
97,11,168,167,169,255
97,12,168,166,169,255
97,13,168,167,169,255
97,14,168,167,169,255
97,15,168,166,168,255
97,16,168,166,168,255
97,17,169,166,167,255
97,18,168,165,165,255
97,19,168,163,163,255
97,20,168,163,163,255
97,21,168,162,160,255
97,22,165,160,155,255
97,23,161,154,147,255
97,24,146,144,135,255
97,25,146,141,134,255
97,26,148,144,137,255
97,27,141,138,131,255
97,28,132,131,127,255
97,29,126,130,121,255
97,30,98,109,93,255
97,31,98,109,93,255
97,32,71,96,73,255
97,33,66,93,69,255
97,34,50,83,56,255
97,35,46,77,53,255
97,36,50,77,59,255
97,37,50,79,61,255
97,38,50,81,56,255
97,39,56,85,61,255
97,40,66,88,71,255
97,41,59,83,66,255
97,42,59,79,66,255
97,43,56,83,66,255
97,44,56,83,66,255
97,45,53,77,61,255
97,46,50,75,59,255
97,47,46,71,50,255
97,48,38,66,42,255
97,49,42,73,50,255
97,50,50,81,56,255
97,51,42,71,50,255
97,52,38,69,46,255
97,53,46,77,50,255
97,54,50,81,56,255
97,55,46,73,53,255
97,56,46,71,53,255
97,57,53,75,64,255
97,58,53,75,61,255
97,59,46,75,53,255
97,60,61,90,64,255
97,61,73,108,83,255
97,62,73,117,86,255
97,63,42,79,59,255
97,64,28,50,53,255
97,65,53,71,88,255
97,66,59,73,95,255
97,67,59,71,93,255
97,68,59,73,95,255
97,69,53,71,93,255
97,70,50,66,93,255
97,71,46,64,93,255
97,72,42,59,90,255
97,73,42,61,90,255
97,74,42,59,88,255
97,75,42,59,88,255
97,76,42,59,86,255
97,77,38,59,88,255
97,78,42,59,86,255
97,79,88,137,165,255
97,80,120,166,186,255
97,81,137,167,184,255
97,82,185,199,211,255
97,83,200,211,221,255
97,84,202,212,222,255
97,85,203,213,222,255
97,86,202,213,222,255
97,87,201,212,222,255
97,88,202,213,222,255
97,89,201,212,222,255
97,90,204,214,222,255
97,91,202,213,221,255
97,92,201,212,221,255
97,93,201,212,221,255
97,94,201,211,221,255
97,95,199,212,221,255
97,96,201,211,221,255
97,97,199,211,220,255
97,98,199,210,220,255
97,99,199,210,220,255
97,100,199,210,220,255
97,101,200,209,218,255
97,102,200,209,218,255
97,103,199,209,219,255
97,104,202,210,219,255
97,105,201,210,219,255
97,106,202,210,219,255
97,107,201,210,219,255
97,108,199,209,219,255
97,109,196,209,219,255
97,110,196,209,220,255
97,111,196,209,219,255
97,112,196,210,221,255
97,113,196,210,221,255
97,114,195,208,220,255
97,115,196,207,218,255
97,116,195,207,217,255
97,117,197,208,218,255
97,118,194,208,217,255
97,119,196,206,217,255
97,120,199,206,218,255
97,121,196,205,216,255
97,122,194,205,215,255
97,123,196,206,216,255
97,124,196,206,216,255
97,125,194,205,216,255
97,126,192,207,217,255
97,127,193,208,217,255
97,128,195,206,216,255
97,129,192,205,215,255
97,130,192,205,215,255
97,131,192,205,215,255
97,132,192,204,215,255
97,133,193,205,215,255
97,134,193,205,215,255
97,135,191,203,214,255
97,136,192,202,212,255
97,137,192,202,212,255
97,138,167,183,197,255
97,139,149,164,178,255
97,140,149,164,178,255
97,141,145,157,170,255
97,142,133,148,163,255
97,143,133,148,163,255
98,0,167,167,170,255
98,1,167,167,170,255
98,2,168,167,170,255
98,3,168,167,170,255
98,4,168,167,170,255
98,5,168,167,170,255
98,6,168,167,170,255
98,7,168,167,170,255
98,8,168,167,169,255
98,9,169,167,169,255
98,10,169,167,169,255
98,11,167,166,169,255
98,12,168,166,169,255
98,13,168,166,169,255
98,14,168,166,169,255
98,15,168,167,169,255
98,16,168,166,168,255
98,17,168,166,167,255
98,18,168,166,167,255
98,19,164,163,160,255
98,20,164,163,160,255
98,21,151,153,148,255
98,22,136,136,129,255
98,23,125,124,113,255
98,24,102,112,99,255
98,25,101,106,98,255
98,26,106,113,104,255
98,27,93,104,91,255
98,28,69,90,81,255
98,29,88,102,88,255
98,30,61,86,66,255
98,31,61,86,66,255
98,32,59,86,64,255
98,33,59,81,64,255
98,34,50,75,56,255
98,35,46,71,53,255
98,36,50,77,59,255
98,37,53,85,66,255
98,38,53,79,61,255
98,39,56,79,64,255
98,40,56,73,66,255
98,41,50,71,59,255
98,42,46,71,56,255
98,43,56,86,69,255
98,44,61,86,71,255
98,45,59,81,69,255
98,46,56,77,64,255
98,47,42,66,46,255
98,48,34,61,38,255
98,49,38,71,46,255
98,50,50,77,53,255
98,51,34,64,42,255
98,52,34,64,38,255
98,53,46,73,50,255
98,54,46,73,50,255
98,55,38,66,46,255
98,56,46,71,53,255
98,57,53,77,61,255
98,58,53,77,61,255
98,59,50,73,56,255
98,60,53,81,56,255
98,61,59,86,61,255
98,62,53,88,66,255
98,63,38,69,53,255
98,64,28,53,56,255
98,65,50,69,88,255
98,66,56,71,95,255
98,67,53,69,91,255
98,68,53,69,93,255
98,69,50,66,93,255
98,70,46,64,91,255
98,71,46,64,93,255
98,72,42,59,90,255
98,73,42,59,90,255
98,74,38,56,88,255
98,75,38,56,86,255
98,76,38,56,86,255
98,77,38,56,86,255
98,78,42,56,85,255
98,79,86,132,161,255
98,80,124,167,187,255
98,81,134,165,184,255
98,82,182,197,211,255
98,83,200,211,221,255
98,84,202,213,222,255
98,85,203,213,222,255
98,86,203,213,222,255
98,87,201,213,222,255
98,88,202,213,222,255
98,89,202,213,222,255
98,90,202,213,222,255
98,91,205,214,223,255
98,92,202,213,221,255
98,93,201,212,221,255
98,94,201,211,221,255
98,95,200,211,220,255
98,96,200,211,220,255
98,97,199,210,219,255
98,98,199,210,220,255
98,99,199,210,220,255
98,100,199,210,219,255
98,101,200,209,218,255
98,102,200,209,218,255
98,103,200,209,218,255
98,104,201,209,218,255
98,105,202,210,220,255
98,106,199,209,218,255
98,107,199,209,219,255
98,108,199,209,219,255
98,109,197,209,219,255
98,110,196,209,219,255
98,111,196,209,219,255
98,112,196,209,220,255
98,113,196,209,220,255
98,114,196,208,219,255
98,115,194,207,218,255
98,116,196,206,218,255
98,117,195,207,217,255
98,118,195,208,217,255
98,119,195,206,217,255
98,120,196,206,216,255
98,121,194,205,215,255
98,122,193,205,214,255
98,123,194,206,215,255
98,124,194,206,215,255
98,125,193,206,215,255
98,126,192,206,216,255
98,127,193,208,217,255
98,128,194,207,217,255
98,129,192,206,215,255
98,130,192,206,215,255
98,131,190,205,215,255
98,132,191,203,214,255
98,133,191,204,214,255
98,134,191,204,214,255
98,135,191,203,214,255
98,136,192,202,212,255
98,137,166,183,198,255
98,138,166,183,198,255
98,139,148,164,178,255
98,140,148,164,178,255
98,141,145,158,170,255
98,142,131,148,161,255
98,143,131,148,161,255
99,0,168,167,170,255
99,1,168,167,170,255
99,2,168,167,170,255
99,3,168,167,170,255
99,4,168,167,171,255
99,5,168,167,170,255
99,6,168,167,170,255
99,7,169,167,170,255
99,8,169,167,170,255
99,9,169,167,170,255
99,10,169,167,170,255
99,11,168,167,170,255
99,12,168,167,169,255
99,13,168,167,169,255
99,14,168,167,169,255
99,15,168,167,169,255
99,16,169,167,169,255
99,17,168,167,168,255
99,18,167,164,162,255
99,19,142,147,141,255
99,20,142,147,141,255
99,21,113,121,113,255
99,22,77,93,81,255
99,23,56,79,64,255
99,24,61,83,64,255
99,25,56,79,64,255
99,26,71,90,75,255
99,27,56,81,66,255
99,28,61,81,66,255
99,29,53,77,61,255
99,30,56,79,61,255
99,31,56,79,61,255
99,32,56,79,61,255
99,33,56,77,66,255
99,34,50,71,56,255
99,35,46,71,53,255
99,36,50,81,56,255
99,37,59,93,71,255
99,38,56,81,66,255
99,39,56,75,61,255
99,40,42,64,53,255
99,41,38,61,46,255
99,42,42,73,53,255
99,43,56,88,64,255
99,44,53,86,64,255
99,45,56,81,66,255
99,46,56,77,64,255
99,47,38,64,46,255
99,48,28,59,34,255
99,49,42,71,46,255
99,50,53,77,56,255
99,51,38,64,46,255
99,52,38,61,38,255
99,53,38,64,42,255
99,54,34,61,38,255
99,55,34,61,42,255
99,56,38,69,50,255
99,57,50,83,59,255
99,58,53,83,61,255
99,59,50,71,53,255
99,60,50,75,53,255
99,61,46,73,50,255
99,62,46,75,59,255
99,63,28,56,46,255
99,64,28,56,59,255
99,65,50,69,88,255
99,66,53,69,91,255
99,67,50,66,90,255
99,68,50,66,91,255
99,69,50,64,90,255
99,70,46,64,90,255
99,71,42,61,91,255
99,72,42,64,91,255
99,73,46,64,93,255
99,74,42,61,91,255
99,75,38,56,86,255
99,76,38,53,83,255
99,77,38,53,81,255
99,78,38,53,81,255
99,79,83,130,156,255
99,80,126,169,186,255
99,81,133,165,183,255
99,82,179,196,209,255
99,83,200,211,221,255
99,84,202,212,222,255
99,85,202,213,222,255
99,86,203,213,222,255
99,87,203,213,222,255
99,88,201,213,222,255
99,89,202,213,222,255
99,90,205,215,223,255
99,91,208,217,224,255
99,92,202,213,222,255
99,93,201,212,221,255
99,94,201,212,222,255
99,95,199,211,221,255
99,96,200,210,220,255
99,97,200,211,219,255
99,98,200,211,220,255
99,99,199,210,220,255
99,100,199,210,220,255
99,101,200,209,219,255
99,102,199,209,218,255
99,103,200,209,218,255
99,104,201,209,218,255
99,105,200,210,219,255
99,106,200,209,218,255
99,107,199,209,219,255
99,108,199,210,219,255
99,109,199,209,219,255
99,110,196,209,219,255
99,111,196,209,219,255
99,112,196,209,218,255
99,113,196,209,218,255
99,114,196,208,219,255
99,115,196,207,218,255
99,116,196,206,218,255
99,117,198,206,217,255
99,118,197,207,218,255
99,119,195,206,217,255
99,120,194,206,216,255
99,121,194,205,215,255
99,122,193,205,215,255
99,123,192,206,215,255
99,124,192,206,215,255
99,125,192,206,215,255
99,126,192,207,217,255
99,127,192,207,217,255
99,128,191,206,217,255
99,129,192,206,217,255
99,130,192,206,217,255
99,131,192,205,216,255
99,132,191,203,214,255
99,133,191,203,214,255
99,134,191,203,214,255
99,135,191,203,214,255
99,136,192,203,213,255
99,137,166,183,198,255
99,138,166,183,198,255
99,139,148,167,182,255
99,140,144,158,170,255
99,141,144,158,170,255
99,142,129,147,161,255
99,143,129,147,161,255
100,0,170,168,171,255
100,1,170,168,171,255
100,2,170,167,171,255
100,3,168,167,170,255
100,4,168,167,171,255
100,5,168,167,170,255
100,6,168,167,170,255
100,7,169,168,171,255
100,8,169,167,170,255
100,9,169,167,170,255
100,10,169,167,170,255
100,11,170,167,170,255
100,12,168,167,170,255
100,13,169,168,170,255
100,14,169,168,170,255
100,15,167,168,170,255
100,16,166,167,167,255
100,17,163,167,165,255
100,18,143,150,146,255
100,19,109,125,117,255
100,20,109,125,117,255
100,21,69,86,75,255
100,22,42,71,56,255
100,23,53,73,56,255
100,24,46,66,50,255
100,25,50,73,53,255
100,26,53,75,56,255
100,27,50,71,56,255
100,28,46,73,59,255
100,29,53,75,59,255
100,30,53,75,53,255
100,31,53,75,53,255
100,32,53,75,56,255
100,33,53,75,59,255
100,34,50,71,59,255
100,35,46,71,56,255
100,36,46,81,56,255
100,37,59,91,66,255
100,38,53,81,61,255
100,39,53,73,61,255
100,40,46,66,53,255
100,41,34,64,42,255
100,42,38,73,46,255
100,43,53,88,59,255
100,44,56,88,61,255
100,45,53,81,61,255
100,46,50,75,56,255
100,47,42,69,53,255
100,48,38,64,46,255
100,49,46,71,50,255
100,50,50,73,56,255
100,51,46,69,53,255
100,52,42,66,42,255
100,53,38,61,38,255
100,54,28,50,34,255
100,55,34,59,38,255
100,56,42,75,50,255
100,57,59,95,69,255
100,58,66,104,81,255
100,59,46,73,56,255
100,60,50,73,53,255
100,61,38,69,46,255
100,62,42,73,56,255
100,63,28,59,53,255
100,64,34,59,64,255
100,65,50,66,88,255
100,66,46,64,88,255
100,67,46,61,86,255
100,68,46,61,86,255
100,69,46,61,85,255
100,70,42,61,86,255
100,71,42,61,90,255
100,72,42,61,91,255
100,73,46,64,95,255
100,74,46,64,95,255
100,75,42,59,90,255
100,76,38,53,85,255
100,77,38,53,83,255
100,78,38,53,83,255
100,79,81,126,150,255
100,80,118,170,182,255
100,81,124,162,178,255
100,82,175,195,209,255
100,83,201,213,222,255
100,84,203,213,222,255
100,85,203,213,222,255
100,86,203,213,222,255
100,87,203,213,222,255
100,88,202,213,222,255
100,89,202,213,222,255
100,90,206,215,223,255
100,91,207,217,224,255
100,92,203,214,222,255
100,93,201,212,221,255
100,94,201,212,222,255
100,95,200,213,221,255
100,96,201,210,219,255
100,97,200,210,219,255
100,98,199,210,219,255
100,99,199,211,220,255
100,100,199,210,219,255
100,101,200,209,219,255
100,102,200,209,218,255
100,103,199,210,218,255
100,104,201,210,219,255
100,105,200,209,219,255
100,106,199,209,218,255
100,107,197,209,219,255
100,108,199,210,219,255
100,109,201,210,220,255
100,110,198,210,219,255
100,111,197,209,219,255
100,112,197,210,220,255
100,113,197,210,220,255
100,114,196,208,219,255
100,115,197,208,218,255
100,116,197,206,216,255
100,117,198,206,216,255
100,118,198,207,218,255
100,119,195,207,217,255
100,120,194,206,216,255
100,121,194,207,217,255
100,122,194,206,216,255
100,123,194,206,215,255
100,124,194,206,215,255
100,125,194,207,217,255
100,126,194,209,218,255
100,127,192,208,218,255
100,128,192,206,218,255
100,129,192,206,218,255
100,130,192,206,218,255
100,131,193,206,217,255
100,132,191,204,215,255
100,133,191,205,214,255
100,134,191,205,214,255
100,135,190,204,214,255
100,136,190,204,214,255
100,137,172,189,203,255
100,138,172,189,203,255
100,139,148,167,182,255
100,140,144,158,170,255
100,141,145,158,170,255
100,142,128,146,160,255
100,143,128,146,160,255
101,0,169,167,171,255
101,1,170,168,171,255
101,2,170,167,171,255
101,3,170,167,171,255
101,4,168,168,171,255
101,5,169,167,171,255
101,6,169,167,171,255
101,7,169,167,170,255
101,8,169,168,170,255
101,9,170,167,170,255
101,10,170,167,170,255
101,11,170,167,170,255
101,12,168,167,170,255
101,13,168,168,171,255
101,14,168,168,171,255
101,15,165,170,171,255
101,16,155,170,170,255
101,17,129,168,164,255
101,18,120,154,148,255
101,19,93,127,118,255
101,20,93,127,118,255
101,21,53,81,73,255
101,22,46,66,50,255
101,23,46,66,53,255
101,24,42,66,50,255
101,25,56,79,59,255
101,26,46,77,59,255
101,27,53,77,64,255
101,28,56,85,69,255
101,29,53,81,59,255
101,30,53,77,53,255
101,31,53,77,53,255
101,32,50,73,53,255
101,33,50,73,53,255
101,34,46,69,53,255
101,35,50,71,56,255
101,36,46,77,53,255
101,37,50,83,56,255
101,38,50,77,56,255
101,39,50,75,59,255
101,40,46,71,56,255
101,41,42,69,50,255
101,42,42,73,50,255
101,43,53,86,56,255
101,44,56,88,61,255
101,45,50,83,56,255
101,46,46,75,53,255
101,47,50,75,56,255
101,48,46,71,56,255
101,49,46,69,50,255
101,50,46,69,53,255
101,51,50,71,56,255
101,52,46,69,50,255
101,53,34,53,38,255
101,54,28,50,34,255
101,55,34,61,38,255
101,56,46,83,56,255
101,57,71,115,90,255
101,58,88,132,108,255
101,59,46,73,56,255
101,60,46,69,50,255
101,61,46,71,59,255
101,62,50,75,69,255
101,63,42,66,66,255
101,64,38,59,69,255
101,65,50,66,90,255
101,66,46,59,83,255
101,67,42,56,79,255
101,68,42,56,81,255
101,69,42,56,81,255
101,70,38,56,81,255
101,71,38,59,88,255
101,72,42,61,91,255
101,73,46,64,95,255
101,74,46,66,96,255
101,75,42,61,93,255
101,76,42,61,90,255
101,77,42,61,90,255
101,78,42,61,90,255
101,79,79,122,146,255
101,80,121,173,178,255
101,81,121,163,177,255
101,82,172,191,206,255
101,83,200,213,223,255
101,84,203,213,222,255
101,85,203,213,221,255
101,86,203,213,222,255
101,87,203,213,222,255
101,88,202,213,222,255
101,89,202,213,222,255
101,90,204,214,223,255
101,91,206,216,224,255
101,92,202,213,222,255
101,93,201,212,221,255
101,94,201,212,222,255
101,95,201,212,221,255
101,96,201,210,220,255
101,97,199,210,219,255
101,98,199,211,219,255
101,99,199,211,220,255
101,100,200,210,219,255
101,101,199,210,218,255
101,102,200,210,219,255
101,103,199,210,219,255
101,104,200,210,219,255
101,105,200,209,218,255
101,106,199,209,218,255
101,107,197,209,218,255
101,108,199,210,219,255
101,109,200,210,220,255
101,110,199,211,220,255
101,111,197,210,219,255
101,112,197,210,220,255
101,113,197,210,220,255
101,114,197,209,220,255
101,115,197,208,219,255
101,116,196,206,217,255
101,117,198,206,215,255
101,118,199,208,217,255
101,119,197,207,217,255
101,120,195,206,216,255
101,121,195,208,217,255
101,122,194,206,216,255
101,123,193,206,215,255
101,124,193,206,215,255
101,125,191,206,215,255
101,126,193,208,217,255
101,127,192,207,217,255
101,128,190,206,217,255
101,129,190,205,217,255
101,130,190,205,217,255
101,131,190,205,216,255
101,132,191,205,215,255
101,133,190,203,214,255
101,134,190,203,214,255
101,135,190,203,214,255
101,136,189,203,213,255
101,137,180,195,207,255
101,138,180,195,207,255
101,139,149,168,184,255
101,140,145,158,170,255
101,141,145,158,170,255
101,142,128,146,160,255
101,143,125,144,159,255
102,0,169,167,171,255
102,1,169,167,171,255
102,2,170,168,172,255
102,3,170,168,172,255
102,4,170,168,172,255
102,5,169,168,171,255
102,6,169,168,171,255
102,7,169,168,171,255
102,8,170,168,170,255
102,9,170,167,170,255
102,10,170,167,170,255
102,11,169,167,169,255
102,12,170,168,170,255
102,13,169,168,171,255
102,14,169,168,171,255
102,15,167,170,172,255
102,16,152,174,171,255
102,17,130,169,163,255
102,18,125,162,156,255
102,19,106,143,139,255
102,20,106,143,139,255
102,21,75,106,96,255
102,22,38,64,50,255
102,23,42,64,46,255
102,24,38,64,46,255
102,25,53,79,56,255
102,26,46,81,61,255
102,27,53,81,66,255
102,28,64,91,73,255
102,29,59,88,64,255
102,30,56,83,56,255
102,31,56,83,56,255
102,32,53,75,61,255
102,33,46,71,50,255
102,34,42,69,50,255
102,35,46,69,50,255
102,36,46,73,50,255
102,37,53,79,56,255
102,38,50,77,56,255
102,39,50,79,56,255
102,40,46,73,56,255
102,41,42,66,50,255
102,42,46,73,53,255
102,43,53,85,59,255
102,44,56,86,59,255
102,45,46,79,53,255
102,46,38,73,46,255
102,47,46,77,56,255
102,48,50,75,61,255
102,49,46,69,56,255
102,50,38,64,50,255
102,51,42,66,53,255
102,52,42,69,50,255
102,53,34,64,46,255
102,54,34,56,38,255
102,55,34,64,38,255
102,56,53,93,66,255
102,57,85,132,106,255
102,58,96,145,118,255
102,59,46,73,53,255
102,60,38,64,46,255
102,61,53,75,64,255
102,62,46,71,69,255
102,63,42,64,71,255
102,64,42,64,77,255
102,65,50,66,91,255
102,66,42,56,83,255
102,67,42,56,81,255
102,68,42,56,83,255
102,69,38,56,81,255
102,70,42,56,83,255
102,71,42,61,90,255
102,72,42,61,91,255
102,73,42,64,95,255
102,74,46,66,96,255
102,75,46,64,95,255
102,76,46,64,95,255
102,77,42,64,93,255
102,78,42,61,91,255
102,79,79,119,143,255
102,80,118,172,180,255
102,81,119,164,178,255
102,82,163,184,198,255
102,83,199,210,221,255
102,84,203,213,222,255
102,85,203,213,222,255
102,86,203,213,222,255
102,87,203,213,222,255
102,88,202,213,222,255
102,89,202,214,222,255
102,90,202,213,221,255
102,91,204,214,223,255
102,92,202,213,222,255
102,93,202,212,222,255
102,94,202,212,222,255
102,95,200,212,221,255
102,96,200,210,219,255
102,97,199,209,219,255
102,98,199,210,219,255
102,99,199,211,220,255
102,100,200,210,219,255
102,101,200,210,219,255
102,102,199,210,220,255
102,103,199,209,219,255
102,104,199,209,219,255
102,105,198,209,219,255
102,106,200,210,219,255
102,107,200,209,218,255
102,108,198,209,218,255
102,109,200,210,219,255
102,110,201,211,220,255
102,111,197,210,219,255
102,112,196,208,219,255
102,113,196,208,219,255
102,114,197,209,219,255
102,115,199,209,219,255
102,116,196,207,218,255
102,117,197,207,216,255
102,118,199,208,217,255
102,119,195,206,217,255
102,120,194,207,217,255
102,121,196,208,218,255
102,122,195,208,218,255
102,123,192,206,217,255
102,124,192,206,217,255
102,125,190,206,215,255
102,126,192,207,216,255
102,127,192,206,217,255
102,128,191,207,217,255
102,129,189,206,216,255
102,130,189,206,216,255
102,131,190,205,215,255
102,132,192,205,215,255
102,133,190,205,214,255
102,134,190,205,214,255
102,135,190,205,214,255
102,136,191,203,214,255
102,137,180,196,208,255
102,138,180,196,208,255
102,139,149,169,186,255
102,140,144,157,170,255
102,141,144,157,170,255
102,142,125,144,159,255
102,143,125,144,159,255
103,0,170,168,171,255
103,1,170,168,171,255
103,2,170,167,171,255
103,3,170,167,171,255
103,4,170,168,171,255
103,5,170,169,172,255
103,6,170,169,172,255
103,7,170,168,171,255
103,8,169,168,170,255
103,9,169,168,170,255
103,10,169,167,169,255
103,11,170,167,168,255
103,12,170,167,169,255
103,13,170,168,170,255
103,14,170,168,170,255
103,15,168,170,171,255
103,16,163,171,171,255
103,17,153,169,167,255
103,18,148,166,163,255
103,19,133,161,158,255
103,20,133,161,158,255
103,21,101,134,129,255
103,22,64,96,86,255
103,23,50,81,61,255
103,24,34,61,42,255
103,25,46,71,50,255
103,26,46,73,53,255
103,27,46,71,53,255
103,28,53,79,61,255
103,29,59,85,64,255
103,30,53,81,56,255
103,31,53,81,56,255
103,32,56,81,61,255
103,33,53,75,59,255
103,34,46,73,53,255
103,35,50,71,50,255
103,36,46,69,50,255
103,37,50,75,56,255
103,38,53,81,59,255
103,39,53,85,59,255
103,40,53,81,56,255
103,41,42,66,50,255
103,42,46,71,53,255
103,43,53,81,61,255
103,44,56,85,59,255
103,45,50,79,53,255
103,46,38,71,46,255
103,47,46,79,50,255
103,48,53,77,61,255
103,49,50,73,61,255
103,50,50,71,61,255
103,51,42,69,53,255
103,52,50,75,59,255
103,53,61,88,71,255
103,54,38,69,46,255
103,55,34,66,42,255
103,56,56,98,71,255
103,57,88,136,108,255
103,58,96,143,115,255
103,59,46,71,53,255
103,60,38,66,50,255
103,61,61,83,69,255
103,62,50,77,71,255
103,63,38,66,69,255
103,64,46,66,83,255
103,65,46,64,90,255
103,66,42,56,85,255
103,67,42,56,83,255
103,68,42,56,83,255
103,69,38,53,81,255
103,70,38,53,83,255
103,71,42,59,88,255
103,72,38,59,88,255
103,73,42,59,90,255
103,74,46,64,93,255
103,75,46,64,93,255
103,76,46,64,93,255
103,77,46,66,93,255
103,78,46,64,91,255
103,79,75,115,139,255
103,80,118,173,180,255
103,81,125,171,184,255
103,82,155,178,193,255
103,83,198,210,220,255
103,84,203,213,222,255
103,85,203,213,222,255
103,86,203,214,222,255
103,87,203,213,222,255
103,88,202,214,223,255
103,89,202,214,222,255
103,90,202,211,221,255
103,91,202,213,223,255
103,92,202,214,223,255
103,93,201,212,222,255
103,94,200,212,222,255
103,95,200,212,221,255
103,96,200,210,219,255
103,97,201,209,219,255
103,98,200,211,220,255
103,99,199,210,220,255
103,100,199,210,220,255
103,101,199,210,219,255
103,102,200,211,220,255
103,103,200,210,220,255
103,104,199,209,219,255
103,105,200,210,219,255
103,106,200,210,219,255
103,107,200,210,218,255
103,108,200,209,218,255
103,109,198,210,219,255
103,110,200,210,220,255
103,111,196,209,218,255
103,112,197,209,218,255
103,113,197,209,218,255
103,114,197,209,219,255
103,115,197,208,219,255
103,116,196,206,218,255
103,117,197,207,217,255
103,118,199,208,217,255
103,119,196,207,217,255
103,120,195,206,217,255
103,121,197,206,218,255
103,122,195,206,218,255
103,123,194,208,217,255
103,124,194,208,217,255
103,125,195,208,217,255
103,126,194,208,217,255
103,127,194,208,218,255
103,128,194,208,218,255
103,129,191,206,217,255
103,130,191,206,217,255
103,131,190,206,216,255
103,132,192,206,216,255
103,133,193,206,215,255
103,134,190,205,214,255
103,135,190,205,214,255
103,136,192,203,214,255
103,137,189,200,210,255
103,138,189,200,210,255
103,139,151,172,189,255
103,140,145,158,170,255
103,141,145,158,170,255
103,142,124,143,159,255
103,143,124,143,159,255
104,0,170,167,170,255
104,1,170,167,170,255
104,2,170,168,171,255
104,3,170,168,171,255
104,4,170,168,172,255
104,5,170,168,172,255
104,6,170,168,172,255
104,7,170,169,172,255
104,8,170,167,170,255
104,9,170,167,170,255
104,10,170,167,170,255
104,11,170,167,168,255
104,12,170,167,168,255
104,13,170,168,170,255
104,14,170,168,170,255
104,15,170,168,171,255
104,16,169,168,170,255
104,17,169,168,170,255
104,18,165,170,171,255
104,19,158,170,170,255
104,20,158,170,170,255
104,21,137,159,157,255
104,22,95,127,128,255
104,23,75,113,99,255
104,24,56,81,69,255
104,25,34,61,46,255
104,26,38,64,50,255
104,27,38,64,50,255
104,28,46,71,56,255
104,29,56,85,69,255
104,30,50,77,59,255
104,31,50,77,59,255
104,32,56,83,69,255
104,33,61,86,69,255
104,34,59,86,64,255
104,35,50,73,53,255
104,36,38,66,46,255
104,37,50,75,59,255
104,38,56,85,64,255
104,39,56,91,66,255
104,40,56,90,64,255
104,41,46,69,50,255
104,42,50,69,50,255
104,43,50,73,56,255
104,44,50,75,53,255
104,45,46,75,50,255
104,46,38,71,46,255
104,47,46,77,53,255
104,48,50,79,56,255
104,49,56,81,69,255
104,50,59,85,71,255
104,51,56,85,71,255
104,52,46,77,56,255
104,53,64,91,73,255
104,54,46,79,56,255
104,55,34,59,38,255
104,56,56,90,61,255
104,57,79,125,96,255
104,58,86,129,102,255
104,59,53,85,64,255
104,60,42,75,53,255
104,61,64,91,75,255
104,62,61,90,81,255
104,63,38,69,69,255
104,64,46,64,86,255
104,65,46,61,90,255
104,66,42,56,85,255
104,67,38,53,81,255
104,68,38,53,81,255
104,69,38,53,79,255
104,70,34,50,77,255
104,71,38,50,79,255
104,72,38,53,81,255
104,73,38,50,79,255
104,74,38,53,83,255
104,75,42,56,85,255
104,76,42,56,86,255
104,77,42,61,88,255
104,78,42,56,85,255
104,79,73,112,130,255
104,80,118,173,180,255
104,81,129,176,189,255
104,82,150,175,190,255
104,83,194,207,218,255
104,84,203,213,222,255
104,85,203,213,223,255
104,86,203,214,222,255
104,87,202,213,222,255
104,88,202,213,223,255
104,89,202,213,222,255
104,90,202,212,222,255
104,91,202,213,223,255
104,92,205,215,224,255
104,93,202,213,222,255
104,94,200,211,221,255
104,95,200,212,221,255
104,96,201,210,220,255
104,97,201,210,219,255
104,98,199,210,220,255
104,99,199,211,220,255
104,100,199,211,221,255
104,101,200,210,220,255
104,102,200,210,220,255
104,103,200,211,220,255
104,104,199,210,219,255
104,105,199,209,219,255
104,106,200,209,219,255
104,107,200,209,219,255
104,108,200,210,219,255
104,109,199,210,219,255
104,110,197,210,219,255
104,111,198,208,218,255
104,112,199,209,218,255
104,113,199,209,218,255
104,114,198,210,219,255
104,115,196,208,219,255
104,116,196,207,218,255
104,117,199,208,217,255
104,118,197,207,216,255
104,119,196,206,217,255
104,120,194,206,217,255
104,121,196,207,218,255
104,122,194,206,218,255
104,123,195,207,217,255
104,124,195,207,217,255
104,125,195,208,217,255
104,126,192,207,216,255
104,127,196,208,218,255
104,128,197,208,218,255
104,129,194,208,218,255
104,130,194,208,218,255
104,131,192,206,217,255
104,132,193,206,216,255
104,133,191,205,214,255
104,134,192,205,215,255
104,135,192,205,215,255
104,136,192,203,214,255
104,137,188,200,210,255
104,138,188,200,210,255
104,139,154,174,190,255
104,140,144,158,172,255
104,141,144,158,172,255
104,142,124,143,159,255
104,143,124,143,159,255
105,0,170,167,170,255
105,1,170,167,170,255
105,2,170,167,170,255
105,3,170,167,170,255
105,4,170,168,172,255
105,5,170,169,172,255
105,6,170,169,172,255
105,7,170,169,172,255
105,8,171,168,171,255
105,9,171,168,171,255
105,10,170,167,170,255
105,11,170,167,169,255
105,12,170,167,168,255
105,13,170,167,169,255
105,14,170,167,169,255
105,15,170,169,171,255
105,16,170,168,170,255
105,17,170,168,170,255
105,18,169,168,170,255
105,19,170,170,172,255
105,20,170,170,172,255
105,21,161,170,170,255
105,22,148,164,160,255
105,23,132,151,144,255
105,24,104,129,118,255
105,25,69,102,90,255
105,26,66,91,85,255
105,27,69,93,83,255
105,28,53,81,71,255
105,29,61,88,73,255
105,30,61,88,73,255
105,31,53,85,66,255
105,32,59,86,71,255
105,33,50,75,66,255
105,34,46,73,59,255
105,35,42,69,56,255
105,36,42,69,53,255
105,37,46,81,61,255
105,38,61,96,73,255
105,39,59,98,71,255
105,40,56,90,66,255
105,41,46,69,53,255
105,42,38,61,46,255
105,43,46,71,53,255
105,44,53,75,56,255
105,45,50,73,53,255
105,46,42,69,50,255
105,47,46,73,50,255
105,48,50,79,59,255
105,49,59,91,73,255
105,50,61,95,81,255
105,51,75,110,96,255
105,52,50,81,56,255
105,53,50,83,61,255
105,54,56,90,69,255
105,55,34,56,38,255
105,56,42,75,50,255
105,57,64,104,73,255
105,58,53,91,66,255
105,59,69,105,81,255
105,60,56,88,66,255
105,61,66,98,79,255
105,62,61,88,77,255
105,63,42,71,69,255
105,64,46,66,91,255
105,65,46,61,91,255
105,66,42,59,88,255
105,67,38,56,83,255
105,68,38,53,81,255
105,69,34,50,79,255
105,70,34,50,77,255
105,71,34,46,75,255
105,72,34,42,73,255
105,73,34,46,73,255
105,74,34,46,73,255
105,75,34,46,73,255
105,76,38,50,75,255
105,77,38,53,79,255
105,78,38,46,75,255
105,79,69,108,119,255
105,80,118,172,178,255
105,81,131,179,191,255
105,82,149,175,190,255
105,83,190,204,217,255
105,84,203,213,222,255
105,85,203,213,223,255
105,86,203,214,222,255
105,87,203,214,222,255
105,88,202,213,222,255
105,89,202,213,222,255
105,90,202,212,222,255
105,91,203,214,223,255
105,92,205,215,224,255
105,93,202,213,222,255
105,94,200,212,222,255
105,95,200,213,222,255
105,96,201,211,220,255
105,97,201,211,220,255
105,98,200,211,220,255
105,99,200,211,221,255
105,100,199,212,221,255
105,101,200,210,220,255
105,102,201,211,220,255
105,103,200,211,221,255
105,104,199,210,220,255
105,105,200,209,219,255
105,106,200,209,219,255
105,107,201,210,219,255
105,108,200,210,220,255
105,109,200,211,220,255
105,110,197,209,219,255
105,111,197,208,217,255
105,112,198,208,218,255
105,113,196,208,217,255
105,114,196,208,217,255
105,115,195,208,218,255
105,116,196,208,218,255
105,117,200,208,217,255
105,118,199,208,218,255
105,119,196,206,217,255
105,120,196,206,217,255
105,121,197,207,217,255
105,122,197,208,218,255
105,123,195,208,218,255
105,124,195,208,218,255
105,125,192,207,217,255
105,126,192,206,216,255
105,127,196,208,217,255
105,128,199,209,218,255
105,129,196,208,218,255
105,130,196,208,218,255
105,131,193,207,217,255
105,132,192,206,215,255
105,133,190,205,214,255
105,134,191,204,214,255
105,135,191,204,214,255
105,136,191,203,214,255
105,137,191,202,212,255
105,138,191,202,212,255
105,139,160,180,195,255
105,140,145,160,175,255
105,141,145,160,175,255
105,142,118,140,157,255
105,143,118,140,157,255
106,0,170,167,170,255
106,1,170,167,170,255
106,2,170,168,171,255
106,3,170,168,171,255
106,4,170,169,172,255
106,5,170,169,173,255
106,6,170,169,173,255
106,7,171,169,173,255
106,8,170,168,170,255
106,9,170,168,170,255
106,10,171,168,170,255
106,11,171,168,170,255
106,12,171,167,169,255
106,13,170,167,169,255
106,14,170,167,169,255
106,15,170,169,171,255
106,16,170,169,171,255
106,17,170,169,171,255
106,18,171,169,171,255
106,19,171,169,171,255
106,20,171,169,171,255
106,21,170,170,171,255
106,22,167,170,171,255
106,23,168,170,167,255
106,24,147,164,155,255
106,25,128,151,141,255
106,26,127,143,137,255
106,27,130,144,134,255
106,28,77,113,104,255
106,29,79,113,104,255
106,30,79,113,104,255
106,31,75,118,95,255
106,32,73,108,90,255
106,33,73,105,88,255
106,34,50,79,66,255
106,35,53,79,66,255
106,36,50,83,69,255
106,37,69,104,88,255
106,38,73,118,96,255
106,39,69,99,77,255
106,40,46,75,59,255
106,41,46,64,53,255
106,42,34,56,38,255
106,43,38,71,50,255
106,44,53,79,61,255
106,45,53,75,59,255
106,46,46,71,56,255
106,47,53,73,56,255
106,48,53,79,61,255
106,49,59,91,77,255
106,50,86,125,110,255
106,51,98,135,120,255
106,52,59,90,66,255
106,53,38,73,50,255
106,54,61,91,69,255
106,55,38,64,42,255
106,56,42,71,46,255
106,57,53,86,61,255
106,58,56,96,73,255
106,59,66,104,79,255
106,60,66,101,79,255
106,61,64,93,69,255
106,62,50,73,61,255
106,63,50,75,73,255
106,64,50,71,96,255
106,65,46,64,93,255
106,66,42,61,90,255
106,67,42,59,88,255
106,68,42,56,86,255
106,69,34,53,83,255
106,70,34,50,79,255
106,71,28,42,73,255
106,72,28,38,69,255
106,73,34,42,71,255
106,74,34,42,71,255
106,75,34,42,71,255
106,76,34,42,71,255
106,77,34,46,71,255
106,78,28,38,69,255
106,79,61,96,108,255
106,80,114,169,175,255
106,81,126,176,189,255
106,82,140,169,185,255
106,83,184,199,211,255
106,84,202,211,221,255
106,85,203,213,223,255
106,86,203,213,222,255
106,87,203,213,222,255
106,88,202,213,222,255
106,89,202,214,222,255
106,90,202,213,222,255
106,91,202,213,222,255
106,92,203,214,223,255
106,93,202,212,222,255
106,94,202,213,222,255
106,95,202,212,221,255
106,96,201,211,220,255
106,97,201,211,220,255
106,98,200,211,221,255
106,99,199,211,220,255
106,100,200,212,221,255
106,101,199,211,220,255
106,102,201,211,220,255
106,103,200,211,220,255
106,104,199,209,219,255
106,105,199,209,218,255
106,106,200,210,219,255
106,107,201,210,219,255
106,108,201,211,220,255
106,109,200,211,221,255
106,110,197,209,220,255
106,111,199,208,218,255
106,112,198,208,217,255
106,113,196,208,217,255
106,114,196,208,217,255
106,115,196,207,218,255
106,116,197,208,218,255
106,117,200,209,218,255
106,118,199,208,217,255
106,119,197,207,217,255
106,120,197,207,217,255
106,121,197,207,217,255
106,122,196,207,218,255
106,123,196,208,218,255
106,124,195,208,218,255
106,125,195,208,218,255
106,126,195,209,218,255
106,127,194,208,217,255
106,128,196,208,217,255
106,129,194,208,217,255
106,130,194,208,217,255
106,131,194,208,217,255
106,132,194,206,216,255
106,133,192,205,215,255
106,134,191,205,215,255
106,135,191,205,215,255
106,136,191,203,214,255
106,137,190,202,213,255
106,138,190,202,213,255
106,139,162,181,197,255
106,140,144,160,175,255
106,141,144,160,175,255
106,142,115,139,157,255
106,143,115,139,157,255
107,0,170,169,172,255
107,1,170,168,171,255
107,2,170,170,172,255
107,3,170,170,172,255
107,4,170,169,173,255
107,5,171,170,173,255
107,6,171,170,173,255
107,7,170,170,173,255
107,8,171,169,171,255
107,9,171,169,171,255
107,10,171,169,170,255
107,11,171,168,170,255
107,12,171,167,169,255
107,13,171,167,169,255
107,14,171,168,169,255
107,15,172,169,171,255
107,16,170,169,171,255
107,17,170,169,171,255
107,18,171,169,171,255
107,19,171,169,171,255
107,20,170,168,170,255
107,21,171,169,170,255
107,22,170,169,170,255
107,23,171,170,170,255
107,24,170,170,169,255
107,25,166,169,167,255
107,26,166,167,166,255
107,27,160,170,163,255
107,28,139,158,151,255
107,29,127,160,147,255
107,30,127,160,147,255
107,31,118,158,140,255
107,32,118,154,137,255
107,33,115,144,129,255
107,34,102,122,110,255
107,35,95,118,106,255
107,36,95,125,109,255
107,37,95,138,120,255
107,38,105,145,127,255
107,39,88,124,106,255
107,40,46,81,59,255
107,41,46,71,56,255
107,42,42,69,56,255
107,43,46,77,61,255
107,44,56,88,69,255
107,45,56,85,64,255
107,46,46,71,53,255
107,47,50,73,59,255
107,48,46,75,61,255
107,49,59,101,83,255
107,50,96,139,121,255
107,51,104,144,126,255
107,52,50,83,59,255
107,53,46,79,56,255
107,54,71,105,81,255
107,55,46,75,53,255
107,56,46,71,50,255
107,57,53,81,59,255
107,58,59,91,71,255
107,59,59,96,73,255
107,60,66,102,81,255
107,61,56,86,69,255
107,62,38,69,50,255
107,63,53,81,75,255
107,64,56,79,102,255
107,65,46,64,93,255
107,66,42,61,91,255
107,67,46,61,91,255
107,68,42,61,90,255
107,69,42,59,88,255
107,70,38,53,85,255
107,71,34,50,79,255
107,72,34,46,77,255
107,73,34,46,75,255
107,74,34,50,79,255
107,75,34,46,77,255
107,76,34,46,73,255
107,77,28,46,71,255
107,78,34,46,73,255
107,79,34,64,77,255
107,80,113,167,174,255
107,81,124,176,189,255
107,82,138,170,186,255
107,83,184,199,211,255
107,84,202,212,221,255
107,85,203,214,223,255
107,86,203,213,222,255
107,87,203,213,222,255
107,88,202,213,222,255
107,89,202,213,221,255
107,90,202,213,221,255
107,91,202,211,221,255
107,92,203,213,222,255
107,93,202,212,222,255
107,94,202,212,221,255
107,95,202,213,221,255
107,96,202,211,220,255
107,97,202,211,220,255
107,98,200,211,221,255
107,99,199,210,220,255
107,100,200,211,221,255
107,101,200,211,221,255
107,102,199,210,220,255
107,103,200,211,221,255
107,104,200,211,220,255
107,105,199,209,219,255
107,106,199,209,219,255
107,107,201,209,218,255
107,108,200,210,220,255
107,109,199,210,219,255
107,110,197,209,219,255
107,111,198,208,218,255
107,112,197,207,217,255
107,113,197,208,218,255
107,114,197,208,218,255
107,115,196,207,218,255
107,116,197,208,218,255
107,117,200,209,218,255
107,118,200,209,218,255
107,119,197,208,217,255
107,120,199,208,217,255
107,121,197,207,216,255
107,122,195,207,217,255
107,123,196,208,218,255
107,124,195,208,218,255
107,125,195,208,218,255
107,126,194,207,217,255
107,127,192,206,216,255
107,128,194,208,217,255
107,129,196,208,218,255
107,130,197,209,218,255
107,131,197,209,218,255
107,132,195,208,217,255
107,133,192,206,216,255
107,134,190,205,215,255
107,135,190,205,215,255
107,136,192,203,214,255
107,137,191,202,213,255
107,138,191,202,213,255
107,139,170,188,202,255
107,140,146,163,179,255
107,141,146,163,179,255
107,142,113,137,155,255
107,143,71,108,127,255
108,0,171,169,173,255
108,1,171,169,173,255
108,2,172,170,173,255
108,3,172,170,173,255
108,4,172,170,173,255
108,5,170,170,173,255
108,6,170,170,173,255
108,7,171,170,173,255
108,8,170,169,172,255
108,9,170,169,172,255
108,10,171,169,171,255
108,11,171,168,170,255
108,12,172,169,170,255
108,13,172,169,170,255
108,14,171,168,170,255
108,15,172,168,170,255
108,16,170,169,171,255
108,17,171,170,172,255
108,18,171,169,171,255
108,19,171,169,171,255
108,20,170,169,171,255
108,21,171,169,170,255
108,22,171,169,170,255
108,23,172,169,170,255
108,24,173,168,168,255
108,25,171,167,167,255
108,26,173,168,167,255
108,27,170,169,167,255
108,28,168,172,168,255
108,29,155,175,168,255
108,30,155,175,168,255
108,31,154,178,167,255
108,32,153,177,165,255
108,33,154,170,161,255
108,34,152,160,153,255
108,35,141,152,145,255
108,36,137,160,147,255
108,37,132,163,148,255
108,38,137,163,151,255
108,39,121,143,131,255
108,40,61,96,79,255
108,41,53,86,66,255
108,42,66,90,77,255
108,43,90,108,96,255
108,44,73,105,88,255
108,45,64,96,75,255
108,46,46,79,53,255
108,47,50,77,56,255
108,48,53,83,69,255
108,49,66,106,90,255
108,50,99,145,126,255
108,51,104,146,127,255
108,52,50,77,59,255
108,53,53,81,61,255
108,54,66,98,73,255
108,55,53,86,64,255
108,56,50,73,53,255
108,57,53,79,61,255
108,58,56,83,69,255
108,59,53,86,69,255
108,60,59,95,75,255
108,61,46,73,61,255
108,62,42,69,50,255
108,63,53,79,77,255
108,64,64,83,106,255
108,65,56,73,99,255
108,66,53,69,96,255
108,67,53,69,96,255
108,68,53,71,98,255
108,69,53,69,96,255
108,70,46,66,95,255
108,71,42,61,91,255
108,72,38,56,86,255
108,73,38,53,85,255
108,74,38,53,85,255
108,75,34,53,81,255
108,76,34,50,79,255
108,77,34,50,79,255
108,78,34,50,79,255
108,79,34,64,77,255
108,80,110,164,173,255
108,81,121,176,189,255
108,82,137,170,187,255
108,83,183,199,213,255
108,84,201,212,221,255
108,85,203,214,223,255
108,86,203,213,222,255
108,87,202,213,222,255
108,88,202,214,223,255
108,89,202,213,222,255
108,90,202,213,221,255
108,91,202,212,221,255
108,92,202,212,222,255
108,93,202,213,222,255
108,94,202,212,221,255
108,95,200,213,221,255
108,96,202,212,220,255
108,97,203,211,220,255
108,98,200,211,220,255
108,99,200,211,220,255
108,100,200,211,221,255
108,101,201,211,221,255
108,102,199,211,220,255
108,103,201,211,220,255
108,104,199,211,220,255
108,105,197,210,219,255
108,106,199,210,218,255
108,107,202,210,219,255
108,108,199,210,220,255
108,109,199,211,220,255
108,110,197,210,220,255
108,111,198,209,219,255
108,112,196,207,218,255
108,113,196,207,218,255
108,114,196,207,218,255
108,115,197,208,218,255
108,116,196,209,219,255
108,117,200,210,218,255
108,118,199,208,217,255
108,119,200,208,218,255
108,120,199,208,217,255
108,121,197,207,217,255
108,122,197,208,218,255
108,123,195,207,218,255
108,124,194,206,217,255
108,125,194,206,217,255
108,126,192,205,216,255
108,127,192,207,216,255
108,128,194,207,217,255
108,129,197,209,218,255
108,130,197,210,219,255
108,131,197,210,219,255
108,132,194,208,217,255
108,133,192,206,215,255
108,134,193,205,215,255
108,135,193,205,215,255
108,136,191,203,213,255
108,137,191,202,213,255
108,138,191,202,213,255
108,139,178,194,207,255
108,140,145,164,182,255
108,141,145,164,182,255
108,142,110,134,152,255
108,143,71,106,124,255
109,0,171,170,173,255
109,1,171,169,172,255
109,2,171,170,173,255
109,3,171,170,173,255
109,4,171,170,173,255
109,5,172,170,173,255
109,6,172,170,173,255
109,7,170,170,173,255
109,8,170,170,173,255
109,9,170,170,173,255
109,10,171,170,172,255
109,11,171,169,171,255
109,12,171,169,170,255
109,13,171,169,170,255
109,14,171,168,170,255
109,15,171,168,170,255
109,16,170,170,171,255
109,17,170,169,171,255
109,18,170,169,171,255
109,19,170,169,171,255
109,20,171,170,171,255
109,21,171,170,171,255
109,22,173,170,170,255
109,23,173,170,170,255
109,24,173,169,169,255
109,25,173,168,168,255
109,26,173,169,168,255
109,27,173,169,167,255
109,28,173,170,168,255
109,29,170,174,170,255
109,30,170,174,170,255
109,31,169,177,173,255
109,32,171,175,173,255
109,33,170,174,170,255
109,34,174,171,170,255
109,35,173,169,165,255
109,36,167,173,165,255
109,37,164,175,167,255
109,38,161,175,167,255
109,39,154,164,155,255
109,40,106,137,124,255
109,41,75,119,98,255
109,42,79,106,95,255
109,43,128,139,130,255
109,44,119,135,125,255
109,45,91,119,101,255
109,46,53,93,69,255
109,47,53,86,61,255
109,48,64,93,73,255
109,49,71,109,93,255
109,50,96,143,126,255
109,51,108,152,133,255
109,52,69,104,90,255
109,53,53,88,66,255
109,54,66,102,81,255
109,55,56,93,69,255
109,56,50,77,56,255
109,57,53,77,61,255
109,58,61,86,73,255
109,59,61,90,75,255
109,60,61,99,79,255
109,61,50,77,61,255
109,62,42,73,53,255
109,63,53,83,75,255
109,64,66,83,105,255
109,65,59,73,98,255
109,66,59,73,96,255
109,67,56,71,96,255
109,68,59,75,99,255
109,69,56,73,99,255
109,70,53,71,98,255
109,71,53,69,98,255
109,72,46,64,93,255
109,73,42,61,90,255
109,74,38,56,86,255
109,75,38,56,85,255
109,76,38,53,83,255
109,77,34,53,81,255
109,78,34,53,81,255
109,79,34,61,79,255
109,80,105,160,169,255
109,81,128,180,194,255
109,82,136,170,188,255
109,83,179,197,211,255
109,84,201,212,223,255
109,85,203,214,223,255
109,86,203,213,223,255
109,87,203,214,223,255
109,88,203,213,223,255
109,89,203,213,221,255
109,90,202,213,221,255
109,91,202,213,222,255
109,92,202,213,222,255
109,93,206,216,224,255
109,94,202,213,222,255
109,95,200,212,221,255
109,96,202,212,221,255
109,97,203,212,221,255
109,98,202,211,221,255
109,99,200,211,220,255
109,100,200,211,221,255
109,101,200,211,220,255
109,102,199,210,219,255
109,103,199,210,220,255
109,104,199,210,219,255
109,105,199,209,219,255
109,106,199,209,218,255
109,107,202,211,220,255
109,108,199,210,220,255
109,109,199,211,220,255
109,110,197,210,220,255
109,111,197,211,220,255
109,112,197,208,218,255
109,113,197,206,216,255
109,114,197,206,216,255
109,115,198,208,218,255
109,116,198,210,218,255
109,117,198,209,218,255
109,118,199,207,217,255
109,119,197,208,217,255
109,120,199,207,217,255
109,121,196,208,218,255
109,122,196,208,219,255
109,123,195,207,218,255
109,124,194,206,217,255
109,125,194,206,217,255
109,126,194,205,215,255
109,127,195,207,217,255
109,128,194,207,216,255
109,129,194,208,217,255
109,130,194,208,217,255
109,131,194,208,217,255
109,132,192,206,216,255
109,133,191,205,214,255
109,134,191,205,214,255
109,135,191,205,214,255
109,136,190,204,213,255
109,137,192,203,213,255
109,138,192,203,213,255
109,139,183,197,209,255
109,140,146,167,184,255
109,141,146,167,184,255
109,142,109,135,154,255
109,143,69,105,126,255
110,0,171,170,173,255
110,1,171,170,173,255
110,2,172,170,173,255
110,3,172,170,173,255
110,4,172,170,174,255
110,5,172,170,173,255
110,6,172,170,173,255
110,7,172,170,173,255
110,8,171,170,173,255
110,9,171,170,173,255
110,10,171,170,172,255
110,11,171,169,171,255
110,12,171,169,171,255
110,13,171,169,171,255
110,14,171,169,171,255
110,15,172,169,170,255
110,16,172,169,171,255
110,17,171,170,172,255
110,18,170,169,171,255
110,19,170,169,171,255
110,20,171,169,171,255
110,21,172,170,172,255
110,22,173,170,171,255
110,23,173,170,170,255
110,24,173,170,170,255
110,25,173,169,168,255
110,26,173,169,168,255
110,27,173,169,167,255
110,28,173,169,167,255
110,29,173,170,169,255
110,30,173,170,169,255
110,31,174,170,170,255
110,32,174,172,170,255
110,33,174,172,171,255
110,34,174,172,170,255
110,35,174,170,169,255
110,36,174,170,167,255
110,37,175,171,168,255
110,38,173,175,170,255
110,39,165,174,168,255
110,40,146,170,161,255
110,41,118,157,141,255
110,42,114,141,131,255
110,43,154,160,155,255
110,44,160,163,158,255
110,45,137,150,140,255
110,46,99,125,110,255
110,47,71,101,81,255
110,48,64,96,73,255
110,49,66,106,90,255
110,50,90,134,122,255
110,51,110,156,140,255
110,52,96,140,124,255
110,53,77,118,98,255
110,54,83,126,105,255
110,55,71,104,81,255
110,56,59,90,71,255
110,57,53,83,69,255
110,58,69,98,81,255
110,59,66,105,88,255
110,60,79,118,93,255
110,61,61,96,73,255
110,62,46,81,59,255
110,63,61,91,81,255
110,64,69,86,104,255
110,65,61,75,99,255
110,66,59,73,96,255
110,67,59,73,96,255
110,68,59,73,99,255
110,69,56,71,99,255
110,70,56,71,99,255
110,71,53,69,98,255
110,72,46,64,93,255
110,73,42,61,91,255
110,74,42,59,88,255
110,75,42,56,86,255
110,76,38,53,85,255
110,77,38,53,83,255
110,78,38,53,83,255
110,79,34,61,83,255
110,80,104,159,168,255
110,81,130,182,196,255
110,82,133,170,187,255
110,83,175,194,209,255
110,84,200,213,224,255
110,85,203,214,223,255
110,86,203,213,222,255
110,87,203,214,222,255
110,88,202,214,223,255
110,89,203,213,221,255
110,90,202,213,221,255
110,91,202,212,222,255
110,92,205,214,223,255
110,93,206,215,224,255
110,94,202,213,222,255
110,95,200,213,222,255
110,96,202,213,222,255
110,97,202,212,221,255
110,98,201,211,221,255
110,99,201,211,221,255
110,100,200,211,221,255
110,101,200,211,221,255
110,102,200,211,220,255
110,103,199,211,220,255
110,104,201,211,219,255
110,105,200,209,218,255
110,106,199,209,217,255
110,107,202,210,219,255
110,108,200,210,220,255
110,109,198,211,220,255
110,110,197,211,220,255
110,111,197,211,220,255
110,112,197,209,218,255
110,113,196,206,216,255
110,114,196,206,216,255
110,115,198,208,217,255
110,116,198,210,219,255
110,117,196,209,218,255
110,118,196,206,216,255
110,119,194,206,217,255
110,120,197,208,218,255
110,121,195,208,219,255
110,122,196,206,218,255
110,123,195,206,217,255
110,124,194,205,216,255
110,125,194,205,216,255
110,126,195,206,217,255
110,127,195,207,217,255
110,128,192,207,216,255
110,129,193,207,216,255
110,130,192,207,217,255
110,131,192,207,217,255
110,132,191,206,215,255
110,133,192,205,214,255
110,134,192,206,215,255
110,135,192,206,215,255
110,136,192,206,214,255
110,137,192,204,214,255
110,138,192,204,214,255
110,139,186,199,211,255
110,140,148,169,187,255
110,141,148,169,187,255
110,142,112,137,155,255
110,143,71,109,128,255
111,0,171,171,174,255
111,1,172,170,173,255
111,2,171,170,173,255
111,3,171,170,173,255
111,4,172,170,174,255
111,5,172,170,173,255
111,6,172,170,173,255
111,7,173,170,173,255
111,8,171,170,173,255
111,9,171,170,173,255
111,10,171,170,173,255
111,11,172,170,173,255
111,12,172,170,172,255
111,13,172,170,172,255
111,14,172,170,171,255
111,15,172,169,170,255
111,16,172,169,170,255
111,17,171,170,173,255
111,18,171,170,172,255
111,19,171,170,172,255
111,20,171,170,172,255
111,21,172,170,172,255
111,22,173,170,171,255
111,23,173,170,170,255
111,24,173,170,170,255
111,25,173,169,169,255
111,26,173,169,169,255
111,27,173,170,168,255
111,28,173,169,167,255
111,29,174,170,169,255
111,30,174,170,169,255
111,31,174,170,170,255
111,32,174,171,170,255
111,33,173,171,170,255
111,34,174,170,170,255
111,35,175,170,169,255
111,36,174,170,167,255
111,37,175,170,167,255
111,38,176,172,170,255
111,39,172,173,170,255
111,40,172,177,171,255
111,41,155,179,169,255
111,42,157,175,166,255
111,43,172,171,168,255
111,44,173,174,170,255
111,45,168,171,167,255
111,46,151,163,155,255
111,47,101,136,127,255
111,48,86,112,96,255
111,49,73,106,88,255
111,50,88,128,118,255
111,51,113,160,148,255
111,52,118,166,152,255
111,53,110,152,135,255
111,54,81,126,106,255
111,55,71,104,86,255
111,56,71,106,88,255
111,57,71,105,93,255
111,58,85,124,109,255
111,59,98,138,120,255
111,60,71,115,90,255
111,61,69,104,83,255
111,62,69,101,79,255
111,63,75,108,98,255
111,64,61,88,102,255
111,65,59,73,98,255
111,66,56,71,96,255
111,67,59,73,98,255
111,68,59,75,101,255
111,69,56,71,99,255
111,70,50,69,98,255
111,71,50,66,96,255
111,72,46,64,95,255
111,73,42,61,95,255
111,74,42,61,91,255
111,75,38,56,88,255
111,76,38,53,83,255
111,77,38,53,83,255
111,78,34,53,83,255
111,79,38,64,85,255
111,80,102,156,166,255
111,81,129,182,196,255
111,82,122,165,183,255
111,83,167,187,202,255
111,84,199,212,222,255
111,85,203,214,223,255
111,86,203,213,222,255
111,87,204,214,223,255
111,88,202,213,222,255
111,89,203,213,221,255
111,90,202,213,221,255
111,91,202,212,222,255
111,92,203,213,222,255
111,93,206,215,224,255
111,94,202,213,222,255
111,95,200,213,221,255
111,96,202,212,222,255
111,97,202,212,222,255
111,98,201,211,221,255
111,99,200,211,222,255
111,100,200,212,222,255
111,101,200,212,221,255
111,102,199,211,220,255
111,103,201,211,220,255
111,104,202,211,220,255
111,105,200,210,218,255
111,106,200,210,218,255
111,107,200,210,218,255
111,108,199,210,220,255
111,109,199,211,221,255
111,110,197,210,220,255
111,111,197,210,218,255
111,112,197,208,217,255
111,113,197,207,216,255
111,114,197,207,216,255
111,115,197,207,217,255
111,116,196,209,217,255
111,117,196,209,218,255
111,118,197,208,218,255
111,119,194,206,217,255
111,120,194,206,217,255
111,121,194,206,217,255
111,122,194,205,216,255
111,123,194,205,215,255
111,124,195,206,216,255
111,125,195,206,216,255
111,126,195,206,217,255
111,127,193,205,216,255
111,128,194,206,216,255
111,129,193,206,216,255
111,130,193,206,216,255
111,131,193,206,216,255
111,132,194,206,215,255
111,133,192,205,213,255
111,134,193,205,214,255
111,135,193,205,214,255
111,136,192,205,214,255
111,137,192,203,214,255
111,138,192,203,214,255
111,139,187,200,212,255
111,140,150,171,190,255
111,141,150,171,190,255
111,142,112,139,157,255
111,143,73,108,129,255
112,0,171,170,174,255
112,1,172,170,174,255
112,2,172,171,174,255
112,3,172,171,174,255
112,4,172,170,174,255
112,5,173,171,174,255
112,6,173,171,174,255
112,7,172,170,173,255
112,8,171,170,172,255
112,9,171,170,172,255
112,10,171,170,172,255
112,11,171,170,172,255
112,12,172,170,172,255
112,13,172,170,172,255
112,14,172,170,172,255
112,15,173,170,171,255
112,16,173,169,170,255
112,17,173,170,173,255
112,18,171,170,172,255
112,19,171,170,172,255
112,20,171,170,172,255
112,21,172,170,172,255
112,22,173,170,171,255
112,23,173,170,171,255
112,24,173,170,170,255
112,25,173,170,170,255
112,26,173,170,170,255
112,27,174,170,169,255
112,28,174,170,169,255
112,29,174,170,170,255
112,30,174,170,170,255
112,31,174,170,170,255
112,32,174,170,170,255
112,33,174,171,170,255
112,34,174,171,170,255
112,35,174,171,170,255
112,36,175,170,167,255
112,37,175,170,167,255
112,38,176,171,168,255
112,39,176,172,170,255
112,40,175,173,171,255
112,41,172,181,175,255
112,42,160,187,173,255
112,43,170,178,170,255
112,44,172,170,168,255
112,45,173,172,170,255
112,46,168,173,169,255
112,47,140,164,160,255
112,48,126,142,130,255
112,49,73,101,88,255
112,50,81,118,110,255
112,51,105,151,141,255
112,52,119,165,153,255
112,53,121,162,148,255
112,54,61,108,99,255
112,55,59,91,88,255
112,56,83,124,110,255
112,57,93,134,124,255
112,58,101,145,130,255
112,59,112,154,137,255
112,60,69,113,90,255
112,61,64,104,88,255
112,62,69,102,86,255
112,63,88,129,118,255
112,64,71,95,110,255
112,65,61,75,99,255
112,66,59,73,98,255
112,67,61,73,99,255
112,68,59,75,99,255
112,69,53,69,98,255
112,70,50,66,96,255
112,71,46,66,96,255
112,72,46,64,96,255
112,73,46,64,96,255
112,74,46,64,95,255
112,75,38,56,88,255
112,76,38,53,85,255
112,77,34,50,81,255
112,78,38,53,83,255
112,79,38,59,83,255
112,80,99,152,160,255
112,81,129,183,197,255
112,82,125,167,186,255
112,83,160,181,196,255
112,84,199,211,221,255
112,85,203,214,223,255
112,86,203,214,222,255
112,87,203,213,222,255
112,88,202,213,222,255
112,89,203,213,222,255
112,90,202,213,222,255
112,91,202,213,222,255
112,92,202,213,222,255
112,93,205,215,223,255
112,94,203,214,222,255
112,95,201,214,222,255
112,96,200,213,222,255
112,97,200,212,221,255
112,98,202,211,221,255
112,99,200,211,221,255
112,100,200,213,222,255
112,101,200,213,221,255
112,102,200,212,221,255
112,103,201,211,220,255
112,104,200,210,219,255
112,105,200,210,218,255
112,106,200,210,218,255
112,107,199,209,218,255
112,108,198,210,220,255
112,109,199,211,220,255
112,110,197,209,219,255
112,111,197,209,218,255
112,112,197,208,217,255
112,113,199,208,217,255
112,114,199,208,217,255
112,115,197,208,216,255
112,116,196,209,217,255
112,117,195,209,218,255
112,118,197,209,218,255
112,119,197,209,219,255
112,120,196,208,218,255
112,121,194,207,217,255
112,122,194,206,217,255
112,123,194,206,216,255
112,124,195,206,215,255
112,125,195,206,215,255
112,126,194,205,216,255
112,127,192,204,215,255
112,128,194,206,216,255
112,129,192,205,215,255
112,130,192,206,215,255
112,131,192,206,215,255
112,132,193,205,214,255
112,133,194,205,214,255
112,134,194,206,215,255
112,135,194,206,215,255
112,136,194,206,216,255
112,137,192,205,215,255
112,138,192,205,215,255
112,139,189,201,213,255
112,140,158,178,195,255
112,141,158,178,195,255
112,142,113,142,161,255
112,143,71,109,129,255
113,0,171,171,175,255
113,1,172,171,175,255
113,2,172,171,175,255
113,3,172,171,175,255
113,4,173,172,175,255
113,5,172,171,174,255
113,6,172,171,174,255
113,7,173,170,173,255
113,8,173,170,172,255
113,9,173,170,172,255
113,10,171,169,171,255
113,11,172,170,171,255
113,12,172,170,173,255
113,13,172,170,173,255
113,14,172,170,172,255
113,15,172,170,171,255
113,16,172,169,171,255
113,17,173,170,172,255
113,18,171,170,173,255
113,19,171,170,173,255
113,20,172,170,173,255
113,21,172,170,172,255
113,22,173,170,172,255
113,23,173,170,171,255
113,24,173,170,171,255
113,25,174,170,170,255
113,26,173,170,170,255
113,27,174,170,170,255
113,28,174,170,170,255
113,29,174,170,170,255
113,30,174,170,170,255
113,31,174,171,170,255
113,32,175,171,171,255
113,33,175,171,171,255
113,34,173,171,171,255
113,35,175,172,170,255
113,36,176,171,168,255
113,37,176,171,167,255
113,38,176,171,168,255
113,39,176,173,170,255
113,40,176,172,170,255
113,41,175,171,168,255
113,42,163,168,164,255
113,43,167,173,167,255
113,44,167,166,163,255
113,45,169,166,162,255
113,46,147,152,151,255
113,47,165,164,160,255
113,48,110,122,115,255
113,49,59,73,83,255
113,50,71,86,93,255
113,51,75,112,106,255
113,52,66,99,93,255
113,53,96,132,127,255
113,54,66,108,108,255
113,55,38,66,79,255
113,56,85,125,117,255
113,57,112,155,144,255
113,58,109,155,141,255
113,59,115,158,144,255
113,60,56,95,85,255
113,61,83,117,105,255
113,62,73,112,98,255
113,63,99,145,132,255
113,64,79,102,118,255
113,65,61,73,98,255
113,66,59,73,96,255
113,67,59,73,98,255
113,68,56,73,99,255
113,69,53,71,98,255
113,70,50,69,96,255
113,71,50,69,98,255
113,72,46,66,96,255
113,73,46,66,98,255
113,74,46,69,96,255
113,75,42,61,91,255
113,76,42,56,86,255
113,77,38,53,85,255
113,78,38,56,83,255
113,79,38,61,85,255
113,80,95,146,155,255
113,81,126,180,195,255
113,82,125,168,186,255
113,83,151,175,192,255
113,84,195,208,219,255
113,85,203,213,222,255
113,86,203,213,222,255
113,87,203,213,222,255
113,88,204,214,222,255
113,89,203,213,221,255
113,90,203,213,222,255
113,91,202,213,222,255
113,92,202,213,222,255
113,93,209,217,224,255
113,94,202,213,223,255
113,95,200,213,222,255
113,96,200,212,222,255
113,97,200,211,221,255
113,98,200,211,221,255
113,99,200,211,222,255
113,100,200,212,222,255
113,101,200,212,221,255
113,102,202,213,221,255
113,103,199,210,221,255
113,104,201,210,219,255
113,105,199,209,218,255
113,106,199,210,219,255
113,107,200,210,218,255
113,108,199,211,220,255
113,109,199,211,220,255
113,110,199,209,219,255
113,111,197,208,218,255
113,112,197,208,217,255
113,113,197,208,217,255
113,114,197,208,217,255
113,115,198,209,217,255
113,116,197,209,218,255
113,117,194,209,218,255
113,118,196,208,218,255
113,119,197,209,219,255
113,120,196,208,218,255
113,121,195,207,217,255
113,122,194,209,218,255
113,123,194,208,217,255
113,124,195,207,217,255
113,125,195,207,217,255
113,126,195,206,217,255
113,127,192,204,215,255
113,128,194,205,215,255
113,129,193,204,214,255
113,130,192,204,214,255
113,131,192,204,214,255
113,132,192,203,213,255
113,133,195,205,213,255
113,134,195,206,215,255
113,135,195,206,215,255
113,136,193,206,215,255
113,137,191,203,214,255
113,138,191,203,214,255
113,139,191,202,213,255
113,140,168,185,200,255
113,141,168,185,200,255
113,142,114,146,166,255
113,143,71,109,130,255
114,0,171,171,175,255
114,1,172,172,175,255
114,2,172,172,175,255
114,3,172,172,175,255
114,4,172,171,175,255
114,5,172,171,175,255
114,6,173,172,175,255
114,7,173,171,174,255
114,8,173,170,172,255
114,9,173,170,172,255
114,10,172,170,171,255
114,11,171,169,171,255
114,12,172,170,173,255
114,13,172,170,173,255
114,14,172,170,173,255
114,15,172,170,172,255
114,16,172,170,171,255
114,17,173,170,171,255
114,18,172,170,173,255
114,19,172,170,173,255
114,20,172,170,173,255
114,21,173,170,173,255
114,22,173,171,173,255
114,23,173,170,172,255
114,24,174,170,172,255
114,25,173,170,170,255
114,26,173,170,170,255
114,27,174,170,170,255
114,28,174,171,171,255
114,29,174,170,171,255
114,30,174,170,171,255
114,31,174,171,170,255
114,32,175,172,171,255
114,33,175,171,171,255
114,34,173,171,170,255
114,35,175,171,170,255
114,36,176,171,169,255
114,37,175,170,167,255
114,38,176,171,168,255
114,39,176,172,169,255
114,40,173,169,166,255
114,41,159,155,151,255
114,42,121,128,127,255
114,43,132,136,134,255
114,44,156,155,150,255
114,45,154,148,142,255
114,46,85,98,96,255
114,47,124,126,120,255
114,48,59,75,81,255
114,49,34,50,66,255
114,50,38,50,69,255
114,51,34,50,66,255
114,52,34,42,66,255
114,53,34,50,71,255
114,54,42,64,79,255
114,55,38,53,73,255
114,56,75,110,108,255
114,57,112,154,144,255
114,58,106,148,139,255
114,59,118,161,148,255
114,60,77,117,108,255
114,61,93,124,113,255
114,62,83,122,109,255
114,63,104,147,140,255
114,64,79,104,120,255
114,65,56,71,95,255
114,66,56,71,95,255
114,67,56,71,98,255
114,68,53,69,98,255
114,69,46,64,96,255
114,70,50,66,98,255
114,71,50,69,98,255
114,72,50,66,96,255
114,73,50,69,98,255
114,74,50,69,99,255
114,75,42,64,93,255
114,76,38,59,88,255
114,77,38,56,86,255
114,78,34,56,85,255
114,79,38,61,85,255
114,80,93,139,149,255
114,81,120,175,191,255
114,82,121,168,188,255
114,83,145,170,188,255
114,84,190,204,216,255
114,85,203,214,222,255
114,86,203,214,222,255
114,87,204,214,222,255
114,88,204,214,222,255
114,89,203,213,222,255
114,90,203,213,222,255
114,91,202,213,222,255
114,92,202,214,222,255
114,93,202,213,222,255
114,94,209,217,224,255
114,95,202,214,222,255
114,96,200,213,222,255
114,97,200,211,221,255
114,98,200,211,221,255
114,99,200,211,221,255
114,100,200,213,222,255
114,101,200,212,221,255
114,102,200,212,221,255
114,103,200,211,221,255
114,104,200,211,220,255
114,105,199,210,219,255
114,106,199,211,219,255
114,107,199,210,219,255
114,108,201,212,221,255
114,109,199,212,220,255
114,110,197,210,220,255
114,111,197,208,218,255
114,112,197,208,218,255
114,113,197,209,218,255
114,114,197,209,218,255
114,115,198,209,218,255
114,116,198,209,219,255
114,117,198,210,219,255
114,118,196,208,219,255
114,119,196,207,218,255
114,120,196,207,217,255
114,121,195,208,217,255
114,122,194,208,218,255
114,123,194,208,217,255
114,124,197,207,217,255
114,125,197,207,217,255
114,126,196,206,218,255
114,127,195,206,217,255
114,128,194,205,215,255
114,129,194,205,215,255
114,130,193,204,213,255
114,131,193,204,213,255
114,132,193,203,213,255
114,133,194,204,213,255
114,134,195,205,214,255
114,135,195,205,214,255
114,136,194,207,216,255
114,137,190,204,214,255
114,138,191,203,213,255
114,139,191,203,213,255
114,140,178,193,206,255
114,141,178,193,206,255
114,142,122,153,174,255
114,143,73,110,131,255
115,0,172,172,176,255
115,1,172,172,175,255
115,2,172,172,175,255
115,3,172,172,175,255
115,4,172,171,175,255
115,5,172,171,175,255
115,6,173,172,175,255
115,7,173,171,174,255
115,8,173,170,173,255
115,9,173,170,173,255
115,10,172,170,171,255
115,11,171,170,171,255
115,12,173,171,173,255
115,13,173,171,173,255
115,14,173,171,173,255
115,15,173,170,173,255
115,16,173,170,171,255
115,17,172,170,171,255
115,18,171,170,173,255
115,19,171,170,173,255
115,20,172,171,173,255
115,21,173,170,173,255
115,22,173,171,173,255
115,23,173,171,173,255
115,24,173,170,172,255
115,25,174,171,172,255
115,26,174,171,171,255
115,27,174,171,172,255
115,28,174,171,171,255
115,29,175,172,171,255
115,30,175,172,171,255
115,31,176,171,171,255
115,32,176,171,171,255
115,33,175,172,171,255
115,34,175,172,171,255
115,35,175,173,171,255
115,36,176,172,170,255
115,37,175,170,168,255
115,38,168,166,163,255
115,39,160,158,155,255
115,40,140,142,140,255
115,41,112,117,113,255
115,42,56,73,73,255
115,43,77,86,85,255
115,44,73,81,77,255
115,45,53,69,69,255
115,46,53,69,69,255
115,47,50,66,66,255
115,48,73,79,85,255
115,49,34,46,64,255
115,50,34,42,66,255
115,51,28,34,61,255
115,52,22,34,64,255
115,53,38,50,71,255
115,54,34,46,71,255
115,55,38,61,77,255
115,56,38,56,75,255
115,57,86,121,119,255
115,58,93,125,124,255
115,59,115,158,148,255
115,60,95,135,129,255
115,61,93,120,112,255
115,62,91,125,120,255
115,63,105,139,141,255
115,64,69,90,108,255
115,65,56,71,95,255
115,66,56,71,95,255
115,67,56,69,95,255
115,68,50,69,96,255
115,69,46,66,95,255
115,70,53,69,98,255
115,71,53,69,98,255
115,72,53,69,98,255
115,73,50,66,96,255
115,74,50,69,99,255
115,75,42,64,95,255
115,76,38,61,90,255
115,77,38,59,88,255
115,78,38,56,86,255
115,79,42,61,83,255
115,80,88,132,144,255
115,81,118,171,189,255
115,82,122,171,193,255
115,83,144,169,187,255
115,84,188,202,214,255
115,85,202,212,221,255
115,86,203,213,222,255
115,87,203,213,222,255
115,88,204,214,223,255
115,89,203,214,222,255
115,90,203,213,222,255
115,91,202,213,222,255
115,92,202,213,222,255
115,93,208,217,224,255
115,94,210,218,226,255
115,95,203,214,223,255
115,96,200,212,221,255
115,97,200,212,220,255
115,98,200,211,221,255
115,99,200,211,221,255
115,100,200,213,221,255
115,101,200,213,221,255
115,102,200,213,221,255
115,103,200,212,222,255
115,104,199,211,220,255
115,105,199,210,219,255
115,106,199,210,219,255
115,107,199,210,219,255
115,108,199,210,220,255
115,109,198,211,220,255
115,110,197,209,219,255
115,111,197,207,218,255
115,112,197,209,219,255
115,113,196,209,218,255
115,114,196,209,218,255
115,115,197,208,217,255
115,116,197,208,219,255
115,117,199,209,219,255
115,118,196,208,218,255
115,119,197,208,219,255
115,120,196,208,218,255
115,121,195,208,218,255
115,122,195,208,218,255
115,123,196,207,217,255
115,124,197,206,216,255
115,125,197,206,216,255
115,126,197,207,217,255
115,127,195,206,218,255
115,128,194,205,217,255
115,129,194,206,217,255
115,130,194,205,214,255
115,131,194,205,214,255
115,132,194,205,214,255
115,133,194,204,213,255
115,134,195,205,214,255
115,135,195,205,214,255
115,136,195,206,215,255
115,137,193,206,216,255
115,138,190,203,214,255
115,139,190,203,214,255
115,140,181,194,206,255
115,141,181,194,206,255
115,142,120,152,174,255
115,143,75,110,132,255
116,0,173,173,176,255
116,1,173,172,175,255
116,2,173,172,175,255
116,3,173,172,175,255
116,4,173,173,175,255
116,5,173,173,175,255
116,6,173,172,175,255
116,7,173,172,174,255
116,8,173,170,173,255
116,9,173,170,173,255
116,10,173,170,172,255
116,11,172,170,172,255
116,12,173,170,173,255
116,13,173,170,173,255
116,14,173,171,173,255
116,15,173,171,173,255
116,16,173,170,172,255
116,17,173,170,171,255
116,18,173,171,173,255
116,19,173,171,173,255
116,20,173,170,173,255
116,21,173,170,173,255
116,22,173,171,173,255
116,23,173,170,172,255
116,24,173,170,172,255
116,25,174,171,172,255
116,26,174,171,172,255
116,27,174,171,172,255
116,28,175,172,172,255
116,29,175,172,172,255
116,30,175,172,172,255
116,31,175,171,170,255
116,32,176,171,170,255
116,33,176,172,171,255
116,34,176,172,171,255
116,35,176,172,170,255
116,36,176,172,170,255
116,37,170,167,165,255
116,38,148,155,154,255
116,39,122,139,142,255
116,40,88,121,128,255
116,41,66,90,91,255
116,42,28,53,50,255
116,43,28,53,53,255
116,44,22,46,42,255
116,45,22,46,42,255
116,46,28,50,50,255
116,47,38,53,56,255
116,48,71,71,75,255
116,49,34,42,64,255
116,50,28,38,64,255
116,51,28,38,64,255
116,52,28,42,66,255
116,53,34,46,71,255
116,54,38,53,73,255
116,55,34,53,71,255
116,56,28,42,66,255
116,57,46,69,83,255
116,58,81,99,108,255
116,59,108,148,140,255
116,60,113,153,144,255
116,61,73,99,102,255
116,62,105,118,126,255
116,63,108,127,140,255
116,64,71,90,112,255
116,65,56,71,95,255
116,66,56,69,95,255
116,67,59,71,96,255
116,68,56,71,96,255
116,69,50,69,96,255
116,70,50,69,98,255
116,71,50,66,98,255
116,72,50,66,96,255
116,73,46,66,96,255
116,74,46,66,98,255
116,75,46,66,96,255
116,76,42,61,91,255
116,77,42,61,90,255
116,78,42,59,88,255
116,79,42,56,85,255
116,80,83,126,139,255
116,81,115,170,188,255
116,82,124,174,197,255
116,83,141,169,188,255
116,84,186,200,213,255
116,85,202,212,221,255
116,86,203,213,222,255
116,87,204,213,222,255
116,88,202,213,222,255
116,89,203,214,223,255
116,90,202,213,223,255
116,91,202,213,223,255
116,92,202,213,222,255
116,93,205,215,223,255
116,94,208,216,224,255
116,95,203,214,222,255
116,96,200,211,221,255
116,97,200,213,221,255
116,98,200,211,221,255
116,99,200,213,222,255
116,100,202,213,222,255
116,101,200,213,221,255
116,102,200,213,221,255
116,103,200,211,220,255
116,104,200,210,220,255
116,105,199,210,219,255
116,106,199,210,220,255
116,107,200,210,220,255
116,108,198,211,221,255
116,109,198,211,220,255
116,110,197,209,219,255
116,111,197,209,219,255
116,112,197,208,219,255
116,113,197,209,219,255
116,114,197,209,219,255
116,115,198,210,219,255
116,116,198,209,219,255
116,117,199,209,218,255
116,118,196,208,218,255
116,119,198,208,219,255
116,120,196,208,219,255
116,121,196,209,219,255
116,122,196,209,219,255
116,123,196,208,218,255
116,124,197,206,217,255
116,125,197,206,217,255
116,126,195,206,216,255
116,127,194,206,217,255
116,128,194,206,218,255
116,129,194,207,217,255
116,130,194,206,215,255
116,131,194,206,215,255
116,132,195,205,213,255
116,133,193,203,212,255
116,134,192,202,212,255
116,135,192,202,212,255
116,136,193,205,214,255
116,137,195,206,215,255
116,138,192,204,214,255
116,139,192,204,214,255
116,140,186,199,210,255
116,141,186,199,210,255
116,142,126,157,179,255
116,143,75,113,134,255
117,0,172,173,176,255
117,1,173,172,176,255
117,2,173,172,176,255
117,3,173,172,176,255
117,4,174,173,176,255
117,5,174,173,176,255
117,6,173,173,176,255
117,7,173,172,175,255
117,8,173,171,173,255
117,9,173,171,173,255
117,10,173,170,173,255
117,11,173,170,172,255
117,12,173,171,173,255
117,13,173,171,173,255
117,14,173,171,174,255
117,15,173,171,173,255
117,16,174,171,173,255
117,17,173,170,172,255
117,18,173,172,174,255
117,19,173,172,174,255
117,20,173,171,173,255
117,21,173,171,173,255
117,22,173,171,173,255
117,23,174,171,173,255
117,24,174,171,173,255
117,25,174,172,173,255
117,26,174,171,173,255
117,27,174,171,172,255
117,28,175,172,173,255
117,29,175,172,172,255
117,30,175,172,172,255
117,31,176,171,170,255
117,32,176,171,170,255
117,33,176,172,170,255
117,34,176,172,170,255
117,35,176,173,171,255
117,36,176,172,170,255
117,37,173,170,167,255
117,38,156,160,159,255
117,39,131,147,149,255
117,40,75,124,133,255
117,41,56,98,105,255
117,42,28,64,66,255
117,43,22,53,53,255
117,44,28,50,46,255
117,45,28,50,46,255
117,46,34,53,53,255
117,47,50,56,59,255
117,48,53,53,64,255
117,49,38,42,66,255
117,50,34,38,66,255
117,51,28,38,64,255
117,52,34,42,69,255
117,53,28,38,66,255
117,54,22,34,61,255
117,55,28,38,64,255
117,56,28,34,64,255
117,57,28,42,69,255
117,58,56,77,90,255
117,59,81,119,118,255
117,60,112,150,141,255
117,61,34,53,73,255
117,62,86,120,112,255
117,63,96,117,128,255
117,64,71,86,106,255
117,65,59,73,95,255
117,66,59,73,95,255
117,67,59,73,96,255
117,68,59,73,98,255
117,69,53,69,95,255
117,70,46,66,93,255
117,71,46,64,95,255
117,72,42,64,93,255
117,73,42,61,93,255
117,74,46,66,98,255
117,75,42,64,93,255
117,76,42,61,90,255
117,77,42,61,90,255
117,78,42,59,88,255
117,79,42,56,86,255
117,80,77,119,133,255
117,81,117,170,188,255
117,82,124,173,196,255
117,83,133,166,186,255
117,84,184,199,211,255
117,85,202,212,221,255
117,86,203,213,223,255
117,87,203,213,222,255
117,88,204,214,222,255
117,89,203,214,223,255
117,90,203,213,223,255
117,91,203,214,223,255
117,92,202,213,222,255
117,93,203,213,222,255
117,94,205,215,223,255
117,95,202,213,222,255
117,96,200,211,221,255
117,97,201,213,221,255
117,98,202,212,221,255
117,99,202,213,222,255
117,100,202,213,222,255
117,101,200,213,221,255
117,102,200,211,220,255
117,103,200,210,219,255
117,104,200,210,219,255
117,105,199,209,218,255
117,106,198,210,219,255
117,107,198,210,220,255
117,108,197,210,220,255
117,109,199,210,220,255
117,110,197,209,220,255
117,111,199,210,220,255
117,112,199,210,220,255
117,113,197,211,220,255
117,114,197,211,220,255
117,115,198,210,220,255
117,116,198,209,219,255
117,117,199,209,217,255
117,118,196,208,217,255
117,119,197,208,219,255
117,120,196,208,219,255
117,121,195,209,220,255
117,122,196,209,219,255
117,123,197,209,219,255
117,124,197,207,217,255
117,125,197,207,217,255
117,126,198,208,217,255
117,127,195,207,218,255
117,128,194,207,218,255
117,129,194,208,218,255
117,130,193,205,215,255
117,131,193,205,215,255
117,132,194,204,213,255
117,133,193,203,212,255
117,134,192,202,212,255
117,135,192,202,212,255
117,136,192,202,212,255
117,137,194,205,214,255
117,138,192,203,214,255
117,139,192,203,214,255
117,140,190,201,211,255
117,141,190,201,211,255
117,142,133,162,182,255
117,143,75,115,137,255
118,0,173,173,176,255
118,1,173,173,176,255
118,2,173,173,177,255
118,3,173,173,177,255
118,4,174,173,177,255
118,5,174,173,177,255
118,6,173,173,175,255
118,7,174,173,175,255
118,8,173,171,174,255
118,9,173,171,174,255
118,10,173,171,173,255
118,11,173,170,173,255
118,12,173,171,173,255
118,13,173,171,173,255
118,14,173,171,174,255
118,15,173,171,173,255
118,16,174,170,173,255
118,17,174,170,173,255
118,18,173,171,173,255
118,19,173,171,173,255
118,20,173,172,174,255
118,21,173,171,173,255
118,22,173,171,173,255
118,23,173,171,173,255
118,24,174,172,173,255
118,25,173,171,173,255
118,26,174,172,173,255
118,27,173,171,173,255
118,28,174,171,172,255
118,29,175,172,173,255
118,30,175,172,173,255
118,31,175,171,171,255
118,32,176,172,170,255
118,33,176,171,170,255
118,34,176,170,169,255
118,35,176,173,170,255
118,36,176,172,170,255
118,37,176,172,170,255
118,38,174,170,168,255
118,39,163,163,163,255
118,40,120,148,152,255
118,41,83,129,136,255
118,42,77,110,114,255
118,43,85,96,95,255
118,44,34,61,59,255
118,45,34,53,53,255
118,46,38,61,59,255
118,47,56,64,66,255
118,48,59,59,69,255
118,49,38,42,66,255
118,50,28,38,64,255
118,51,28,38,66,255
118,52,28,38,66,255
118,53,28,38,64,255
118,54,34,42,66,255
118,55,34,38,64,255
118,56,28,38,64,255
118,57,28,42,69,255
118,58,34,50,73,255
118,59,56,85,93,255
118,60,79,112,110,255
118,61,34,50,71,255
118,62,81,114,110,255
118,63,85,117,122,255
118,64,61,77,101,255
118,65,59,71,95,255
118,66,59,71,95,255
118,67,61,73,98,255
118,68,59,73,96,255
118,69,50,64,93,255
118,70,42,61,91,255
118,71,42,64,93,255
118,72,42,64,93,255
118,73,42,61,91,255
118,74,42,61,93,255
118,75,42,61,91,255
118,76,42,59,88,255
118,77,38,59,88,255
118,78,42,61,90,255
118,79,38,56,86,255
118,80,75,114,128,255
118,81,115,168,186,255
118,82,141,182,202,255
118,83,133,167,187,255
118,84,182,198,210,255
118,85,202,213,222,255
118,86,203,214,223,255
118,87,203,213,223,255
118,88,204,214,222,255
118,89,203,214,222,255
118,90,203,213,223,255
118,91,202,214,222,255
118,92,202,213,222,255
118,93,202,213,221,255
118,94,206,215,223,255
118,95,203,214,223,255
118,96,202,211,221,255
118,97,200,213,221,255
118,98,202,213,222,255
118,99,200,212,222,255
118,100,200,213,221,255
118,101,200,213,221,255
118,102,200,211,220,255
118,103,200,210,219,255
118,104,199,209,219,255
118,105,198,209,219,255
118,106,198,210,220,255
118,107,198,210,220,255
118,108,197,210,220,255
118,109,199,210,219,255
118,110,197,209,219,255
118,111,199,210,220,255
118,112,200,211,220,255
118,113,199,210,220,255
118,114,199,210,220,255
118,115,198,209,219,255
118,116,200,209,219,255
118,117,199,209,218,255
118,118,196,208,217,255
118,119,198,208,219,255
118,120,197,209,219,255
118,121,196,208,219,255
118,122,195,208,218,255
118,123,196,208,217,255
118,124,197,208,217,255
118,125,197,208,217,255
118,126,198,209,219,255
118,127,195,206,218,255
118,128,194,206,217,255
118,129,194,208,217,255
118,130,192,206,215,255
118,131,192,206,215,255
118,132,194,204,213,255
118,133,194,203,212,255
118,134,190,202,211,255
118,135,190,202,211,255
118,136,190,202,211,255
118,137,192,203,213,255
118,138,192,202,214,255
118,139,192,202,214,255
118,140,192,200,211,255
118,141,192,200,211,255
118,142,141,167,186,255
118,143,83,120,142,255
119,0,173,173,177,255
119,1,173,173,177,255
119,2,173,173,177,255
119,3,173,173,177,255
119,4,173,173,176,255
119,5,173,173,176,255
119,6,173,173,176,255
119,7,174,173,176,255
119,8,174,172,175,255
119,9,174,172,175,255
119,10,173,171,173,255
119,11,173,171,173,255
119,12,173,171,173,255
119,13,173,171,173,255
119,14,173,172,175,255
119,15,174,172,174,255
119,16,174,171,173,255
119,17,174,170,172,255
119,18,173,171,174,255
119,19,173,171,174,255
119,20,173,171,174,255
119,21,173,171,173,255
119,22,173,172,173,255
119,23,174,172,174,255
119,24,174,173,173,255
119,25,174,172,173,255
119,26,174,172,173,255
119,27,174,171,173,255
119,28,175,172,173,255
119,29,175,172,173,255
119,30,175,172,173,255
119,31,175,172,172,255
119,32,176,171,170,255
119,33,176,172,170,255
119,34,176,170,168,255
119,35,177,173,170,255
119,36,177,173,171,255
119,37,177,173,171,255
119,38,177,173,172,255
119,39,174,171,170,255
119,40,160,166,165,255
119,41,138,155,157,255
119,42,131,147,148,255
119,43,145,142,138,255
119,44,34,73,75,255
119,45,42,71,71,255
119,46,71,79,79,255
119,47,56,61,66,255
119,48,53,56,69,255
119,49,34,42,66,255
119,50,22,34,61,255
119,51,28,38,61,255
119,52,22,34,56,255
119,53,28,38,61,255
119,54,28,38,61,255
119,55,34,38,61,255
119,56,28,38,61,255
119,57,34,42,66,255
119,58,34,42,66,255
119,59,28,38,64,255
119,60,34,42,69,255
119,61,28,42,66,255
119,62,28,53,71,255
119,63,91,124,126,255
119,64,59,75,98,255
119,65,56,71,93,255
119,66,56,69,91,255
119,67,59,73,96,255
119,68,56,71,96,255
119,69,50,64,93,255
119,70,46,64,95,255
119,71,42,61,93,255
119,72,38,59,90,255
119,73,42,59,90,255
119,74,42,59,90,255
119,75,38,56,88,255
119,76,42,59,90,255
119,77,42,61,91,255
119,78,38,61,90,255
119,79,42,59,88,255
119,80,73,109,124,255
119,81,114,164,183,255
119,82,119,172,194,255
119,83,129,165,184,255
119,84,179,196,210,255
119,85,202,213,223,255
119,86,204,214,224,255
119,87,204,214,223,255
119,88,204,214,223,255
119,89,203,214,223,255
119,90,203,214,222,255
119,91,203,215,223,255
119,92,203,214,222,255
119,93,202,213,222,255
119,94,202,214,223,255
119,95,209,218,226,255
119,96,202,214,222,255
119,97,201,213,221,255
119,98,200,211,221,255
119,99,200,211,221,255
119,100,200,212,221,255
119,101,200,213,221,255
119,102,200,212,220,255
119,103,199,210,219,255
119,104,200,210,219,255
119,105,199,209,219,255
119,106,199,211,220,255
119,107,198,210,221,255
119,108,197,209,219,255
119,109,198,210,219,255
119,110,197,210,220,255
119,111,199,210,220,255
119,112,200,210,220,255
119,113,199,209,220,255
119,114,200,210,220,255
119,115,200,210,220,255
119,116,198,209,219,255
119,117,199,209,218,255
119,118,196,208,218,255
119,119,196,207,218,255
119,120,196,209,218,255
119,121,196,208,218,255
119,122,195,208,218,255
119,123,195,209,217,255
119,124,196,208,217,255
119,125,196,208,217,255
119,126,197,208,218,255
119,127,195,206,218,255
119,128,194,206,217,255
119,129,194,208,217,255
119,130,194,206,216,255
119,131,194,206,216,255
119,132,197,206,215,255
119,133,195,205,215,255
119,134,192,203,213,255
119,135,192,203,213,255
119,136,190,202,212,255
119,137,192,202,212,255
119,138,192,202,213,255
119,139,192,202,213,255
119,140,192,201,213,255
119,141,158,179,196,255
119,142,158,179,196,255
119,143,86,128,152,255
120,0,173,173,177,255
120,1,173,173,177,255
120,2,173,173,177,255
120,3,173,173,177,255
120,4,174,173,177,255
120,5,174,173,177,255
120,6,174,173,176,255
120,7,174,173,176,255
120,8,174,173,175,255
120,9,174,173,175,255
120,10,175,172,174,255
120,11,174,171,173,255
120,12,173,172,174,255
120,13,173,172,174,255
120,14,174,173,175,255
120,15,174,172,174,255
120,16,174,172,174,255
120,17,174,171,173,255
120,18,173,173,175,255
120,19,173,173,175,255
120,20,173,171,174,255
120,21,174,172,174,255
120,22,173,172,173,255
120,23,174,173,174,255
120,24,174,172,173,255
120,25,174,173,173,255
120,26,174,172,173,255
120,27,174,171,173,255
120,28,174,171,173,255
120,29,174,171,173,255
120,30,175,172,173,255
120,31,176,173,172,255
120,32,176,172,170,255
120,33,176,172,170,255
120,34,176,170,168,255
120,35,177,172,170,255
120,36,177,173,171,255
120,37,177,173,172,255
120,38,177,174,172,255
120,39,177,173,172,255
120,40,176,173,170,255
120,41,170,170,169,255
120,42,170,170,168,255
120,43,173,169,165,255
120,44,140,144,142,255
120,45,134,134,132,255
120,46,88,86,86,255
120,47,61,64,71,255
120,48,46,50,69,255
120,49,28,38,64,255
120,50,28,38,61,255
120,51,22,28,53,255
120,52,22,28,42,255
120,53,28,34,42,255
120,54,34,42,53,255
120,55,34,46,53,255
120,56,28,38,50,255
120,57,42,50,64,255
120,58,46,50,66,255
120,59,34,38,64,255
120,60,34,38,61,255
120,61,34,42,64,255
120,62,38,50,73,255
120,63,71,90,113,255
120,64,53,69,91,255
120,65,53,69,91,255
120,66,53,66,90,255
120,67,53,69,93,255
120,68,53,66,93,255
120,69,50,64,93,255
120,70,50,64,93,255
120,71,42,59,91,255
120,72,38,56,88,255
120,73,38,56,88,255
120,74,38,56,88,255
120,75,38,56,86,255
120,76,38,56,88,255
120,77,38,59,88,255
120,78,38,59,88,255
120,79,38,56,86,255
120,80,42,73,90,255
120,81,109,162,178,255
120,82,122,173,194,255
120,83,128,164,185,255
120,84,175,193,209,255
120,85,200,213,224,255
120,86,204,214,224,255
120,87,203,213,222,255
120,88,203,213,222,255
120,89,202,213,222,255
120,90,203,214,222,255
120,91,203,215,223,255
120,92,202,214,222,255
120,93,202,214,222,255
120,94,210,218,226,255
120,95,212,220,227,255
120,96,203,215,223,255
120,97,200,213,221,255
120,98,200,211,221,255
120,99,200,211,222,255
120,100,200,211,220,255
120,101,200,212,220,255
120,102,200,211,220,255
120,103,200,211,220,255
120,104,199,210,219,255
120,105,199,210,219,255
120,106,199,210,220,255
120,107,199,210,220,255
120,108,197,209,219,255
120,109,198,211,220,255
120,110,197,211,220,255
120,111,197,211,220,255
120,112,197,210,220,255
120,113,197,209,220,255
120,114,199,209,220,255
120,115,199,209,220,255
120,116,197,209,219,255
120,117,196,208,218,255
120,118,197,208,218,255
120,119,195,208,218,255
120,120,196,209,218,255
120,121,196,209,218,255
120,122,196,209,219,255
120,123,195,209,218,255
120,124,195,208,218,255
120,125,195,208,218,255
120,126,196,206,218,255
120,127,194,206,217,255
120,128,193,206,217,255
120,129,194,207,217,255
120,130,192,206,215,255
120,131,192,206,215,255
120,132,194,206,215,255
120,133,196,206,215,255
120,134,194,204,214,255
120,135,194,204,214,255
120,136,192,203,213,255
120,137,193,202,213,255
120,138,192,202,212,255
120,139,192,202,212,255
120,140,195,203,213,255
120,141,170,189,203,255
120,142,170,189,203,255
120,143,95,137,161,255
121,0,173,173,177,255
121,1,173,173,178,255
121,2,173,173,178,255
121,3,174,174,178,255
121,4,173,173,177,255
121,5,173,173,177,255
121,6,174,173,177,255
121,7,174,173,177,255
121,8,174,173,175,255
121,9,174,173,175,255
121,10,175,173,175,255
121,11,175,172,174,255
121,12,175,172,175,255
121,13,175,172,175,255
121,14,173,172,174,255
121,15,174,172,174,255
121,16,174,173,174,255
121,17,175,172,174,255
121,18,174,172,174,255
121,19,174,172,174,255
121,20,173,172,174,255
121,21,173,172,174,255
121,22,173,172,174,255
121,23,174,172,173,255
121,24,174,173,174,255
121,25,175,173,174,255
121,26,174,172,173,255
121,27,175,172,173,255
121,28,175,172,173,255
121,29,175,172,173,255
121,30,175,172,173,255
121,31,176,173,173,255
121,32,176,172,170,255
121,33,176,172,170,255
121,34,176,170,167,255
121,35,176,171,169,255
121,36,177,173,170,255
121,37,176,173,171,255
121,38,177,174,173,255
121,39,177,174,173,255
121,40,178,175,172,255
121,41,178,174,171,255
121,42,178,174,171,255
121,43,178,175,172,255
121,44,177,173,169,255
121,45,155,149,145,255
121,46,71,71,75,255
121,47,61,66,73,255
121,48,34,42,64,255
121,49,34,42,66,255
121,50,22,34,59,255
121,51,28,34,46,255
121,52,22,28,28,255
121,53,28,34,34,255
121,54,38,46,50,255
121,55,46,56,59,255
121,56,53,66,66,255
121,57,59,69,71,255
121,58,50,53,61,255
121,59,38,38,59,255
121,60,46,46,53,255
121,61,38,50,61,255
121,62,50,61,77,255
121,63,53,69,95,255
121,64,53,66,91,255
121,65,53,66,90,255
121,66,50,66,90,255
121,67,56,69,93,255
121,68,50,64,90,255
121,69,46,61,90,255
121,70,46,64,91,255
121,71,42,61,93,255
121,72,42,61,93,255
121,73,38,59,90,255
121,74,42,64,91,255
121,75,42,59,88,255
121,76,38,56,86,255
121,77,38,53,85,255
121,78,38,56,83,255
121,79,38,53,83,255
121,80,38,71,85,255
121,81,108,155,174,255
121,82,122,173,194,255
121,83,125,163,184,255
121,84,168,186,202,255
121,85,200,212,222,255
121,86,203,214,224,255
121,87,204,214,223,255
121,88,204,214,222,255
121,89,202,213,222,255
121,90,203,214,223,255
121,91,203,215,223,255
121,92,202,214,222,255
121,93,202,213,221,255
121,94,206,216,223,255
121,95,209,218,226,255
121,96,204,214,223,255
121,97,200,213,222,255
121,98,201,212,222,255
121,99,200,211,222,255
121,100,200,211,221,255
121,101,200,212,220,255
121,102,200,212,221,255
121,103,200,211,220,255
121,104,201,210,219,255
121,105,201,210,219,255
121,106,199,210,220,255
121,107,200,210,220,255
121,108,198,210,220,255
121,109,200,213,221,255
121,110,199,213,221,255
121,111,199,211,220,255
121,112,197,209,219,255
121,113,197,210,220,255
121,114,197,209,220,255
121,115,197,209,220,255
121,116,197,208,219,255
121,117,197,208,220,255
121,118,196,208,219,255
121,119,196,208,218,255
121,120,196,209,218,255
121,121,195,208,218,255
121,122,195,208,218,255
121,123,194,209,218,255
121,124,194,208,219,255
121,125,194,208,219,255
121,126,194,206,218,255
121,127,195,206,217,255
121,128,193,205,215,255
121,129,193,206,214,255
121,130,192,206,214,255
121,131,192,206,214,255
121,132,192,205,215,255
121,133,192,204,214,255
121,134,192,203,213,255
121,135,192,203,213,255
121,136,192,204,215,255
121,137,193,204,215,255
121,138,194,204,214,255
121,139,194,204,214,255
121,140,196,203,214,255
121,141,183,197,209,255
121,142,183,197,209,255
121,143,114,151,175,255
122,0,173,173,178,255
122,1,173,174,178,255
122,2,173,174,178,255
122,3,174,174,178,255
122,4,174,174,178,255
122,5,174,174,178,255
122,6,174,174,177,255
122,7,174,173,176,255
122,8,174,173,176,255
122,9,174,173,176,255
122,10,175,173,175,255
122,11,175,173,175,255
122,12,175,173,175,255
122,13,175,173,175,255
122,14,175,173,175,255
122,15,174,173,175,255
122,16,175,173,175,255
122,17,174,173,174,255
122,18,174,173,175,255
122,19,174,173,175,255
122,20,173,172,174,255
122,21,174,173,175,255
122,22,173,172,174,255
122,23,174,173,174,255
122,24,175,173,174,255
122,25,175,173,173,255
122,26,175,173,173,255
122,27,175,172,173,255
122,28,175,173,173,255
122,29,175,173,173,255
122,30,175,173,173,255
122,31,176,173,173,255
122,32,176,173,171,255
122,33,176,172,170,255
122,34,176,170,167,255
122,35,176,171,167,255
122,36,177,173,170,255
122,37,178,173,172,255
122,38,177,175,173,255
122,39,177,174,173,255
122,40,178,175,172,255
122,41,178,174,172,255
122,42,178,175,172,255
122,43,178,175,173,255
122,44,179,173,170,255
122,45,163,156,150,255
122,46,50,53,59,255
122,47,64,66,73,255
122,48,38,42,69,255
122,49,34,42,66,255
122,50,28,34,59,255
122,51,22,28,38,255
122,52,22,28,28,255
122,53,28,34,34,255
122,54,34,46,46,255
122,55,56,66,66,255
122,56,56,69,66,255
122,57,69,75,75,255
122,58,38,42,53,255
122,59,34,38,61,255
122,60,38,42,56,255
122,61,34,38,64,255
122,62,34,46,66,255
122,63,56,71,95,255
122,64,53,69,93,255
122,65,50,66,90,255
122,66,50,66,90,255
122,67,53,66,91,255
122,68,46,64,90,255
122,69,42,59,88,255
122,70,42,61,90,255
122,71,42,61,93,255
122,72,42,61,93,255
122,73,42,61,95,255
122,74,46,66,96,255
122,75,42,61,90,255
122,76,38,56,86,255
122,77,38,53,81,255
122,78,34,50,79,255
122,79,34,50,81,255
122,80,34,61,79,255
122,81,99,148,167,255
122,82,114,167,189,255
122,83,113,155,176,255
122,84,158,178,195,255
122,85,199,210,221,255
122,86,203,214,223,255
122,87,204,214,223,255
122,88,204,214,223,255
122,89,202,213,222,255
122,90,203,214,223,255
122,91,202,214,222,255
122,92,202,213,221,255
122,93,202,211,221,255
122,94,202,213,222,255
122,95,205,215,223,255
122,96,202,213,222,255
122,97,200,213,221,255
122,98,200,211,222,255
122,99,200,212,222,255
122,100,200,213,221,255
122,101,200,212,220,255
122,102,201,211,221,255
122,103,200,211,220,255
122,104,201,210,220,255
122,105,201,211,220,255
122,106,201,211,221,255
122,107,199,210,221,255
122,108,198,210,220,255
122,109,199,211,220,255
122,110,199,211,220,255
122,111,199,211,221,255
122,112,197,211,220,255
122,113,197,210,220,255
122,114,197,210,220,255
122,115,197,210,220,255
122,116,197,210,221,255
122,117,199,210,221,255
122,118,198,209,220,255
122,119,196,208,218,255
122,120,195,208,217,255
122,121,195,208,218,255
122,122,195,208,219,255
122,123,194,209,219,255
122,124,194,209,219,255
122,125,194,209,219,255
122,126,195,208,218,255
122,127,194,208,218,255
122,128,193,206,215,255
122,129,192,205,214,255
122,130,190,205,214,255
122,131,190,205,214,255
122,132,192,206,215,255
122,133,192,205,215,255
122,134,191,203,214,255
122,135,191,203,214,255
122,136,192,203,214,255
122,137,193,204,214,255
122,138,192,202,212,255
122,139,192,202,212,255
122,140,192,203,212,255
122,141,189,200,210,255
122,142,189,200,210,255
122,143,127,160,182,255
123,0,173,174,178,255
123,1,173,174,178,255
123,2,173,174,178,255
123,3,174,174,178,255
123,4,174,174,178,255
123,5,174,174,178,255
123,6,174,173,177,255
123,7,174,174,177,255
123,8,174,174,177,255
123,9,174,174,177,255
123,10,175,173,176,255
123,11,175,173,175,255
123,12,175,173,175,255
123,13,175,173,175,255
123,14,175,173,175,255
123,15,175,173,175,255
123,16,174,173,175,255
123,17,174,173,175,255
123,18,175,173,175,255
123,19,175,173,175,255
123,20,173,172,174,255
123,21,174,173,175,255
123,22,174,172,174,255
123,23,173,172,173,255
123,24,174,173,174,255
123,25,175,173,174,255
123,26,175,173,173,255
123,27,175,173,173,255
123,28,175,172,173,255
123,29,175,172,173,255
123,30,175,173,173,255
123,31,175,173,173,255
123,32,176,173,172,255
123,33,176,173,171,255
123,34,176,171,169,255
123,35,176,171,168,255
123,36,178,173,170,255
123,37,178,173,171,255
123,38,178,175,173,255
123,39,177,174,173,255
123,40,178,175,173,255
123,41,178,175,172,255
123,42,178,175,172,255
123,43,178,175,173,255
123,44,179,173,169,255
123,45,154,148,142,255
123,46,38,42,50,255
123,47,56,59,69,255
123,48,34,42,66,255
123,49,28,38,64,255
123,50,28,34,56,255
123,51,22,28,34,255
123,52,22,22,22,255
123,53,22,28,28,255
123,54,38,46,46,255
123,55,50,61,61,255
123,56,64,73,73,255
123,57,53,64,66,255
123,58,34,42,59,255
123,59,28,38,64,255
123,60,34,42,64,255
123,61,28,38,56,255
123,62,38,46,64,255
123,63,56,75,101,255
123,64,53,66,93,255
123,65,46,61,88,255
123,66,46,61,86,255
123,67,46,61,88,255
123,68,42,59,85,255
123,69,38,56,83,255
123,70,38,56,86,255
123,71,42,59,90,255
123,72,42,61,93,255
123,73,42,61,93,255
123,74,42,64,95,255
123,75,42,59,90,255
123,76,38,56,85,255
123,77,38,50,81,255
123,78,38,53,81,255
123,79,38,53,83,255
123,80,38,64,81,255
123,81,96,146,163,255
123,82,115,168,190,255
123,83,110,155,176,255
123,84,148,170,189,255
123,85,196,208,219,255
123,86,203,214,223,255
123,87,204,214,223,255
123,88,203,214,223,255
123,89,202,213,222,255
123,90,203,214,222,255
123,91,203,214,222,255
123,92,203,214,222,255
123,93,200,212,221,255
123,94,202,212,222,255
123,95,203,214,223,255
123,96,200,213,222,255
123,97,200,213,222,255
123,98,202,211,221,255
123,99,200,212,222,255
123,100,200,213,222,255
123,101,200,213,221,255
123,102,202,211,220,255
123,103,200,210,219,255
123,104,200,211,220,255
123,105,199,211,220,255
123,106,199,210,220,255
123,107,199,210,220,255
123,108,198,210,220,255
123,109,199,211,221,255
123,110,199,210,219,255
123,111,199,211,220,255
123,112,197,210,219,255
123,113,197,209,219,255
123,114,197,210,220,255
123,115,197,210,220,255
123,116,197,210,220,255
123,117,197,208,220,255
123,118,198,209,219,255
123,119,196,208,218,255
123,120,196,208,217,255
123,121,196,209,219,255
123,122,196,209,220,255
123,123,194,209,220,255
123,124,194,209,220,255
123,125,194,209,220,255
123,126,195,207,218,255
123,127,194,208,218,255
123,128,194,207,217,255
123,129,194,206,216,255
123,130,193,206,215,255
123,131,193,206,215,255
123,132,192,206,214,255
123,133,192,204,215,255
123,134,192,203,215,255
123,135,192,203,215,255
123,136,193,203,214,255
123,137,192,203,214,255
123,138,193,201,211,255
123,139,193,201,211,255
123,140,192,201,211,255
123,141,190,202,212,255
123,142,190,202,212,255
123,143,151,175,193,255
124,0,173,174,178,255
124,1,173,174,178,255
124,2,173,174,178,255
124,3,173,174,178,255
124,4,174,174,178,255
124,5,174,174,178,255
124,6,174,174,178,255
124,7,174,174,178,255
124,8,174,173,177,255
124,9,174,173,177,255
124,10,175,173,177,255
124,11,175,173,175,255
124,12,175,173,175,255
124,13,175,173,175,255
124,14,175,173,175,255
124,15,175,173,175,255
124,16,174,173,175,255
124,17,174,173,175,255
124,18,174,173,175,255
124,19,174,173,175,255
124,20,173,173,175,255
124,21,174,173,175,255
124,22,174,173,175,255
124,23,174,172,174,255
124,24,174,173,174,255
124,25,175,173,174,255
124,26,175,173,173,255
124,27,174,172,173,255
124,28,175,173,173,255
124,29,175,173,173,255
124,30,175,173,173,255
124,31,175,173,173,255
124,32,177,174,173,255
124,33,177,173,172,255
124,34,176,172,170,255
124,35,177,171,169,255
124,36,178,173,170,255
124,37,178,175,173,255
124,38,178,174,173,255
124,39,177,174,173,255
124,40,178,175,173,255
124,41,179,175,173,255
124,42,178,175,173,255
124,43,179,175,172,255
124,44,179,173,169,255
124,45,149,143,137,255
124,46,28,34,46,255
124,47,42,50,64,255
124,48,34,38,64,255
124,49,28,38,61,255
124,50,22,34,56,255
124,51,22,28,42,255
124,52,22,28,34,255
124,53,13,28,34,255
124,54,34,38,50,255
124,55,28,38,50,255
124,56,34,42,53,255
124,57,38,50,61,255
124,58,28,38,64,255
124,59,28,38,66,255
124,60,34,42,66,255
124,61,38,42,53,255
124,62,42,56,73,255
124,63,61,77,102,255
124,64,50,64,90,255
124,65,46,56,83,255
124,66,42,56,79,255
124,67,46,56,81,255
124,68,38,53,79,255
124,69,38,53,79,255
124,70,38,53,83,255
124,71,38,56,88,255
124,72,38,59,90,255
124,73,42,64,93,255
124,74,42,66,96,255
124,75,42,61,93,255
124,76,38,59,90,255
124,77,38,56,86,255
124,78,42,56,88,255
124,79,42,56,86,255
124,80,42,61,88,255
124,81,95,143,161,255
124,82,118,172,193,255
124,83,117,162,183,255
124,84,144,168,186,255
124,85,187,205,218,255
124,86,202,214,223,255
124,87,202,213,222,255
124,88,203,214,223,255
124,89,202,213,222,255
124,90,202,214,223,255
124,91,203,214,223,255
124,92,202,213,222,255
124,93,203,213,222,255
124,94,202,213,222,255
124,95,203,214,223,255
124,96,206,216,225,255
124,97,201,213,223,255
124,98,200,211,221,255
124,99,200,212,222,255
124,100,200,213,221,255
124,101,200,212,221,255
124,102,200,210,220,255
124,103,200,210,220,255
124,104,200,210,220,255
124,105,200,211,220,255
124,106,199,210,219,255
124,107,199,210,220,255
124,108,197,210,220,255
124,109,198,210,221,255
124,110,199,210,219,255
124,111,197,209,219,255
124,112,197,209,218,255
124,113,197,209,218,255
124,114,196,210,218,255
124,115,196,210,218,255
124,116,197,209,219,255
124,117,197,208,219,255
124,118,196,209,219,255
124,119,196,210,219,255
124,120,196,209,218,255
124,121,196,208,218,255
124,122,194,208,218,255
124,123,194,208,218,255
124,124,194,208,219,255
124,125,194,208,219,255
124,126,195,207,218,255
124,127,194,206,217,255
124,128,193,208,217,255
124,129,194,208,217,255
124,130,194,208,216,255
124,131,194,208,216,255
124,132,193,206,216,255
124,133,192,205,215,255
124,134,194,205,215,255
124,135,194,205,215,255
124,136,194,204,215,255
124,137,192,203,214,255
124,138,192,202,213,255
124,139,192,202,213,255
124,140,195,202,213,255
124,141,190,202,211,255
124,142,190,202,211,255
124,143,163,184,198,255
125,0,173,174,178,255
125,1,174,175,178,255
125,2,174,175,178,255
125,3,174,175,178,255
125,4,174,174,178,255
125,5,174,174,178,255
125,6,174,174,178,255
125,7,174,174,178,255
125,8,175,174,178,255
125,9,175,174,178,255
125,10,175,174,177,255
125,11,175,173,176,255
125,12,175,173,175,255
125,13,175,173,175,255
125,14,175,173,176,255
125,15,174,173,176,255
125,16,175,173,176,255
125,17,174,173,175,255
125,18,175,173,175,255
125,19,175,173,175,255
125,20,175,173,175,255
125,21,173,173,175,255
125,22,174,173,175,255
125,23,174,173,175,255
125,24,174,173,174,255
125,25,176,173,175,255
125,26,175,173,174,255
125,27,175,173,174,255
125,28,175,173,174,255
125,29,175,173,174,255
125,30,175,173,174,255
125,31,175,173,173,255
125,32,177,174,173,255
125,33,178,173,172,255
125,34,178,173,171,255
125,35,178,172,169,255
125,36,178,173,170,255
125,37,178,175,172,255
125,38,178,175,173,255
125,39,178,174,173,255
125,40,178,175,173,255
125,41,178,175,173,255
125,42,178,175,172,255
125,43,180,175,173,255
125,44,179,173,167,255
125,45,139,133,129,255
125,46,34,38,50,255
125,47,28,38,59,255
125,48,34,42,66,255
125,49,28,38,64,255
125,50,28,38,64,255
125,51,22,28,53,255
125,52,22,28,53,255
125,53,28,34,59,255
125,54,28,34,59,255
125,55,22,34,56,255
125,56,28,38,66,255
125,57,28,34,59,255
125,58,22,34,64,255
125,59,28,34,64,255
125,60,34,42,66,255
125,61,28,38,61,255
125,62,34,50,71,255
125,63,53,69,96,255
125,64,50,61,88,255
125,65,46,56,81,255
125,66,42,53,77,255
125,67,42,56,81,255
125,68,38,53,77,255
125,69,38,53,79,255
125,70,38,56,85,255
125,71,42,59,90,255
125,72,38,61,91,255
125,73,38,61,93,255
125,74,46,66,99,255
125,75,42,64,98,255
125,76,42,61,95,255
125,77,42,61,93,255
125,78,42,61,91,255
125,79,42,61,91,255
125,80,42,69,90,255
125,81,90,137,155,255
125,82,118,171,193,255
125,83,121,164,186,255
125,84,138,164,182,255
125,85,185,199,211,255
125,86,202,212,222,255
125,87,202,213,222,255
125,88,202,213,222,255
125,89,203,214,223,255
125,90,203,213,223,255
125,91,203,214,223,255
125,92,202,213,222,255
125,93,203,213,222,255
125,94,202,213,222,255
125,95,210,219,227,255
125,96,213,221,229,255
125,97,204,215,225,255
125,98,200,212,222,255
125,99,200,212,222,255
125,100,201,213,222,255
125,101,200,212,221,255
125,102,200,210,220,255
125,103,201,210,219,255
125,104,201,210,219,255
125,105,201,211,220,255
125,106,200,210,221,255
125,107,200,210,221,255
125,108,198,210,220,255
125,109,198,209,219,255
125,110,200,209,219,255
125,111,199,209,219,255
125,112,199,209,218,255
125,113,197,209,218,255
125,114,197,210,219,255
125,115,197,210,219,255
125,116,197,208,219,255
125,117,197,209,220,255
125,118,196,209,219,255
125,119,197,210,219,255
125,120,197,208,217,255
125,121,196,206,216,255
125,122,195,207,217,255
125,123,194,207,217,255
125,124,194,207,217,255
125,125,194,207,217,255
125,126,194,206,217,255
125,127,194,206,217,255
125,128,193,207,217,255
125,129,193,207,216,255
125,130,194,208,217,255
125,131,194,208,217,255
125,132,192,206,215,255
125,133,193,205,215,255
125,134,194,205,215,255
125,135,194,205,215,255
125,136,193,204,215,255
125,137,191,202,213,255
125,138,192,202,212,255
125,139,192,202,212,255
125,140,194,202,213,255
125,141,193,202,211,255
125,142,193,202,211,255
125,143,180,194,206,255
126,0,173,175,179,255
126,1,173,174,178,255
126,2,173,174,178,255
126,3,174,175,179,255
126,4,174,175,178,255
126,5,174,175,178,255
126,6,175,174,178,255
126,7,174,174,178,255
126,8,175,174,178,255
126,9,175,174,178,255
126,10,175,174,177,255
126,11,175,174,177,255
126,12,175,173,176,255
126,13,175,173,176,255
126,14,175,173,176,255
126,15,174,173,176,255
126,16,175,173,176,255
126,17,175,173,176,255
126,18,175,174,175,255
126,19,175,174,175,255
126,20,175,173,175,255
126,21,175,173,175,255
126,22,175,173,175,255
126,23,175,173,175,255
126,24,174,173,175,255
126,25,175,173,174,255
126,26,176,173,175,255
126,27,176,173,174,255
126,28,175,173,174,255
126,29,175,173,174,255
126,30,175,173,173,255
126,31,175,173,173,255
126,32,177,173,174,255
126,33,178,173,173,255
126,34,178,173,171,255
126,35,178,172,169,255
126,36,178,173,170,255
126,37,178,174,172,255
126,38,178,174,172,255
126,39,178,175,173,255
126,40,178,175,173,255
126,41,179,175,173,255
126,42,179,175,172,255
126,43,180,175,173,255
126,44,173,167,162,255
126,45,125,119,115,255
126,46,38,46,56,255
126,47,28,34,59,255
126,48,34,42,66,255
126,49,28,38,64,255
126,50,28,38,64,255
126,51,22,34,61,255
126,52,22,34,64,255
126,53,28,38,64,255
126,54,22,34,61,255
126,55,28,34,64,255
126,56,22,34,66,255
126,57,28,38,66,255
126,58,28,34,64,255
126,59,28,38,64,255
126,60,34,42,69,255
126,61,28,38,66,255
126,62,38,50,73,255
126,63,53,69,93,255
126,64,50,61,86,255
126,65,42,53,79,255
126,66,42,56,81,255
126,67,42,56,81,255
126,68,38,53,79,255
126,69,38,53,79,255
126,70,38,56,85,255
126,71,42,59,90,255
126,72,42,61,91,255
126,73,38,61,91,255
126,74,46,66,98,255
126,75,46,66,98,255
126,76,46,64,96,255
126,77,42,61,93,255
126,78,42,61,90,255
126,79,42,64,91,255
126,80,50,64,88,255
126,81,85,129,146,255
126,82,117,170,192,255
126,83,126,170,192,255
126,84,136,164,182,255
126,85,182,197,210,255
126,86,200,211,221,255
126,87,203,213,222,255
126,88,204,214,223,255
126,89,204,214,223,255
126,90,202,213,222,255
126,91,202,214,222,255
126,92,202,212,221,255
126,93,202,213,221,255
126,94,202,213,222,255
126,95,209,218,226,255
126,96,212,221,229,255
126,97,205,215,224,255
126,98,201,213,222,255
126,99,200,212,222,255
126,100,200,213,222,255
126,101,200,211,221,255
126,102,200,210,220,255
126,103,199,209,218,255
126,104,201,210,219,255
126,105,199,210,220,255
126,106,201,211,221,255
126,107,199,210,220,255
126,108,198,210,219,255
126,109,199,209,218,255
126,110,200,209,219,255
126,111,199,208,218,255
126,112,199,209,219,255
126,113,197,209,219,255
126,114,195,209,219,255
126,115,195,209,219,255
126,116,197,208,219,255
126,117,197,210,220,255
126,118,196,209,219,255
126,119,197,209,219,255
126,120,200,208,218,255
126,121,197,206,216,255
126,122,196,207,216,255
126,123,195,208,217,255
126,124,195,206,217,255
126,125,195,206,217,255
126,126,194,206,217,255
126,127,192,205,216,255
126,128,193,206,216,255
126,129,194,207,217,255
126,130,195,208,217,255
126,131,195,208,217,255
126,132,194,207,217,255
126,133,194,206,216,255
126,134,192,204,215,255
126,135,192,204,215,255
126,136,190,202,213,255
126,137,192,202,211,255
126,138,192,202,212,255
126,139,192,202,212,255
126,140,192,201,211,255
126,141,194,202,211,255
126,142,194,202,211,255
126,143,186,199,209,255
127,0,174,175,178,255
127,1,175,175,178,255
127,2,175,175,178,255
127,3,175,175,179,255
127,4,175,175,178,255
127,5,175,175,178,255
127,6,175,175,178,255
127,7,174,174,178,255
127,8,174,174,178,255
127,9,174,174,178,255
127,10,175,174,178,255
127,11,175,173,177,255
127,12,175,174,177,255
127,13,175,174,177,255
127,14,175,174,177,255
127,15,174,173,176,255
127,16,174,173,176,255
127,17,175,173,176,255
127,18,175,173,176,255
127,19,175,173,176,255
127,20,175,173,175,255
127,21,175,173,175,255
127,22,175,173,175,255
127,23,175,173,175,255
127,24,175,173,175,255
127,25,175,173,174,255
127,26,176,174,175,255
127,27,175,173,174,255
127,28,175,173,174,255
127,29,175,173,174,255
127,30,175,173,174,255
127,31,175,173,173,255
127,32,176,173,173,255
127,33,178,174,173,255
127,34,178,173,172,255
127,35,178,172,169,255
127,36,178,172,169,255
127,37,178,173,171,255
127,38,178,174,172,255
127,39,178,175,173,255
127,40,178,175,173,255
127,41,179,175,173,255
127,42,180,175,173,255
127,43,180,175,172,255
127,44,168,162,156,255
127,45,112,106,104,255
127,46,22,34,46,255
127,47,28,38,64,255
127,48,28,38,64,255
127,49,28,38,66,255
127,50,28,38,69,255
127,51,22,34,64,255
127,52,28,34,64,255
127,53,28,38,64,255
127,54,34,38,64,255
127,55,28,38,64,255
127,56,28,38,69,255
127,57,34,42,69,255
127,58,28,38,64,255
127,59,28,34,64,255
127,60,34,42,69,255
127,61,28,34,66,255
127,62,34,46,73,255
127,63,50,64,91,255
127,64,42,59,85,255
127,65,42,56,79,255
127,66,38,53,79,255
127,67,38,56,81,255
127,68,38,53,79,255
127,69,38,53,79,255
127,70,42,59,86,255
127,71,42,59,90,255
127,72,38,59,90,255
127,73,38,61,91,255
127,74,46,64,96,255
127,75,46,64,96,255
127,76,42,61,95,255
127,77,42,61,93,255
127,78,42,64,93,255
127,79,46,64,93,255
127,80,42,64,86,255
127,81,79,122,139,255
127,82,113,166,188,255
127,83,128,176,197,255
127,84,135,165,184,255
127,85,180,196,209,255
127,86,200,212,222,255
127,87,204,214,222,255
127,88,203,214,223,255
127,89,202,213,222,255
127,90,203,214,223,255
127,91,202,213,223,255
127,92,202,212,221,255
127,93,202,213,221,255
127,94,201,213,221,255
127,95,205,214,223,255
127,96,206,216,225,255
127,97,202,213,223,255
127,98,200,212,222,255
127,99,200,211,221,255
127,100,200,211,221,255
127,101,200,212,221,255
127,102,200,210,220,255
127,103,201,209,218,255
127,104,200,210,219,255
127,105,200,210,219,255
127,106,200,210,220,255
127,107,201,210,219,255
127,108,199,210,219,255
127,109,199,210,219,255
127,110,202,210,218,255
127,111,202,209,218,255
127,112,200,209,218,255
127,113,200,209,220,255
127,114,197,208,219,255
127,115,197,208,219,255
127,116,197,209,219,255
127,117,199,210,220,255
127,118,197,209,219,255
127,119,198,208,218,255
127,120,197,207,217,255
127,121,196,206,215,255
127,122,196,206,215,255
127,123,196,208,217,255
127,124,197,208,218,255
127,125,197,208,218,255
127,126,194,206,217,255
127,127,193,205,217,255
127,128,194,206,217,255
127,129,195,208,217,255
127,130,194,208,217,255
127,131,194,208,217,255
127,132,196,206,217,255
127,133,194,205,216,255
127,134,192,204,215,255
127,135,192,204,215,255
127,136,192,203,214,255
127,137,194,203,213,255
127,138,193,203,213,255
127,139,193,203,213,255
127,140,192,201,211,255
127,141,192,202,211,255
127,142,192,202,211,255
127,143,191,202,210,255
128,0,175,175,179,255
128,1,175,175,179,255
128,2,175,175,179,255
128,3,175,175,179,255
128,4,175,175,179,255
128,5,175,175,179,255
128,6,175,175,178,255
128,7,175,174,178,255
128,8,175,175,178,255
128,9,175,175,178,255
128,10,175,174,178,255
128,11,175,174,177,255
128,12,175,174,178,255
128,13,175,174,178,255
128,14,175,174,177,255
128,15,174,173,176,255
128,16,175,174,176,255
128,17,175,173,176,255
128,18,175,173,176,255
128,19,175,173,176,255
128,20,175,173,175,255
128,21,175,173,175,255
128,22,175,173,175,255
128,23,175,173,175,255
128,24,175,173,175,255
128,25,175,173,175,255
128,26,175,173,174,255
128,27,176,173,174,255
128,28,176,173,174,255
128,29,176,173,174,255
128,30,176,173,174,255
128,31,176,173,174,255
128,32,176,173,174,255
128,33,178,173,173,255
128,34,178,173,172,255
128,35,178,172,169,255
128,36,178,171,168,255
128,37,178,173,170,255
128,38,178,175,172,255
128,39,178,175,173,255
128,40,178,175,173,255
128,41,179,175,173,255
128,42,179,175,172,255
128,43,178,174,170,255
128,44,162,155,149,255
128,45,93,91,90,255
128,46,22,28,50,255
128,47,34,38,64,255
128,48,28,38,66,255
128,49,28,38,66,255
128,50,28,34,66,255
128,51,22,34,66,255
128,52,28,38,66,255
128,53,28,38,64,255
128,54,28,34,61,255
128,55,28,34,66,255
128,56,28,38,71,255
128,57,34,42,69,255
128,58,22,34,64,255
128,59,34,38,66,255
128,60,34,42,69,255
128,61,22,34,66,255
128,62,38,50,81,255
128,63,56,71,98,255
128,64,38,56,85,255
128,65,38,53,83,255
128,66,42,53,81,255
128,67,38,53,81,255
128,68,38,53,81,255
128,69,38,53,81,255
128,70,38,56,85,255
128,71,38,56,86,255
128,72,38,53,86,255
128,73,34,53,85,255
128,74,38,59,90,255
128,75,42,61,93,255
128,76,38,61,91,255
128,77,42,64,95,255
128,78,42,61,95,255
128,79,42,61,93,255
128,80,38,59,83,255
128,81,75,118,135,255
128,82,108,161,183,255
128,83,121,173,196,255
128,84,129,163,182,255
128,85,178,194,209,255
128,86,200,213,223,255
128,87,204,214,223,255
128,88,202,213,222,255
128,89,202,213,222,255
128,90,202,213,223,255
128,91,203,213,223,255
128,92,203,211,221,255
128,93,202,212,220,255
128,94,202,212,222,255
128,95,200,211,221,255
128,96,202,212,221,255
128,97,201,212,222,255
128,98,200,211,221,255
128,99,200,211,221,255
128,100,200,211,221,255
128,101,200,211,221,255
128,102,200,210,219,255
128,103,199,209,218,255
128,104,199,210,218,255
128,105,199,210,219,255
128,106,200,210,220,255
128,107,200,210,220,255
128,108,198,211,220,255
128,109,199,210,219,255
128,110,200,209,218,255
128,111,200,208,217,255
128,112,201,209,218,255
128,113,199,209,219,255
128,114,197,208,219,255
128,115,197,208,219,255
128,116,197,208,217,255
128,117,198,208,217,255
128,118,197,210,218,255
128,119,197,208,218,255
128,120,197,207,217,255
128,121,196,207,217,255
128,122,195,206,215,255
128,123,196,206,215,255
128,124,196,207,217,255
128,125,196,207,217,255
128,126,194,205,217,255
128,127,192,204,216,255
128,128,192,205,216,255
128,129,191,206,216,255
128,130,195,207,217,255
128,131,195,207,217,255
128,132,194,205,215,255
128,133,192,203,215,255
128,134,194,204,215,255
128,135,194,204,215,255
128,136,194,204,214,255
128,137,196,205,213,255
128,138,194,203,213,255
128,139,194,203,213,255
128,140,194,202,213,255
128,141,194,203,213,255
128,142,194,203,213,255
128,143,191,202,211,255
129,0,174,175,179,255
129,1,175,175,179,255
129,2,175,175,179,255
129,3,175,175,180,255
129,4,175,175,179,255
129,5,175,175,179,255
129,6,175,175,178,255
129,7,175,175,178,255
129,8,175,174,178,255
129,9,175,174,178,255
129,10,175,174,178,255
129,11,175,174,178,255
129,12,175,174,178,255
129,13,175,174,178,255
129,14,175,174,178,255
129,15,175,174,177,255
129,16,175,174,177,255
129,17,175,173,177,255
129,18,175,173,175,255
129,19,175,173,175,255
129,20,175,173,175,255
129,21,175,173,176,255
129,22,175,173,175,255
129,23,175,173,175,255
129,24,175,173,175,255
129,25,175,173,175,255
129,26,175,173,175,255
129,27,176,174,175,255
129,28,176,173,175,255
129,29,176,173,175,255
129,30,176,173,174,255
129,31,176,173,174,255
129,32,177,174,174,255
129,33,178,174,174,255
129,34,178,174,173,255
129,35,178,172,169,255
129,36,178,171,167,255
129,37,178,173,169,255
129,38,178,174,170,255
129,39,179,175,173,255
129,40,178,175,173,255
129,41,178,175,173,255
129,42,180,175,173,255
129,43,179,174,170,255
129,44,155,149,145,255
129,45,75,73,75,255
129,46,13,28,50,255
129,47,34,42,64,255
129,48,28,38,64,255
129,49,28,38,64,255
129,50,22,34,64,255
129,51,28,38,64,255
129,52,28,34,64,255
129,53,28,38,64,255
129,54,28,38,61,255
129,55,28,38,66,255
129,56,34,42,71,255
129,57,34,42,69,255
129,58,22,34,64,255
129,59,28,38,64,255
129,60,28,38,69,255
129,61,22,34,66,255
129,62,38,53,85,255
129,63,46,61,91,255
129,64,42,59,86,255
129,65,38,53,81,255
129,66,34,50,77,255
129,67,38,53,81,255
129,68,34,50,77,255
129,69,34,46,75,255
129,70,38,50,79,255
129,71,34,50,79,255
129,72,34,50,79,255
129,73,34,46,79,255
129,74,38,53,83,255
129,75,38,53,85,255
129,76,38,56,86,255
129,77,42,61,91,255
129,78,42,61,90,255
129,79,42,61,90,255
129,80,38,56,83,255
129,81,71,113,131,255
129,82,106,161,184,255
129,83,125,180,203,255
129,84,128,165,186,255
129,85,174,193,209,255
129,86,201,213,223,255
129,87,204,214,223,255
129,88,202,213,223,255
129,89,202,213,222,255
129,90,202,213,222,255
129,91,202,213,222,255
129,92,202,212,221,255
129,93,203,213,221,255
129,94,201,213,222,255
129,95,202,212,221,255
129,96,201,212,222,255
129,97,205,215,223,255
129,98,200,212,222,255
129,99,200,211,221,255
129,100,200,212,222,255
129,101,200,211,221,255
129,102,200,210,219,255
129,103,201,210,218,255
129,104,199,210,219,255
129,105,200,210,220,255
129,106,199,210,220,255
129,107,201,211,221,255
129,108,199,212,221,255
129,109,199,210,220,255
129,110,200,209,218,255
129,111,200,209,218,255
129,112,201,209,218,255
129,113,197,208,218,255
129,114,196,208,219,255
129,115,196,208,219,255
129,116,198,208,217,255
129,117,198,208,216,255
129,118,198,209,218,255
129,119,197,208,218,255
129,120,197,207,218,255
129,121,196,208,217,255
129,122,195,207,217,255
129,123,196,206,217,255
129,124,197,207,218,255
129,125,197,207,218,255
129,126,194,205,217,255
129,127,194,205,217,255
129,128,195,206,217,255
129,129,195,207,218,255
129,130,194,206,217,255
129,131,194,206,217,255
129,132,192,205,216,255
129,133,192,203,215,255
129,134,194,204,215,255
129,135,194,204,215,255
129,136,195,203,213,255
129,137,193,202,211,255
129,138,194,203,211,255
129,139,194,203,211,255
129,140,192,203,211,255
129,141,192,203,211,255
129,142,192,203,211,255
129,143,190,202,211,255
130,0,175,175,179,255
130,1,175,175,179,255
130,2,175,175,179,255
130,3,175,176,180,255
130,4,175,175,179,255
130,5,175,175,179,255
130,6,175,175,180,255
130,7,176,175,179,255
130,8,175,175,178,255
130,9,175,175,178,255
130,10,175,175,178,255
130,11,175,174,178,255
130,12,175,175,178,255
130,13,175,175,178,255
130,14,175,174,177,255
130,15,175,175,178,255
130,16,174,173,176,255
130,17,174,174,176,255
130,18,175,173,176,255
130,19,175,173,176,255
130,20,175,173,176,255
130,21,175,173,175,255
130,22,175,173,175,255
130,23,175,173,175,255
130,24,175,173,175,255
130,25,176,173,175,255
130,26,176,173,175,255
130,27,176,174,175,255
130,28,176,173,175,255
130,29,176,173,175,255
130,30,176,174,175,255
130,31,176,173,174,255
130,32,176,173,174,255
130,33,178,175,174,255
130,34,178,173,172,255
130,35,178,173,169,255
130,36,178,172,168,255
130,37,178,173,168,255
130,38,178,174,170,255
130,39,179,175,172,255
130,40,180,175,173,255
130,41,179,175,173,255
130,42,179,175,173,255
130,43,175,170,167,255
130,44,145,139,134,255
130,45,61,64,69,255
130,46,34,42,64,255
130,47,34,42,66,255
130,48,28,38,64,255
130,49,28,38,64,255
130,50,28,38,64,255
130,51,34,38,66,255
130,52,28,38,64,255
130,53,28,34,61,255
130,54,28,34,61,255
130,55,28,38,66,255
130,56,28,42,69,255
130,57,28,42,66,255
130,58,28,38,66,255
130,59,28,38,66,255
130,60,34,42,66,255
130,61,34,42,71,255
130,62,42,56,86,255
130,63,46,61,90,255
130,64,38,53,81,255
130,65,38,50,77,255
130,66,34,46,75,255
130,67,28,46,73,255
130,68,34,46,73,255
130,69,28,46,73,255
130,70,34,46,73,255
130,71,28,42,73,255
130,72,28,42,75,255
130,73,34,46,77,255
130,74,34,46,75,255
130,75,34,46,75,255
130,76,34,50,79,255
130,77,38,53,83,255
130,78,38,56,85,255
130,79,38,56,85,255
130,80,34,53,81,255
130,81,69,106,127,255
130,82,108,163,186,255
130,83,132,183,205,255
130,84,125,165,187,255
130,85,170,190,205,255
130,86,200,212,223,255
130,87,204,214,223,255
130,88,202,213,222,255
130,89,202,213,222,255
130,90,203,213,223,255
130,91,202,214,222,255
130,92,202,213,221,255
130,93,202,213,221,255
130,94,202,213,221,255
130,95,202,212,222,255
130,96,212,220,227,255
130,97,215,223,230,255
130,98,205,216,225,255
130,99,201,213,222,255
130,100,200,212,221,255
130,101,200,212,221,255
130,102,200,210,220,255
130,103,201,210,218,255
130,104,199,210,219,255
130,105,199,210,219,255
130,106,199,210,220,255
130,107,201,211,221,255
130,108,199,211,220,255
130,109,199,210,220,255
130,110,199,209,217,255
130,111,200,209,217,255
130,112,200,209,217,255
130,113,198,208,217,255
130,114,197,208,218,255
130,115,197,208,218,255
130,116,200,209,219,255
130,117,199,209,217,255
130,118,201,210,218,255
130,119,200,209,219,255
130,120,197,208,219,255
130,121,196,208,218,255
130,122,196,208,217,255
130,123,197,208,217,255
130,124,197,208,218,255
130,125,197,208,218,255
130,126,194,206,217,255
130,127,194,206,217,255
130,128,196,207,218,255
130,129,196,208,218,255
130,130,194,206,217,255
130,131,194,206,217,255
130,132,194,205,217,255
130,133,193,205,216,255
130,134,194,203,215,255
130,135,194,203,215,255
130,136,193,203,213,255
130,137,193,202,211,255
130,138,194,202,211,255
130,139,194,202,211,255
130,140,192,202,211,255
130,141,190,200,210,255
130,142,190,200,210,255
130,143,190,202,210,255
131,0,175,175,180,255
131,1,175,175,180,255
131,2,175,175,180,255
131,3,175,175,180,255
131,4,175,175,179,255
131,5,175,175,179,255
131,6,175,175,179,255
131,7,175,175,178,255
131,8,175,175,178,255
131,9,175,175,178,255
131,10,175,175,178,255
131,11,175,175,178,255
131,12,175,174,178,255
131,13,175,174,178,255
131,14,175,175,178,255
131,15,175,174,178,255
131,16,175,174,177,255
131,17,176,175,177,255
131,18,175,174,176,255
131,19,175,174,176,255
131,20,175,174,177,255
131,21,175,174,176,255
131,22,175,173,176,255
131,23,175,173,175,255
131,24,175,174,175,255
131,25,175,173,175,255
131,26,175,173,175,255
131,27,175,173,175,255
131,28,176,174,175,255
131,29,176,174,175,255
131,30,176,173,174,255
131,31,177,174,175,255
131,32,176,173,174,255
131,33,178,174,174,255
131,34,178,174,172,255
131,35,178,173,170,255
131,36,178,172,168,255
131,37,178,173,169,255
131,38,178,173,170,255
131,39,180,175,172,255
131,40,179,175,172,255
131,41,180,176,173,255
131,42,179,175,173,255
131,43,175,170,166,255
131,44,139,133,128,255
131,45,53,59,66,255
131,46,34,42,64,255
131,47,34,46,69,255
131,48,34,42,69,255
131,49,28,38,66,255
131,50,34,42,69,255
131,51,34,38,66,255
131,52,28,38,66,255
131,53,28,34,64,255
131,54,28,38,66,255
131,55,28,42,69,255
131,56,28,42,69,255
131,57,34,42,66,255
131,58,28,38,66,255
131,59,28,38,66,255
131,60,28,38,66,255
131,61,34,46,75,255
131,62,42,61,90,255
131,63,42,61,90,255
131,64,38,53,83,255
131,65,38,50,79,255
131,66,34,46,79,255
131,67,34,46,77,255
131,68,28,42,75,255
131,69,28,42,75,255
131,70,28,42,71,255
131,71,28,38,69,255
131,72,28,38,69,255
131,73,28,38,69,255
131,74,22,34,64,255
131,75,28,38,66,255
131,76,34,42,71,255
131,77,28,46,71,255
131,78,28,46,73,255
131,79,28,46,77,255
131,80,34,46,75,255
131,81,69,104,125,255
131,82,105,160,185,255
131,83,129,182,204,255
131,84,125,166,187,255
131,85,163,184,199,255
131,86,199,210,220,255
131,87,204,214,223,255
131,88,202,213,222,255
131,89,202,212,221,255
131,90,203,213,222,255
131,91,202,213,222,255
131,92,202,213,221,255
131,93,202,212,222,255
131,94,202,213,222,255
131,95,202,213,221,255
131,96,214,222,229,255
131,97,220,227,233,255
131,98,208,218,227,255
131,99,200,212,222,255
131,100,200,213,221,255
131,101,200,212,221,255
131,102,200,211,221,255
131,103,200,210,219,255
131,104,200,210,219,255
131,105,199,210,220,255
131,106,200,210,220,255
131,107,199,211,220,255
131,108,199,211,220,255
131,109,200,210,219,255
131,110,200,209,218,255
131,111,200,210,218,255
131,112,200,209,217,255
131,113,199,208,216,255
131,114,199,208,218,255
131,115,199,208,218,255
131,116,201,210,218,255
131,117,201,209,218,255
131,118,202,210,219,255
131,119,201,209,220,255
131,120,199,208,218,255
131,121,198,209,217,255
131,122,197,207,216,255
131,123,199,208,217,255
131,124,197,208,218,255
131,125,197,208,218,255
131,126,194,207,217,255
131,127,194,206,217,255
131,128,195,207,217,255
131,129,194,206,217,255
131,130,194,207,217,255
131,131,194,207,217,255
131,132,194,206,217,255
131,133,193,205,216,255
131,134,194,205,215,255
131,135,194,205,215,255
131,136,194,204,214,255
131,137,193,202,213,255
131,138,192,202,212,255
131,139,192,202,212,255
131,140,191,202,211,255
131,141,192,201,210,255
131,142,192,201,210,255
131,143,192,202,210,255
132,0,175,175,180,255
132,1,175,176,180,255
132,2,175,176,180,255
132,3,175,175,180,255
132,4,175,175,179,255
132,5,175,175,179,255
132,6,175,175,179,255
132,7,175,175,179,255
132,8,176,175,179,255
132,9,176,175,179,255
132,10,176,175,179,255
132,11,176,175,178,255
132,12,175,175,178,255
132,13,175,175,178,255
132,14,175,174,178,255
132,15,175,174,177,255
132,16,175,174,177,255
132,17,176,174,177,255
132,18,175,174,176,255
132,19,175,174,176,255
132,20,175,173,176,255
132,21,175,174,176,255
132,22,175,174,176,255
132,23,175,173,176,255
132,24,175,174,176,255
132,25,175,174,175,255
132,26,176,173,175,255
132,27,176,174,175,255
132,28,176,173,175,255
132,29,176,173,175,255
132,30,176,174,174,255
132,31,176,174,174,255
132,32,176,174,174,255
132,33,178,175,174,255
132,34,178,174,172,255
132,35,178,173,170,255
132,36,178,173,169,255
132,37,178,173,169,255
132,38,178,174,170,255
132,39,180,175,171,255
132,40,180,175,173,255
132,41,180,176,173,255
132,42,180,176,174,255
132,43,175,170,167,255
132,44,148,142,137,255
132,45,71,73,77,255
132,46,34,46,66,255
132,47,38,46,69,255
132,48,34,42,69,255
132,49,34,42,69,255
132,50,34,42,71,255
132,51,34,42,69,255
132,52,28,38,66,255
132,53,28,38,64,255
132,54,28,38,66,255
132,55,34,42,69,255
132,56,28,38,66,255
132,57,34,42,66,255
132,58,28,34,64,255
132,59,34,42,66,255
132,60,34,42,69,255
132,61,38,50,77,255
132,62,46,64,93,255
132,63,46,64,95,255
132,64,42,61,93,255
132,65,46,61,91,255
132,66,42,59,90,255
132,67,38,56,86,255
132,68,38,53,83,255
132,69,34,50,79,255
132,70,34,46,75,255
132,71,28,42,71,255
132,72,28,38,66,255
132,73,22,34,66,255
132,74,28,38,69,255
132,75,28,38,66,255
132,76,22,34,61,255
132,77,22,34,61,255
132,78,28,38,64,255
132,79,34,42,69,255
132,80,34,42,71,255
132,81,61,95,118,255
132,82,101,154,179,255
132,83,125,180,202,255
132,84,125,167,188,255
132,85,155,178,194,255
132,86,197,209,220,255
132,87,203,213,222,255
132,88,202,213,222,255
132,89,202,213,222,255
132,90,203,213,222,255
132,91,202,213,222,255
132,92,204,213,221,255
132,93,202,213,222,255
132,94,202,213,222,255
132,95,201,212,221,255
132,96,211,219,227,255
132,97,219,226,232,255
132,98,209,219,228,255
132,99,200,212,221,255
132,100,200,213,221,255
132,101,200,212,221,255
132,102,200,211,220,255
132,103,201,211,219,255
132,104,201,210,219,255
132,105,199,210,220,255
132,106,199,210,220,255
132,107,199,210,220,255
132,108,200,210,219,255
132,109,200,209,218,255
132,110,199,208,217,255
132,111,200,209,217,255
132,112,200,209,217,255
132,113,198,207,215,255
132,114,199,208,216,255
132,115,199,208,216,255
132,116,199,209,217,255
132,117,202,209,218,255
132,118,200,209,218,255
132,119,200,209,218,255
132,120,199,209,217,255
132,121,197,208,216,255
132,122,199,208,216,255
132,123,200,208,217,255
132,124,197,208,217,255
132,125,197,208,217,255
132,126,196,208,217,255
132,127,194,208,217,255
132,128,193,206,217,255
132,129,193,207,217,255
132,130,193,207,217,255
132,131,193,207,217,255
132,132,194,206,217,255
132,133,194,205,216,255
132,134,194,206,217,255
132,135,194,206,217,255
132,136,194,206,217,255
132,137,195,205,215,255
132,138,192,205,214,255
132,139,192,205,214,255
132,140,189,203,213,255
132,141,192,202,211,255
132,142,192,202,211,255
132,143,195,203,212,255
133,0,175,175,180,255
133,1,175,175,180,255
133,2,175,175,180,255
133,3,175,175,180,255
133,4,175,176,180,255
133,5,175,176,180,255
133,6,175,175,180,255
133,7,175,175,179,255
133,8,176,175,179,255
133,9,176,175,179,255
133,10,176,175,178,255
133,11,175,175,178,255
133,12,175,175,178,255
133,13,175,175,178,255
133,14,175,175,178,255
133,15,175,174,178,255
133,16,175,175,178,255
133,17,176,175,177,255
133,18,176,174,177,255
133,19,176,174,177,255
133,20,175,174,177,255
133,21,175,174,177,255
133,22,175,174,176,255
133,23,175,173,176,255
133,24,175,174,176,255
133,25,176,174,175,255
133,26,176,174,175,255
133,27,176,174,175,255
133,28,176,174,175,255
133,29,176,174,175,255
133,30,176,174,175,255
133,31,176,174,175,255
133,32,176,174,173,255
133,33,178,175,173,255
133,34,178,175,173,255
133,35,178,174,171,255
133,36,178,173,170,255
133,37,178,173,169,255
133,38,179,174,170,255
133,39,180,175,171,255
133,40,180,175,173,255
133,41,180,176,174,255
133,42,179,176,174,255
133,43,178,173,171,255
133,44,159,154,148,255
133,45,95,91,93,255
133,46,28,42,61,255
133,47,38,46,69,255
133,48,34,42,66,255
133,49,34,38,66,255
133,50,34,38,66,255
133,51,28,38,64,255
133,52,28,38,64,255
133,53,28,38,64,255
133,54,28,38,66,255
133,55,28,38,66,255
133,56,28,38,66,255
133,57,34,38,64,255
133,58,28,38,64,255
133,59,28,38,66,255
133,60,28,38,66,255
133,61,34,42,73,255
133,62,42,61,91,255
133,63,42,61,93,255
133,64,42,59,90,255
133,65,46,61,93,255
133,66,46,64,93,255
133,67,42,56,88,255
133,68,38,53,83,255
133,69,34,53,81,255
133,70,28,46,75,255
133,71,28,38,71,255
133,72,22,34,66,255
133,73,28,38,66,255
133,74,28,38,69,255
133,75,28,38,66,255
133,76,22,34,61,255
133,77,22,34,61,255
133,78,28,38,61,255
133,79,22,34,64,255
133,80,28,38,66,255
133,81,38,66,85,255
133,82,96,148,173,255
133,83,125,180,204,255
133,84,119,164,186,255
133,85,148,170,189,255
133,86,189,204,218,255
133,87,202,213,222,255
133,88,202,213,222,255
133,89,202,213,222,255
133,90,202,213,222,255
133,91,203,214,222,255
133,92,204,214,222,255
133,93,204,214,222,255
133,94,202,214,222,255
133,95,201,212,221,255
133,96,205,215,223,255
133,97,211,220,228,255
133,98,205,216,225,255
133,99,200,212,222,255
133,100,200,212,221,255
133,101,200,212,221,255
133,102,201,210,219,255
133,103,202,211,220,255
133,104,200,210,220,255
133,105,200,210,220,255
133,106,199,210,220,255
133,107,199,211,220,255
133,108,199,210,219,255
133,109,200,209,218,255
133,110,200,209,218,255
133,111,202,209,218,255
133,112,200,209,217,255
133,113,198,207,215,255
133,114,198,208,216,255
133,115,198,208,216,255
133,116,198,208,217,255
133,117,201,209,218,255
133,118,200,209,217,255
133,119,199,208,217,255
133,120,199,208,217,255
133,121,197,206,215,255
133,122,197,206,215,255
133,123,197,206,215,255
133,124,195,206,215,255
133,125,195,206,215,255
133,126,196,208,217,255
133,127,195,209,218,255
133,128,195,209,218,255
133,129,195,209,218,255
133,130,193,208,217,255
133,131,193,208,217,255
133,132,194,206,217,255
133,133,193,204,215,255
133,134,194,205,215,255
133,135,194,205,215,255
133,136,194,205,216,255
133,137,193,205,214,255
133,138,193,205,214,255
133,139,193,205,214,255
133,140,189,203,213,255
133,141,192,202,211,255
133,142,192,202,211,255
133,143,195,204,213,255
134,0,175,175,180,255
134,1,175,175,180,255
134,2,175,175,180,255
134,3,175,176,180,255
134,4,175,176,180,255
134,5,175,176,180,255
134,6,175,175,179,255
134,7,175,175,179,255
134,8,175,175,179,255
134,9,175,175,179,255
134,10,176,175,179,255
134,11,175,175,178,255
134,12,175,175,178,255
134,13,175,175,178,255
134,14,175,175,178,255
134,15,175,175,178,255
134,16,175,174,177,255
134,17,175,175,177,255
134,18,176,175,177,255
134,19,176,175,177,255
134,20,176,174,177,255
134,21,175,174,176,255
134,22,175,174,176,255
134,23,175,174,176,255
134,24,175,173,175,255
134,25,175,174,175,255
134,26,176,174,176,255
134,27,176,174,175,255
134,28,176,174,175,255
134,29,176,174,175,255
134,30,176,174,175,255
134,31,176,174,175,255
134,32,176,174,173,255
134,33,178,175,173,255
134,34,178,174,173,255
134,35,178,174,172,255
134,36,178,173,170,255
134,37,178,173,168,255
134,38,178,174,170,255
134,39,180,174,170,255
134,40,179,175,172,255
134,41,180,175,174,255
134,42,178,176,174,255
134,43,178,174,172,255
134,44,167,160,156,255
134,45,113,106,102,255
134,46,22,34,53,255
134,47,34,42,66,255
134,48,34,42,69,255
134,49,28,34,61,255
134,50,22,34,53,255
134,51,28,34,46,255
134,52,28,34,50,255
134,53,28,38,53,255
134,54,38,46,61,255
134,55,38,46,64,255
134,56,42,50,66,255
134,57,38,46,64,255
134,58,28,38,64,255
134,59,28,38,64,255
134,60,28,38,66,255
134,61,34,50,79,255
134,62,50,71,101,255
134,63,46,64,93,255
134,64,38,56,86,255
134,65,38,56,86,255
134,66,42,59,88,255
134,67,38,56,86,255
134,68,34,53,83,255
134,69,34,50,79,255
134,70,34,46,77,255
134,71,28,38,71,255
134,72,28,38,66,255
134,73,28,38,66,255
134,74,28,38,69,255
134,75,22,38,69,255
134,76,22,38,66,255
134,77,22,38,64,255
134,78,22,34,61,255
134,79,28,38,66,255
134,80,28,42,71,255
134,81,28,50,71,255
134,82,96,147,173,255
134,83,126,181,203,255
134,84,115,163,186,255
134,85,137,164,182,255
134,86,185,200,213,255
134,87,202,213,222,255
134,88,202,213,222,255
134,89,203,214,223,255
134,90,202,213,222,255
134,91,202,213,222,255
134,92,203,214,222,255
134,93,203,213,222,255
134,94,202,213,222,255
134,95,201,213,221,255
134,96,201,212,222,255
134,97,202,211,222,255
134,98,200,211,222,255
134,99,200,212,222,255
134,100,202,212,221,255
134,101,200,213,221,255
134,102,202,211,220,255
134,103,203,212,220,255
134,104,201,211,220,255
134,105,199,211,220,255
134,106,199,211,221,255
134,107,200,211,221,255
134,108,199,210,220,255
134,109,199,210,220,255
134,110,200,209,218,255
134,111,200,209,218,255
134,112,199,209,218,255
134,113,200,209,217,255
134,114,197,209,217,255
134,115,197,209,217,255
134,116,200,209,217,255
134,117,199,208,217,255
134,118,201,209,218,255
134,119,200,209,219,255
134,120,200,209,218,255
134,121,197,207,215,255
134,122,197,205,214,255
134,123,196,205,214,255
134,124,197,206,215,255
134,125,197,206,215,255
134,126,196,209,217,255
134,127,195,208,216,255
134,128,196,209,218,255
134,129,192,208,218,255
134,130,192,207,216,255
134,131,192,207,216,255
134,132,194,206,217,255
134,133,194,205,216,255
134,134,193,205,215,255
134,135,193,205,215,255
134,136,192,204,215,255
134,137,195,205,214,255
134,138,195,205,214,255
134,139,195,205,214,255
134,140,193,204,213,255
134,141,192,202,211,255
134,142,192,202,211,255
134,143,195,204,213,255
135,0,175,176,180,255
135,1,175,175,180,255
135,2,175,175,180,255
135,3,175,176,180,255
135,4,175,175,180,255
135,5,175,175,180,255
135,6,175,175,179,255
135,7,175,175,179,255
135,8,176,176,179,255
135,9,176,176,179,255
135,10,176,175,180,255
135,11,175,175,178,255
135,12,175,175,178,255
135,13,175,175,178,255
135,14,175,175,178,255
135,15,175,175,178,255
135,16,175,175,178,255
135,17,176,175,178,255
135,18,176,174,177,255
135,19,176,174,177,255
135,20,176,175,177,255
135,21,176,174,176,255
135,22,175,174,176,255
135,23,175,174,176,255
135,24,175,174,175,255
135,25,175,174,175,255
135,26,175,174,175,255
135,27,176,174,175,255
135,28,176,175,175,255
135,29,176,175,175,255
135,30,176,174,175,255
135,31,176,174,175,255
135,32,176,174,174,255
135,33,178,175,173,255
135,34,179,175,174,255
135,35,179,175,173,255
135,36,179,174,170,255
135,37,178,173,169,255
135,38,178,173,168,255
135,39,180,174,170,255
135,40,180,175,172,255
135,41,180,176,174,255
135,42,178,175,174,255
135,43,178,175,173,255
135,44,171,166,162,255
135,45,126,120,115,255
135,46,34,42,56,255
135,47,28,38,61,255
135,48,34,42,66,255
135,49,28,38,61,255
135,50,22,28,46,255
135,51,22,22,28,255
135,52,28,34,34,255
135,53,34,42,46,255
135,54,46,56,59,255
135,55,53,61,66,255
135,56,56,66,69,255
135,57,46,53,64,255
135,58,22,34,64,255
135,59,22,34,64,255
135,60,34,42,66,255
135,61,46,59,86,255
135,62,66,81,109,255
135,63,53,69,98,255
135,64,46,61,90,255
135,65,50,64,93,255
135,66,53,66,95,255
135,67,53,66,96,255
135,68,46,64,93,255
135,69,46,64,91,255
135,70,38,56,86,255
135,71,38,53,83,255
135,72,38,50,79,255
135,73,34,50,77,255
135,74,34,50,79,255
135,75,28,50,77,255
135,76,34,50,77,255
135,77,28,46,75,255
135,78,34,46,75,255
135,79,34,46,73,255
135,80,28,42,73,255
135,81,28,50,73,255
135,82,93,146,173,255
135,83,121,178,202,255
135,84,117,164,185,255
135,85,132,160,178,255
135,86,180,197,210,255
135,87,200,212,222,255
135,88,202,213,223,255
135,89,202,213,223,255
135,90,202,214,222,255
135,91,202,214,222,255
135,92,203,214,222,255
135,93,202,213,223,255
135,94,202,213,222,255
135,95,200,212,221,255
135,96,200,211,221,255
135,97,200,212,222,255
135,98,203,214,223,255
135,99,200,212,222,255
135,100,202,213,222,255
135,101,200,212,221,255
135,102,202,211,220,255
135,103,202,212,220,255
135,104,202,211,220,255
135,105,199,210,220,255
135,106,200,210,220,255
135,107,199,210,219,255
135,108,199,211,221,255
135,109,199,210,221,255
135,110,199,209,219,255
135,111,199,208,217,255
135,112,197,209,218,255
135,113,199,209,218,255
135,114,198,209,218,255
135,115,198,209,218,255
135,116,200,209,217,255
135,117,201,209,217,255
135,118,202,210,218,255
135,119,201,210,220,255
135,120,200,210,219,255
135,121,200,209,218,255
135,122,199,208,216,255
135,123,197,207,215,255
135,124,196,206,214,255
135,125,196,206,214,255
135,126,195,207,215,255
135,127,194,207,216,255
135,128,195,209,217,255
135,129,194,208,218,255
135,130,192,207,217,255
135,131,192,207,217,255
135,132,194,206,217,255
135,133,194,205,216,255
135,134,194,205,215,255
135,135,194,205,215,255
135,136,193,204,214,255
135,137,194,203,212,255
135,138,192,203,213,255
135,139,192,203,213,255
135,140,194,203,213,255
135,141,192,203,213,255
135,142,192,203,213,255
135,143,194,203,212,255
136,0,175,176,180,255
136,1,175,176,180,255
136,2,175,176,180,255
136,3,176,176,180,255
136,4,175,176,180,255
136,5,175,176,180,255
136,6,175,175,180,255
136,7,175,175,180,255
136,8,175,175,180,255
136,9,175,175,180,255
136,10,175,175,179,255
136,11,176,175,179,255
136,12,175,175,178,255
136,13,175,175,178,255
136,14,175,175,178,255
136,15,177,175,178,255
136,16,175,175,178,255
136,17,176,175,178,255
136,18,175,174,177,255
136,19,175,174,177,255
136,20,176,174,177,255
136,21,176,174,177,255
136,22,176,174,176,255
136,23,175,174,176,255
136,24,175,174,176,255
136,25,175,174,175,255
136,26,176,174,176,255
136,27,176,174,175,255
136,28,176,174,175,255
136,29,176,174,175,255
136,30,177,175,175,255
136,31,176,174,175,255
136,32,178,175,174,255
136,33,178,175,173,255
136,34,179,175,174,255
136,35,179,174,173,255
136,36,179,173,171,255
136,37,179,173,169,255
136,38,178,172,167,255
136,39,178,173,169,255
136,40,180,174,170,255
136,41,179,175,173,255
136,42,178,175,173,255
136,43,177,175,173,255
136,44,166,167,165,255
136,45,129,127,125,255
136,46,46,50,56,255
136,47,22,34,59,255
136,48,28,38,64,255
136,49,28,34,59,255
136,50,22,28,46,255
136,51,28,34,34,255
136,52,22,28,28,255
136,53,34,42,42,255
136,54,46,59,56,255
136,55,59,69,71,255
136,56,64,73,73,255
136,57,53,61,66,255
136,58,28,34,61,255
136,59,34,38,66,255
136,60,38,46,71,255
136,61,46,59,86,255
136,62,66,81,109,255
136,63,59,73,102,255
136,64,53,69,96,255
136,65,53,69,96,255
136,66,56,71,98,255
136,67,56,71,99,255
136,68,53,69,98,255
136,69,50,66,96,255
136,70,50,66,96,255
136,71,42,61,93,255
136,72,42,59,90,255
136,73,38,53,85,255
136,74,38,56,85,255
136,75,34,53,81,255
136,76,38,53,83,255
136,77,34,53,81,255
136,78,34,50,79,255
136,79,34,46,75,255
136,80,28,46,73,255
136,81,28,46,73,255
136,82,88,140,167,255
136,83,118,178,201,255
136,84,121,168,189,255
136,85,129,158,176,255
136,86,177,195,210,255
136,87,200,213,223,255
136,88,203,214,223,255
136,89,202,213,222,255
136,90,202,213,221,255
136,91,204,214,222,255
136,92,202,213,223,255
136,93,202,213,222,255
136,94,202,212,221,255
136,95,202,212,222,255
136,96,202,212,221,255
136,97,206,215,223,255
136,98,209,218,226,255
136,99,203,214,222,255
136,100,200,211,221,255
136,101,200,213,221,255
136,102,202,212,221,255
136,103,202,211,219,255
136,104,202,211,220,255
136,105,200,210,220,255
136,106,200,210,220,255
136,107,199,210,220,255
136,108,200,211,221,255
136,109,197,211,221,255
136,110,198,210,219,255
136,111,199,209,218,255
136,112,199,209,219,255
136,113,199,209,219,255
136,114,199,210,219,255
136,115,199,210,219,255
136,116,198,209,218,255
136,117,201,210,218,255
136,118,199,209,218,255
136,119,197,208,219,255
136,120,199,208,218,255
136,121,199,208,217,255
136,122,200,209,217,255
136,123,199,208,217,255
136,124,198,206,215,255
136,125,198,206,215,255
136,126,197,208,216,255
136,127,194,208,217,255
136,128,197,209,218,255
136,129,194,208,217,255
136,130,194,207,217,255
136,131,194,207,217,255
136,132,192,205,216,255
136,133,194,205,215,255
136,134,194,204,214,255
136,135,194,204,214,255
136,136,193,203,213,255
136,137,193,202,211,255
136,138,191,203,211,255
136,139,191,203,211,255
136,140,196,205,214,255
136,141,194,205,214,255
136,142,194,205,214,255
136,143,195,205,213,255
137,0,175,176,180,255
137,1,176,176,181,255
137,2,176,176,181,255
137,3,176,176,181,255
137,4,176,176,180,255
137,5,176,176,180,255
137,6,175,176,180,255
137,7,176,176,180,255
137,8,175,175,179,255
137,9,175,175,179,255
137,10,175,175,179,255
137,11,176,175,179,255
137,12,176,175,178,255
137,13,176,175,178,255
137,14,175,175,178,255
137,15,177,175,178,255
137,16,175,175,178,255
137,17,175,175,178,255
137,18,175,175,177,255
137,19,175,175,177,255
137,20,175,174,177,255
137,21,176,175,177,255
137,22,176,175,177,255
137,23,177,175,177,255
137,24,176,175,177,255
137,25,175,174,176,255
137,26,176,174,176,255
137,27,175,174,175,255
137,28,176,175,175,255
137,29,176,175,175,255
137,30,176,175,175,255
137,31,176,175,175,255
137,32,178,175,174,255
137,33,179,175,173,255
137,34,178,175,174,255
137,35,179,175,173,255
137,36,179,175,171,255
137,37,179,173,169,255
137,38,178,172,166,255
137,39,178,172,167,255
137,40,180,175,172,255
137,41,177,177,174,255
137,42,177,175,173,255
137,43,164,165,163,255
137,44,152,155,153,255
137,45,118,124,121,255
137,46,56,56,61,255
137,47,28,38,61,255
137,48,34,38,64,255
137,49,28,34,59,255
137,50,22,28,46,255
137,51,13,22,28,255
137,52,22,28,28,255
137,53,28,34,38,255
137,54,46,56,56,255
137,55,56,69,69,255
137,56,59,69,71,255
137,57,53,61,66,255
137,58,28,34,61,255
137,59,28,34,64,255
137,60,34,42,66,255
137,61,42,53,75,255
137,62,64,79,102,255
137,63,64,79,102,255
137,64,59,73,98,255
137,65,59,73,98,255
137,66,59,73,99,255
137,67,61,77,102,255
137,68,56,73,99,255
137,69,56,73,101,255
137,70,53,71,101,255
137,71,50,66,98,255
137,72,46,64,95,255
137,73,42,59,90,255
137,74,38,56,88,255
137,75,34,53,81,255
137,76,34,50,79,255
137,77,34,50,81,255
137,78,34,50,79,255
137,79,34,50,77,255
137,80,34,46,75,255
137,81,34,46,73,255
137,82,86,135,161,255
137,83,117,178,201,255
137,84,125,173,194,255
137,85,126,157,175,255
137,86,173,192,206,255
137,87,200,212,222,255
137,88,202,214,223,255
137,89,202,214,223,255
137,90,202,213,222,255
137,91,203,214,222,255
137,92,202,213,222,255
137,93,202,213,222,255
137,94,202,213,222,255
137,95,202,213,222,255
137,96,200,212,222,255
137,97,206,217,224,255
137,98,211,220,227,255
137,99,205,215,224,255
137,100,202,213,221,255
137,101,202,213,221,255
137,102,202,213,222,255
137,103,203,211,220,255
137,104,201,211,220,255
137,105,199,210,220,255
137,106,200,210,220,255
137,107,199,210,219,255
137,108,199,211,220,255
137,109,197,211,220,255
137,110,197,210,219,255
137,111,200,210,219,255
137,112,200,210,220,255
137,113,201,210,219,255
137,114,201,210,219,255
137,115,199,210,219,255
137,116,198,208,218,255
137,117,201,209,218,255
137,118,199,209,218,255
137,119,197,208,218,255
137,120,199,208,218,255
137,121,199,207,216,255
137,122,200,209,217,255
137,123,199,208,218,255
137,124,200,208,217,255
137,125,200,208,217,255
137,126,197,207,216,255
137,127,196,208,217,255
137,128,198,210,218,255
137,129,196,209,218,255
137,130,194,206,217,255
137,131,194,206,217,255
137,132,194,206,217,255
137,133,196,206,217,255
137,134,196,205,215,255
137,135,196,205,215,255
137,136,194,204,214,255
137,137,191,201,211,255
137,138,192,202,211,255
137,139,192,202,211,255
137,140,193,205,214,255
137,141,193,205,214,255
137,142,192,205,214,255
137,143,196,206,214,255
138,0,175,176,180,255
138,1,176,177,181,255
138,2,176,177,181,255
138,3,176,177,181,255
138,4,176,176,180,255
138,5,176,176,180,255
138,6,175,176,180,255
138,7,176,176,180,255
138,8,175,175,179,255
138,9,175,175,179,255
138,10,175,175,179,255
138,11,176,175,179,255
138,12,176,175,178,255
138,13,176,175,178,255
138,14,177,175,179,255
138,15,175,175,178,255
138,16,175,175,178,255
138,17,176,175,178,255
138,18,175,175,178,255
138,19,175,175,178,255
138,20,176,175,178,255
138,21,176,174,177,255
138,22,177,175,177,255
138,23,177,175,177,255
138,24,177,175,177,255
138,25,177,175,176,255
138,26,177,175,176,255
138,27,177,174,175,255
138,28,178,175,176,255
138,29,176,175,175,255
138,30,176,175,175,255
138,31,177,175,175,255
138,32,178,175,175,255
138,33,179,175,175,255
138,34,179,175,175,255
138,35,179,175,174,255
138,36,179,175,172,255
138,37,179,173,169,255
138,38,178,172,167,255
138,39,178,173,167,255
138,40,176,178,174,255
138,41,170,175,171,255
138,42,152,151,149,255
138,43,128,130,131,255
138,44,122,129,128,255
138,45,90,99,98,255
138,46,53,56,61,255
138,47,34,42,61,255
138,48,34,42,64,255
138,49,34,38,61,255
138,50,28,34,50,255
138,51,22,28,34,255
138,52,22,28,34,255
138,53,34,38,42,255
138,54,42,53,56,255
138,55,53,64,66,255
138,56,56,64,66,255
138,57,46,53,64,255
138,58,22,34,61,255
138,59,22,34,61,255
138,60,34,42,66,255
138,61,42,53,75,255
138,62,66,81,99,255
138,63,66,81,102,255
138,64,61,75,99,255
138,65,61,75,98,255
138,66,61,75,99,255
138,67,61,77,102,255
138,68,59,75,101,255
138,69,56,73,102,255
138,70,53,71,101,255
138,71,50,66,99,255
138,72,42,61,95,255
138,73,42,59,91,255
138,74,42,59,90,255
138,75,34,53,83,255
138,76,34,50,79,255
138,77,34,50,81,255
138,78,34,50,79,255
138,79,34,46,75,255
138,80,28,46,73,255
138,81,28,46,73,255
138,82,85,132,159,255
138,83,114,178,201,255
138,84,128,179,199,255
138,85,128,159,177,255
138,86,171,189,204,255
138,87,199,212,222,255
138,88,202,214,224,255
138,89,202,214,223,255
138,90,203,213,222,255
138,91,205,214,222,255
138,92,202,213,222,255
138,93,202,213,222,255
138,94,202,212,222,255
138,95,202,213,222,255
138,96,202,213,222,255
138,97,208,217,225,255
138,98,213,220,227,255
138,99,206,217,224,255
138,100,202,213,221,255
138,101,202,212,221,255
138,102,202,213,222,255
138,103,203,211,221,255
138,104,202,211,220,255
138,105,201,211,221,255
138,106,199,210,220,255
138,107,199,210,219,255
138,108,198,211,220,255
138,109,197,211,219,255
138,110,198,211,220,255
138,111,197,210,220,255
138,112,200,210,220,255
138,113,201,210,219,255
138,114,201,210,219,255
138,115,199,209,219,255
138,116,197,208,218,255
138,117,199,209,218,255
138,118,199,209,218,255
138,119,196,207,217,255
138,120,199,208,217,255
138,121,199,208,216,255
138,122,199,208,218,255
138,123,197,208,218,255
138,124,198,208,217,255
138,125,198,208,217,255
138,126,195,206,217,255
138,127,197,208,218,255
138,128,197,209,218,255
138,129,197,208,218,255
138,130,194,206,217,255
138,131,194,206,217,255
138,132,194,206,217,255
138,133,194,205,216,255
138,134,195,205,215,255
138,135,195,205,215,255
138,136,193,204,214,255
138,137,190,202,211,255
138,138,192,202,211,255
138,139,192,202,211,255
138,140,192,203,214,255
138,141,192,203,214,255
138,142,193,205,215,255
138,143,192,205,215,255
139,0,175,177,181,255
139,1,176,177,181,255
139,2,176,177,181,255
139,3,176,177,181,255
139,4,176,176,181,255
139,5,176,176,181,255
139,6,177,177,181,255
139,7,175,176,180,255
139,8,175,175,180,255
139,9,175,175,180,255
139,10,175,175,180,255
139,11,175,175,179,255
139,12,176,175,179,255
139,13,176,175,179,255
139,14,176,175,178,255
139,15,175,175,178,255
139,16,175,175,178,255
139,17,175,175,178,255
139,18,176,175,178,255
139,19,176,175,178,255
139,20,175,175,177,255
139,21,176,174,177,255
139,22,176,175,177,255
139,23,176,175,177,255
139,24,176,174,176,255
139,25,177,175,177,255
139,26,177,174,175,255
139,27,177,175,176,255
139,28,178,175,176,255
139,29,177,175,175,255
139,30,177,175,175,255
139,31,178,175,175,255
139,32,178,175,175,255
139,33,179,175,175,255
139,34,179,176,175,255
139,35,179,175,174,255
139,36,179,175,173,255
139,37,179,174,170,255
139,38,179,173,167,255
139,39,178,172,167,255
139,40,179,174,170,255
139,41,170,165,159,255
139,42,95,95,93,255
139,43,53,64,71,255
139,44,66,81,86,255
139,45,46,56,69,255
139,46,53,56,69,255
139,47,34,38,64,255
139,48,28,38,64,255
139,49,28,38,61,255
139,50,22,34,53,255
139,51,22,28,46,255
139,52,22,28,38,255
139,53,22,34,46,255
139,54,34,42,53,255
139,55,38,50,59,255
139,56,46,53,66,255
139,57,34,42,64,255
139,58,28,38,64,255
139,59,22,34,61,255
139,60,34,42,66,255
139,61,42,53,77,255
139,62,66,81,104,255
139,63,64,79,102,255
139,64,64,77,99,255
139,65,61,75,99,255
139,66,61,75,99,255
139,67,61,77,102,255
139,68,56,73,101,255
139,69,59,75,102,255
139,70,56,73,102,255
139,71,50,69,101,255
139,72,46,64,98,255
139,73,42,59,93,255
139,74,42,61,91,255
139,75,38,56,86,255
139,76,38,53,83,255
139,77,38,53,83,255
139,78,34,50,79,255
139,79,34,50,77,255
139,80,34,50,77,255
139,81,34,46,73,255
139,82,81,129,155,255
139,83,115,177,200,255
139,84,126,182,204,255
139,85,130,163,181,255
139,86,167,187,203,255
139,87,198,212,223,255
139,88,203,215,224,255
139,89,203,214,223,255
139,90,203,213,221,255
139,91,203,214,222,255
139,92,202,213,222,255
139,93,202,213,221,255
139,94,202,213,222,255
139,95,202,213,222,255
139,96,202,213,221,255
139,97,202,213,222,255
139,98,203,214,222,255
139,99,202,212,221,255
139,100,202,212,221,255
139,101,200,213,222,255
139,102,200,213,222,255
139,103,201,211,221,255
139,104,201,211,221,255
139,105,200,211,220,255
139,106,200,210,220,255
139,107,199,210,219,255
139,108,199,211,220,255
139,109,198,211,220,255
139,110,197,211,220,255
139,111,197,210,219,255
139,112,200,209,218,255
139,113,200,209,218,255
139,114,200,209,218,255
139,115,198,209,218,255
139,116,196,208,218,255
139,117,197,207,217,255
139,118,199,208,217,255
139,119,197,206,217,255
139,120,199,207,217,255
139,121,199,208,217,255
139,122,196,207,218,255
139,123,196,206,218,255
139,124,199,209,219,255
139,125,199,209,219,255
139,126,197,208,218,255
139,127,196,208,218,255
139,128,194,208,218,255
139,129,194,207,217,255
139,130,194,206,217,255
139,131,194,206,217,255
139,132,194,205,217,255
139,133,194,205,215,255
139,134,194,206,215,255
139,135,194,206,215,255
139,136,194,205,214,255
139,137,191,203,212,255
139,138,194,202,212,255
139,139,194,202,212,255
139,140,196,205,214,255
139,141,196,205,214,255
139,142,192,205,214,255
139,143,192,205,215,255
140,0,175,177,181,255
140,1,175,176,181,255
140,2,176,177,181,255
140,3,176,177,181,255
140,4,176,177,180,255
140,5,176,177,180,255
140,6,176,176,180,255
140,7,175,176,180,255
140,8,175,176,180,255
140,9,175,176,180,255
140,10,175,176,180,255
140,11,176,176,180,255
140,12,176,175,178,255
140,13,176,175,178,255
140,14,177,176,179,255
140,15,176,175,178,255
140,16,175,175,178,255
140,17,175,175,178,255
140,18,176,175,178,255
140,19,176,175,178,255
140,20,175,175,177,255
140,21,176,175,178,255
140,22,177,175,178,255
140,23,176,174,177,255
140,24,176,175,177,255
140,25,177,175,177,255
140,26,177,175,176,255
140,27,177,175,176,255
140,28,177,175,176,255
140,29,178,175,175,255
140,30,178,175,175,255
140,31,178,175,175,255
140,32,178,175,175,255
140,33,178,175,175,255
140,34,179,176,175,255
140,35,179,176,175,255
140,36,179,175,173,255
140,37,179,173,170,255
140,38,179,173,167,255
140,39,178,171,166,255
140,40,178,173,169,255
140,41,171,164,159,255
140,42,127,121,118,255
140,43,53,53,64,255
140,44,34,50,69,255
140,45,38,50,69,255
140,46,34,42,69,255
140,47,34,42,69,255
140,48,28,42,69,255
140,49,28,38,66,255
140,50,28,38,64,255
140,51,28,34,59,255
140,52,28,34,56,255
140,53,22,34,59,255
140,54,28,38,64,255
140,55,34,42,64,255
140,56,34,42,69,255
140,57,34,42,69,255
140,58,28,38,66,255
140,59,34,38,66,255
140,60,28,38,66,255
140,61,38,50,75,255
140,62,66,77,98,255
140,63,64,77,101,255
140,64,59,73,98,255
140,65,59,73,98,255
140,66,61,75,101,255
140,67,59,75,102,255
140,68,53,71,101,255
140,69,53,71,101,255
140,70,53,71,102,255
140,71,50,66,99,255
140,72,50,66,99,255
140,73,46,64,96,255
140,74,42,61,95,255
140,75,42,59,90,255
140,76,34,53,85,255
140,77,34,53,81,255
140,78,28,46,77,255
140,79,34,50,79,255
140,80,34,53,79,255
140,81,34,50,75,255
140,82,77,125,150,255
140,83,115,176,197,255
140,84,127,184,204,255
140,85,127,163,182,255
140,86,163,185,202,255
140,87,197,211,222,255
140,88,202,214,224,255
140,89,202,214,223,255
140,90,203,214,222,255
140,91,203,214,222,255
140,92,202,212,221,255
140,93,202,213,222,255
140,94,202,213,222,255
140,95,202,213,222,255
140,96,201,213,222,255
140,97,200,213,222,255
140,98,202,211,221,255
140,99,203,213,222,255
140,100,202,213,221,255
140,101,201,213,221,255
140,102,200,213,222,255
140,103,200,211,221,255
140,104,200,211,221,255
140,105,200,211,221,255
140,106,199,210,220,255
140,107,199,210,220,255
140,108,197,211,220,255
140,109,197,211,220,255
140,110,199,211,219,255
140,111,199,210,219,255
140,112,200,209,218,255
140,113,200,210,218,255
140,114,200,210,218,255
140,115,197,210,219,255
140,116,197,209,219,255
140,117,196,207,218,255
140,118,198,208,217,255
140,119,196,207,217,255
140,120,199,208,217,255
140,121,197,208,217,255
140,122,196,208,218,255
140,123,196,207,218,255
140,124,197,209,219,255
140,125,197,209,219,255
140,126,198,209,219,255
140,127,196,208,218,255
140,128,194,207,217,255
140,129,192,206,217,255
140,130,193,205,217,255
140,131,193,205,217,255
140,132,193,205,216,255
140,133,194,205,215,255
140,134,194,206,215,255
140,135,194,206,215,255
140,136,192,204,214,255
140,137,193,204,213,255
140,138,195,204,213,255
140,139,195,204,213,255
140,140,199,205,214,255
140,141,199,205,214,255
140,142,194,205,214,255
140,143,192,206,215,255
141,0,175,177,181,255
141,1,176,177,181,255
141,2,175,176,181,255
141,3,175,176,181,255
141,4,176,177,181,255
141,5,176,177,181,255
141,6,176,176,180,255
141,7,177,177,180,255
141,8,175,176,180,255
141,9,175,176,180,255
141,10,175,175,179,255
141,11,175,175,179,255
141,12,176,175,179,255
141,13,176,175,179,255
141,14,176,175,179,255
141,15,176,175,178,255
141,16,175,175,178,255
141,17,176,175,178,255
141,18,176,175,178,255
141,19,176,175,178,255
141,20,176,175,178,255
141,21,176,175,177,255
141,22,177,175,178,255
141,23,176,175,178,255
141,24,176,175,177,255
141,25,176,175,176,255
141,26,177,175,176,255
141,27,177,175,176,255
141,28,177,175,175,255
141,29,177,175,176,255
141,30,177,175,176,255
141,31,178,175,176,255
141,32,178,175,175,255
141,33,178,175,175,255
141,34,179,175,175,255
141,35,179,175,175,255
141,36,179,175,173,255
141,37,179,174,170,255
141,38,179,173,168,255
141,39,179,172,166,255
141,40,178,171,166,255
141,41,164,158,154,255
141,42,105,102,102,255
141,43,50,46,61,255
141,44,34,42,66,255
141,45,34,42,69,255
141,46,28,38,69,255
141,47,34,42,69,255
141,48,34,42,71,255
141,49,34,42,71,255
141,50,28,38,66,255
141,51,34,38,66,255
141,52,28,38,64,255
141,53,28,34,64,255
141,54,28,38,69,255
141,55,34,42,69,255
141,56,34,42,69,255
141,57,28,38,66,255
141,58,34,42,66,255
141,59,28,38,69,255
141,60,34,42,69,255
141,61,42,53,77,255
141,62,61,75,99,255
141,63,61,75,101,255
141,64,61,75,99,255
141,65,59,73,98,255
141,66,61,75,102,255
141,67,61,77,104,255
141,68,56,73,101,255
141,69,56,71,102,255
141,70,50,69,101,255
141,71,46,66,98,255
141,72,46,64,98,255
141,73,46,64,96,255
141,74,42,64,95,255
141,75,42,59,90,255
141,76,38,56,86,255
141,77,34,53,83,255
141,78,34,50,77,255
141,79,28,46,77,255
141,80,34,53,79,255
141,81,34,50,75,255
141,82,73,119,143,255
141,83,115,175,196,255
141,84,129,185,205,255
141,85,128,166,186,255
141,86,162,182,197,255
141,87,197,209,220,255
141,88,202,214,223,255
141,89,202,214,222,255
141,90,202,213,222,255
141,91,202,214,222,255
141,92,202,213,221,255
141,93,202,213,222,255
141,94,202,213,222,255
141,95,202,214,222,255
141,96,200,213,222,255
141,97,201,213,222,255
141,98,205,214,222,255
141,99,207,216,224,255
141,100,205,215,223,255
141,101,200,212,221,255
141,102,200,211,221,255
141,103,200,211,221,255
141,104,200,211,221,255
141,105,200,211,221,255
141,106,200,210,221,255
141,107,200,211,221,255
141,108,198,211,221,255
141,109,199,211,221,255
141,110,202,211,219,255
141,111,199,211,219,255
141,112,200,210,218,255
141,113,201,211,219,255
141,114,201,211,219,255
141,115,200,211,220,255
141,116,199,210,220,255
141,117,196,208,218,255
141,118,198,208,218,255
141,119,196,207,218,255
141,120,199,209,218,255
141,121,197,209,218,255
141,122,196,208,217,255
141,123,195,207,218,255
141,124,196,208,218,255
141,125,196,208,218,255
141,126,197,208,218,255
141,127,198,208,218,255
141,128,194,206,218,255
141,129,194,207,219,255
141,130,192,206,218,255
141,131,192,206,218,255
141,132,192,205,215,255
141,133,193,205,215,255
141,134,194,206,215,255
141,135,194,206,215,255
141,136,192,204,214,255
141,137,193,204,213,255
141,138,192,203,213,255
141,139,192,203,213,255
141,140,196,203,212,255
141,141,196,203,212,255
141,142,194,205,214,255
141,143,192,206,214,255
142,0,175,177,181,255
142,1,176,177,182,255
142,2,175,177,181,255
142,3,175,177,181,255
142,4,176,177,181,255
142,5,176,176,181,255
142,6,176,176,181,255
142,7,176,176,180,255
142,8,176,177,180,255
142,9,176,177,180,255
142,10,175,176,180,255
142,11,176,176,180,255
142,12,176,176,179,255
142,13,176,176,179,255
142,14,177,176,179,255
142,15,176,175,178,255
142,16,177,175,178,255
142,17,177,175,178,255
142,18,175,175,178,255
142,19,175,175,178,255
142,20,175,175,178,255
142,21,176,175,178,255
142,22,176,175,177,255
142,23,176,175,177,255
142,24,177,175,177,255
142,25,177,175,177,255
142,26,177,175,177,255
142,27,177,175,176,255
142,28,177,175,175,255
142,29,177,175,175,255
142,30,177,175,175,255
142,31,177,175,175,255
142,32,178,175,175,255
142,33,178,175,175,255
142,34,178,175,175,255
142,35,179,176,175,255
142,36,179,175,173,255
142,37,178,174,171,255
142,38,178,173,167,255
142,39,179,172,166,255
142,40,177,170,163,255
142,41,151,145,141,255
142,42,69,69,73,255
142,43,28,34,50,255
142,44,38,46,69,255
142,45,34,42,69,255
142,46,34,42,69,255
142,47,28,38,69,255
142,48,28,38,69,255
142,49,28,38,69,255
142,50,28,38,66,255
142,51,34,42,66,255
142,52,34,38,66,255
142,53,28,34,66,255
142,54,34,42,71,255
142,55,34,42,69,255
142,56,28,38,66,255
142,57,28,38,66,255
142,58,28,38,64,255
142,59,34,38,69,255
142,60,34,46,71,255
142,61,50,61,88,255
142,62,66,81,105,255
142,63,64,75,101,255
142,64,61,75,101,255
142,65,61,73,99,255
142,66,64,77,102,255
142,67,64,77,104,255
142,68,56,71,99,255
142,69,56,71,101,255
142,70,50,69,99,255
142,71,46,66,98,255
142,72,46,66,98,255
142,73,46,64,96,255
142,74,46,66,98,255
142,75,42,61,91,255
142,76,38,56,86,255
142,77,34,53,83,255
142,78,28,46,77,255
142,79,28,46,75,255
142,80,34,50,77,255
142,81,34,50,75,255
142,82,69,112,135,255
142,83,115,173,193,255
142,84,126,186,205,255
142,85,130,170,190,255
142,86,158,179,196,255
142,87,194,208,220,255
142,88,202,213,223,255
142,89,202,213,222,255
142,90,202,213,222,255
142,91,202,214,222,255
142,92,202,213,221,255
142,93,202,213,222,255
142,94,202,213,222,255
142,95,202,214,222,255
142,96,202,214,222,255
142,97,200,211,221,255
142,98,206,214,223,255
142,99,210,218,225,255
142,100,205,214,223,255
142,101,200,211,221,255
142,102,201,210,220,255
142,103,201,211,221,255
142,104,201,210,220,255
142,105,199,210,221,255
142,106,200,210,220,255
142,107,199,210,221,255
142,108,197,210,221,255
142,109,198,211,221,255
142,110,201,211,219,255
142,111,200,211,219,255
142,112,199,209,218,255
142,113,200,211,219,255
142,114,200,211,219,255
142,115,200,211,220,255
142,116,199,210,220,255
142,117,196,208,218,255
142,118,197,208,218,255
142,119,198,208,218,255
142,120,197,209,219,255
142,121,196,208,217,255
142,122,196,207,216,255
142,123,196,206,216,255
142,124,196,208,216,255
142,125,196,208,216,255
142,126,197,208,218,255
142,127,196,207,218,255
142,128,195,206,217,255
142,129,194,206,218,255
142,130,193,206,218,255
142,131,193,206,218,255
142,132,192,205,216,255
142,133,193,205,215,255
142,134,194,206,216,255
142,135,194,206,216,255
142,136,192,205,215,255
142,137,193,204,214,255
142,138,193,204,214,255
142,139,192,203,213,255
142,140,192,202,210,255
142,141,192,202,210,255
142,142,192,202,210,255
142,143,190,203,211,255
143,0,177,177,182,255
143,1,176,178,182,255
143,2,176,177,182,255
143,3,176,177,182,255
143,4,176,177,181,255
143,5,177,177,181,255
143,6,177,177,181,255
143,7,176,176,180,255
143,8,176,176,180,255
143,9,176,176,180,255
143,10,175,176,180,255
143,11,176,176,180,255
143,12,175,175,179,255
143,13,175,175,179,255
143,14,176,176,179,255
143,15,177,176,179,255
143,16,177,175,179,255
143,17,177,176,179,255
143,18,177,175,178,255
143,19,177,175,178,255
143,20,177,175,178,255
143,21,176,175,178,255
143,22,176,175,178,255
143,23,176,175,178,255
143,24,176,175,177,255
143,25,177,175,177,255
143,26,177,175,176,255
143,27,177,175,176,255
143,28,177,175,176,255
143,29,178,175,176,255
143,30,178,175,176,255
143,31,178,175,176,255
143,32,178,175,175,255
143,33,177,175,175,255
143,34,178,175,175,255
143,35,179,175,175,255
143,36,179,175,174,255
143,37,179,175,171,255
143,38,179,173,168,255
143,39,178,171,165,255
143,40,177,169,163,255
143,41,143,136,132,255
143,42,50,53,59,255
143,43,38,42,61,255
143,44,38,46,69,255
143,45,28,38,66,255
143,46,28,38,69,255
143,47,28,38,69,255
143,48,28,34,69,255
143,49,34,38,69,255
143,50,22,34,64,255
143,51,28,38,66,255
143,52,28,34,64,255
143,53,28,38,66,255
143,54,28,38,71,255
143,55,34,42,69,255
143,56,28,38,66,255
143,57,28,38,66,255
143,58,38,46,69,255
143,59,28,34,66,255
143,60,28,38,69,255
143,61,50,66,91,255
143,62,66,81,106,255
143,63,64,77,102,255
143,64,61,77,101,255
143,65,64,77,101,255
143,66,66,79,104,255
143,67,64,79,104,255
143,68,56,73,101,255
143,69,56,71,101,255
143,70,56,71,101,255
143,71,50,69,99,255
143,72,46,66,99,255
143,73,46,64,98,255
143,74,46,66,99,255
143,75,42,64,93,255
143,76,38,53,85,255
143,77,34,50,81,255
143,78,34,46,79,255
143,79,28,46,75,255
143,80,28,46,77,255
143,81,28,42,71,255
143,82,64,105,127,255
143,83,115,172,189,255
143,84,128,187,204,255
143,85,128,171,190,255
143,86,151,174,192,255
143,87,191,206,219,255
143,88,202,213,223,255
143,89,202,213,222,255
143,90,202,213,221,255
143,91,202,213,222,255
143,92,202,213,221,255
143,93,202,213,222,255
143,94,202,214,223,255
143,95,202,214,222,255
143,96,202,213,222,255
143,97,202,211,221,255
143,98,207,215,223,255
143,99,213,220,227,255
143,100,207,216,224,255
143,101,201,211,221,255
143,102,201,211,220,255
143,103,200,211,220,255
143,104,199,210,219,255
143,105,200,210,220,255
143,106,200,209,219,255
143,107,199,210,220,255
143,108,199,211,221,255
143,109,199,211,221,255
143,110,202,211,219,255
143,111,200,210,219,255
143,112,199,211,219,255
143,113,200,211,220,255
143,114,200,211,220,255
143,115,199,210,220,255
143,116,197,209,220,255
143,117,196,208,219,255
143,118,197,206,217,255
143,119,196,207,218,255
143,120,197,208,219,255
143,121,196,209,218,255
143,122,196,206,215,255
143,123,197,206,215,255
143,124,195,206,215,255
143,125,195,206,215,255
143,126,196,208,217,255
143,127,195,207,218,255
143,128,196,207,218,255
143,129,194,206,218,255
143,130,192,206,217,255
143,131,192,206,217,255
143,132,192,205,216,255
143,133,193,206,215,255
143,134,194,208,217,255
143,135,194,208,217,255
143,136,194,207,217,255
143,137,193,205,215,255
143,138,193,205,215,255
143,139,192,203,214,255
143,140,192,203,212,255
143,141,192,203,212,255
143,142,191,202,210,255
143,143,191,201,210,255
144,0,177,177,182,255
144,1,175,177,181,255
144,2,175,177,181,255
144,3,175,177,181,255
144,4,176,178,181,255
144,5,176,176,180,255
144,6,176,176,180,255
144,7,177,177,180,255
144,8,177,177,180,255
144,9,177,177,180,255
144,10,176,177,180,255
144,11,176,176,180,255
144,12,176,176,180,255
144,13,176,176,180,255
144,14,176,175,179,255
144,15,176,176,179,255
144,16,177,175,179,255
144,17,177,176,179,255
144,18,177,175,178,255
144,19,177,175,178,255
144,20,177,175,178,255
144,21,178,175,178,255
144,22,176,175,177,255
144,23,176,175,177,255
144,24,176,175,177,255
144,25,177,175,177,255
144,26,177,175,177,255
144,27,177,175,177,255
144,28,177,175,176,255
144,29,177,175,175,255
144,30,177,175,175,255
144,31,178,175,176,255
144,32,178,175,176,255
144,33,178,175,176,255
144,34,178,175,175,255
144,35,179,176,175,255
144,36,178,175,174,255
144,37,178,175,171,255
144,38,179,173,168,255
144,39,178,171,166,255
144,40,171,165,158,255
144,41,131,126,124,255
144,42,50,53,61,255
144,43,34,42,61,255
144,44,38,46,69,255
144,45,28,38,66,255
144,46,34,42,69,255
144,47,28,38,69,255
144,48,28,38,69,255
144,49,28,38,66,255
144,50,28,38,66,255
144,51,28,38,64,255
144,52,28,34,64,255
144,53,22,34,66,255
144,54,34,42,71,255
144,55,34,42,71,255
144,56,34,38,66,255
144,57,34,38,69,255
144,58,34,42,69,255
144,59,28,38,69,255
144,60,28,42,71,255
144,61,50,66,91,255
144,62,66,81,105,255
144,63,61,77,101,255
144,64,61,77,99,255
144,65,61,77,101,255
144,66,64,79,102,255
144,67,61,77,102,255
144,68,56,73,101,255
144,69,56,71,101,255
144,70,53,71,101,255
144,71,46,66,99,255
144,72,46,66,98,255
144,73,42,64,98,255
144,74,46,69,99,255
144,75,46,66,95,255
144,76,38,59,88,255
144,77,38,53,85,255
144,78,34,50,81,255
144,79,34,50,77,255
144,80,34,50,77,255
144,81,34,50,77,255
144,82,64,101,121,255
144,83,110,167,184,255
144,84,129,189,203,255
144,85,122,171,189,255
144,86,141,167,185,255
144,87,186,201,214,255
144,88,202,214,223,255
144,89,202,213,222,255
144,90,202,213,222,255
144,91,202,213,222,255
144,92,202,213,221,255
144,93,202,213,222,255
144,94,202,213,222,255
144,95,202,214,222,255
144,96,202,214,222,255
144,97,202,212,221,255
144,98,202,212,221,255
144,99,206,215,223,255
144,100,203,214,222,255
144,101,202,212,221,255
144,102,199,210,220,255
144,103,200,211,220,255
144,104,200,210,220,255
144,105,201,211,220,255
144,106,199,210,219,255
144,107,199,210,219,255
144,108,199,210,220,255
144,109,199,211,220,255
144,110,200,211,220,255
144,111,200,210,220,255
144,112,199,211,219,255
144,113,200,211,220,255
144,114,200,211,220,255
144,115,200,210,219,255
144,116,198,209,219,255
144,117,198,208,218,255
144,118,200,207,217,255
144,119,197,206,217,255
144,120,199,208,218,255
144,121,197,209,218,255
144,122,197,208,216,255
144,123,197,207,216,255
144,124,195,208,216,255
144,125,195,208,216,255
144,126,195,208,217,255
144,127,198,208,218,255
144,128,197,208,218,255
144,129,196,208,218,255
144,130,193,206,217,255
144,131,193,206,217,255
144,132,194,206,217,255
144,133,194,206,217,255
144,134,193,207,216,255
144,135,193,207,216,255
144,136,195,208,218,255
144,137,195,207,218,255
144,138,195,207,218,255
144,139,193,205,216,255
144,140,194,204,214,255
144,141,194,204,214,255
144,142,191,203,213,255
144,143,191,202,212,255
145,0,176,177,181,255
145,1,177,177,181,255
145,2,177,178,181,255
145,3,177,178,181,255
145,4,176,178,181,255
145,5,176,177,181,255
145,6,176,177,181,255
145,7,176,177,181,255
145,8,176,176,180,255
145,9,176,176,180,255
145,10,176,176,180,255
145,11,175,176,180,255
145,12,176,176,180,255
145,13,176,176,180,255
145,14,176,176,180,255
145,15,176,175,179,255
145,16,176,175,178,255
145,17,176,175,178,255
145,18,177,175,178,255
145,19,177,175,178,255
145,20,177,175,178,255
145,21,177,175,178,255
145,22,176,175,177,255
145,23,176,175,177,255
145,24,176,175,177,255
145,25,176,175,177,255
145,26,177,175,176,255
145,27,177,175,177,255
145,28,177,175,176,255
145,29,177,175,176,255
145,30,177,175,176,255
145,31,178,175,176,255
145,32,178,175,175,255
145,33,177,175,175,255
145,34,178,175,175,255
145,35,178,175,175,255
145,36,179,176,175,255
145,37,178,175,171,255
145,38,178,173,168,255
145,39,178,171,165,255
145,40,168,160,153,255
145,41,120,115,113,255
145,42,42,46,59,255
145,43,28,34,59,255
145,44,34,42,66,255
145,45,34,42,69,255
145,46,34,42,69,255
145,47,28,38,69,255
145,48,34,38,69,255
145,49,28,38,66,255
145,50,28,38,66,255
145,51,28,34,64,255
145,52,28,34,64,255
145,53,28,38,69,255
145,54,34,46,73,255
145,55,38,46,69,255
145,56,28,38,66,255
145,57,28,38,66,255
145,58,34,42,66,255
145,59,28,38,66,255
145,60,28,42,71,255
145,61,53,66,93,255
145,62,64,79,105,255
145,63,59,75,99,255
145,64,56,73,98,255
145,65,59,75,101,255
145,66,61,77,104,255
145,67,56,73,101,255
145,68,50,69,99,255
145,69,53,71,102,255
145,70,53,71,102,255
145,71,50,69,99,255
145,72,50,69,99,255
145,73,50,69,98,255
145,74,46,69,99,255
145,75,46,66,96,255
145,76,38,59,90,255
145,77,38,56,85,255
145,78,34,50,81,255
145,79,34,50,79,255
145,80,28,50,79,255
145,81,34,53,79,255
145,82,56,95,114,255
145,83,108,163,179,255
145,84,134,190,203,255
145,85,124,173,190,255
145,86,135,163,180,255
145,87,180,196,210,255
145,88,200,213,223,255
145,89,203,213,222,255
145,90,202,213,222,255
145,91,202,213,222,255
145,92,202,213,222,255
145,93,202,213,222,255
145,94,202,213,222,255
145,95,202,214,222,255
145,96,202,214,221,255
145,97,202,212,222,255
145,98,202,212,221,255
145,99,202,213,221,255
145,100,202,213,222,255
145,101,201,212,221,255
145,102,199,210,220,255
145,103,199,210,219,255
145,104,201,211,220,255
145,105,201,211,220,255
145,106,197,210,219,255
145,107,199,210,219,255
145,108,199,210,220,255
145,109,199,211,220,255
145,110,199,211,220,255
145,111,199,210,220,255
145,112,197,210,219,255
145,113,198,210,219,255
145,114,198,210,219,255
145,115,200,209,218,255
145,116,200,210,219,255
145,117,199,208,218,255
145,118,199,206,216,255
145,119,197,206,217,255
145,120,199,208,219,255
145,121,197,208,218,255
145,122,197,207,216,255
145,123,197,206,215,255
145,124,195,206,215,255
145,125,195,206,215,255
145,126,196,207,216,255
145,127,200,209,218,255
145,128,199,209,218,255
145,129,196,207,218,255
145,130,194,206,216,255
145,131,194,206,216,255
145,132,193,205,215,255
145,133,193,205,216,255
145,134,193,205,216,255
145,135,193,205,216,255
145,136,194,206,218,255
145,137,195,207,218,255
145,138,195,207,218,255
145,139,194,206,217,255
145,140,193,205,215,255
145,141,193,205,215,255
145,142,191,203,214,255
145,143,194,204,214,255
146,0,176,177,181,255
146,1,177,178,182,255
146,2,177,178,182,255
146,3,177,178,182,255
146,4,176,177,181,255
146,5,176,177,181,255
146,6,176,177,181,255
146,7,177,177,181,255
146,8,177,177,181,255
146,9,177,177,181,255
146,10,177,177,180,255
146,11,177,176,180,255
146,12,176,176,180,255
146,13,176,176,180,255
146,14,176,176,179,255
146,15,176,175,179,255
146,16,177,176,179,255
146,17,177,175,179,255
146,18,177,176,178,255
146,19,177,176,178,255
146,20,177,176,178,255
146,21,178,176,178,255
146,22,177,175,177,255
146,23,175,175,177,255
146,24,176,175,177,255
146,25,176,175,176,255
146,26,176,175,177,255
146,27,177,175,177,255
146,28,177,175,176,255
146,29,177,175,176,255
146,30,177,175,176,255
146,31,177,175,175,255
146,32,178,175,176,255
146,33,177,175,175,255
146,34,178,175,176,255
146,35,178,176,175,255
146,36,178,175,174,255
146,37,180,175,171,255
146,38,178,173,168,255
146,39,178,170,164,255
146,40,162,154,148,255
146,41,109,105,102,255
146,42,34,38,56,255
146,43,34,38,64,255
146,44,34,42,66,255
146,45,28,38,66,255
146,46,28,38,64,255
146,47,28,34,61,255
146,48,28,38,64,255
146,49,28,34,61,255
146,50,28,34,61,255
146,51,28,34,59,255
146,52,22,34,59,255
146,53,28,38,64,255
146,54,28,38,66,255
146,55,38,46,69,255
146,56,28,38,64,255
146,57,28,38,64,255
146,58,28,38,64,255
146,59,28,38,66,255
146,60,28,42,69,255
146,61,53,69,96,255
146,62,64,79,104,255
146,63,56,73,98,255
146,64,56,71,96,255
146,65,56,71,98,255
146,66,56,73,102,255
146,67,53,71,102,255
146,68,50,69,99,255
146,69,53,71,101,255
146,70,53,71,101,255
146,71,53,71,101,255
146,72,53,71,99,255
146,73,50,69,98,255
146,74,50,69,98,255
146,75,50,69,98,255
146,76,42,61,93,255
146,77,38,59,88,255
146,78,38,53,83,255
146,79,34,50,79,255
146,80,34,50,77,255
146,81,34,50,77,255
146,82,38,71,88,255
146,83,104,158,172,255
146,84,135,190,203,255
146,85,124,173,191,255
146,86,129,160,176,255
146,87,173,192,208,255
146,88,199,211,222,255
146,89,203,213,222,255
146,90,203,213,221,255
146,91,202,213,223,255
146,92,202,214,223,255
146,93,202,213,222,255
146,94,202,213,222,255
146,95,202,213,222,255
146,96,200,213,221,255
146,97,201,211,221,255
146,98,202,211,220,255
146,99,205,214,222,255
146,100,207,217,224,255
146,101,203,214,223,255
146,102,199,210,220,255
146,103,199,211,220,255
146,104,201,211,220,255
146,105,200,211,220,255
146,106,199,211,221,255
146,107,199,211,220,255
146,108,197,211,220,255
146,109,199,212,220,255
146,110,199,211,219,255
146,111,199,210,219,255
146,112,197,210,219,255
146,113,197,209,218,255
146,114,197,209,218,255
146,115,201,210,218,255
146,116,200,210,219,255
146,117,197,209,218,255
146,118,197,206,216,255
146,119,196,206,217,255
146,120,199,208,219,255
146,121,197,208,219,255
146,122,198,208,217,255
146,123,197,206,215,255
146,124,197,207,216,255
146,125,197,207,216,255
146,126,196,206,215,255
146,127,197,206,216,255
146,128,196,208,218,255
146,129,194,207,218,255
146,130,196,207,217,255
146,131,196,207,217,255
146,132,194,205,216,255
146,133,193,205,215,255
146,134,194,205,216,255
146,135,194,205,216,255
146,136,194,205,217,255
146,137,195,207,218,255
146,138,195,207,218,255
146,139,193,207,218,255
146,140,190,205,215,255
146,141,190,205,215,255
146,142,191,204,214,255
146,143,195,205,215,255
147,0,178,177,181,255
147,1,177,178,182,255
147,2,177,178,182,255
147,3,177,178,182,255
147,4,177,178,182,255
147,5,177,178,182,255
147,6,177,178,182,255
147,7,176,177,181,255
147,8,177,177,181,255
147,9,177,177,181,255
147,10,176,176,180,255
147,11,177,176,180,255
147,12,177,176,179,255
147,13,177,176,179,255
147,14,178,176,180,255
147,15,176,176,179,255
147,16,177,176,179,255
147,17,177,176,179,255
147,18,177,176,178,255
147,19,177,176,178,255
147,20,177,175,178,255
147,21,177,175,178,255
147,22,177,175,178,255
147,23,177,175,178,255
147,24,176,175,177,255
147,25,177,175,178,255
147,26,177,175,177,255
147,27,177,175,176,255
147,28,177,175,177,255
147,29,177,175,176,255
147,30,177,175,176,255
147,31,178,175,176,255
147,32,177,175,175,255
147,33,177,175,175,255
147,34,177,175,175,255
147,35,178,175,175,255
147,36,180,175,174,255
147,37,180,175,171,255
147,38,178,173,168,255
147,39,178,170,164,255
147,40,154,146,139,255
147,41,83,81,83,255
147,42,28,34,53,255
147,43,28,38,61,255
147,44,34,42,69,255
147,45,28,34,61,255
147,46,22,34,56,255
147,47,22,28,46,255
147,48,22,28,42,255
147,49,28,28,46,255
147,50,28,34,46,255
147,51,34,34,50,255
147,52,34,34,46,255
147,53,34,34,50,255
147,54,34,34,56,255
147,55,28,34,61,255
147,56,22,34,61,255
147,57,22,34,61,255
147,58,28,38,64,255
147,59,22,34,61,255
147,60,34,42,69,255
147,61,53,69,95,255
147,62,59,75,101,255
147,63,53,71,96,255
147,64,56,71,96,255
147,65,56,71,98,255
147,66,56,73,99,255
147,67,53,71,99,255
147,68,50,66,99,255
147,69,50,69,99,255
147,70,56,71,102,255
147,71,56,71,101,255
147,72,53,71,101,255
147,73,50,69,98,255
147,74,50,69,99,255
147,75,50,66,98,255
147,76,38,61,91,255
147,77,38,59,90,255
147,78,38,56,86,255
147,79,38,53,81,255
147,80,34,50,77,255
147,81,34,50,79,255
147,82,28,59,77,255
147,83,101,155,169,255
147,84,132,189,203,255
147,85,126,174,190,255
147,86,121,153,171,255
147,87,173,190,204,255
147,88,200,211,222,255
147,89,203,213,222,255
147,90,203,213,221,255
147,91,202,213,223,255
147,92,202,214,223,255
147,93,202,213,222,255
147,94,202,213,222,255
147,95,202,213,222,255
147,96,200,212,221,255
147,97,201,211,220,255
147,98,201,211,220,255
147,99,206,215,223,255
147,100,211,220,227,255
147,101,204,215,223,255
147,102,199,210,220,255
147,103,200,210,219,255
147,104,200,211,220,255
147,105,199,210,219,255
147,106,199,210,220,255
147,107,199,211,220,255
147,108,197,211,220,255
147,109,200,212,220,255
147,110,200,211,219,255
147,111,198,211,220,255
147,112,197,210,219,255
147,113,197,210,218,255
147,114,197,210,218,255
147,115,201,210,218,255
147,116,199,209,218,255
147,117,196,210,218,255
147,118,196,208,217,255
147,119,194,207,218,255
147,120,196,207,218,255
147,121,196,207,218,255
147,122,199,208,217,255
147,123,199,208,217,255
147,124,197,207,216,255
147,125,197,207,216,255
147,126,196,205,215,255
147,127,194,205,214,255
147,128,196,207,216,255
147,129,194,208,218,255
147,130,196,208,218,255
147,131,196,208,218,255
147,132,194,206,217,255
147,133,193,205,215,255
147,134,192,205,215,255
147,135,192,205,215,255
147,136,194,205,215,255
147,137,195,206,218,255
147,138,195,206,218,255
147,139,193,207,219,255
147,140,193,206,217,255
147,141,193,206,217,255
147,142,192,205,215,255
147,143,192,203,214,255
148,0,178,178,182,255
148,1,177,177,182,255
148,2,177,177,182,255
148,3,177,177,182,255
148,4,177,178,182,255
148,5,177,177,181,255
148,6,177,177,181,255
148,7,176,177,181,255
148,8,176,177,180,255
148,9,176,177,180,255
148,10,177,177,180,255
148,11,177,176,180,255
148,12,177,176,180,255
148,13,177,176,180,255
148,14,178,176,179,255
148,15,178,176,179,255
148,16,176,175,179,255
148,17,176,176,179,255
148,18,177,175,178,255
148,19,177,175,178,255
148,20,176,175,178,255
148,21,177,175,178,255
148,22,177,175,178,255
148,23,178,175,178,255
148,24,178,175,178,255
148,25,178,175,178,255
148,26,178,175,177,255
148,27,177,175,177,255
148,28,177,175,177,255
148,29,177,175,176,255
148,30,177,175,176,255
148,31,177,175,176,255
148,32,177,175,175,255
148,33,177,175,175,255
148,34,178,175,176,255
148,35,178,175,175,255
148,36,179,175,175,255
148,37,180,175,172,255
148,38,179,173,168,255
148,39,174,167,160,255
148,40,147,138,132,255
148,41,77,77,83,255
148,42,28,34,56,255
148,43,34,38,64,255
148,44,28,38,66,255
148,45,28,34,61,255
148,46,22,28,46,255
148,47,22,22,28,255
148,48,22,22,22,255
148,49,28,28,28,255
148,50,38,34,34,255
148,51,38,38,38,255
148,52,46,42,42,255
148,53,46,42,46,255
148,54,46,46,50,255
148,55,34,38,61,255
148,56,22,34,61,255
148,57,28,34,61,255
148,58,34,38,61,255
148,59,28,38,61,255
148,60,38,50,71,255
148,61,56,73,98,255
148,62,61,77,102,255
148,63,59,73,99,255
148,64,59,73,98,255
148,65,59,71,98,255
148,66,61,73,99,255
148,67,56,71,99,255
148,68,50,69,98,255
148,69,53,71,101,255
148,70,56,73,102,255
148,71,53,71,102,255
148,72,53,71,99,255
148,73,50,69,98,255
148,74,53,69,99,255
148,75,46,66,98,255
148,76,42,64,93,255
148,77,38,59,90,255
148,78,38,59,88,255
148,79,38,53,83,255
148,80,34,53,79,255
148,81,34,50,77,255
148,82,28,59,77,255
148,83,98,151,167,255
148,84,130,187,202,255
148,85,130,175,192,255
148,86,120,150,168,255
148,87,167,186,202,255
148,88,198,211,222,255
148,89,203,213,222,255
148,90,202,212,221,255
148,91,202,212,222,255
148,92,202,212,222,255
148,93,202,212,222,255
148,94,202,213,222,255
148,95,202,213,221,255
148,96,200,212,221,255
148,97,200,211,220,255
148,98,200,210,220,255
148,99,207,215,223,255
148,100,211,220,227,255
148,101,206,216,224,255
148,102,200,210,220,255
148,103,200,210,219,255
148,104,201,212,220,255
148,105,200,210,219,255
148,106,199,210,220,255
148,107,197,210,220,255
148,108,197,211,220,255
148,109,197,211,221,255
148,110,197,211,219,255
148,111,198,211,220,255
148,112,197,210,219,255
148,113,197,210,219,255
148,114,197,210,219,255
148,115,199,210,218,255
148,116,200,209,218,255
148,117,196,209,218,255
148,118,196,208,217,255
148,119,196,206,217,255
148,120,195,207,218,255
148,121,197,207,217,255
148,122,199,208,217,255
148,123,199,208,217,255
148,124,198,208,218,255
148,125,198,208,218,255
148,126,198,207,217,255
148,127,194,205,214,255
148,128,196,207,216,255
148,129,197,209,218,255
148,130,197,209,219,255
148,131,197,209,219,255
148,132,194,207,217,255
148,133,194,206,216,255
148,134,194,206,216,255
148,135,194,206,216,255
148,136,193,205,215,255
148,137,193,204,216,255
148,138,193,204,216,255
148,139,193,205,217,255
148,140,190,204,215,255
148,141,190,204,215,255
148,142,190,203,214,255
148,143,190,203,213,255
149,0,177,178,182,255
149,1,177,178,182,255
149,2,177,178,182,255
149,3,177,178,182,255
149,4,178,178,182,255
149,5,178,178,182,255
149,6,178,178,182,255
149,7,177,177,181,255
149,8,176,177,181,255
149,9,176,177,181,255
149,10,176,176,180,255
149,11,177,177,180,255
149,12,177,176,179,255
149,13,177,175,178,255
149,14,177,175,178,255
149,15,177,175,178,255
149,16,177,176,179,255
149,17,177,176,179,255
149,18,176,175,178,255
149,19,176,175,178,255
149,20,177,175,178,255
149,21,177,176,178,255
149,22,178,175,178,255
149,23,178,175,178,255
149,24,178,175,178,255
149,25,177,175,177,255
149,26,178,175,177,255
149,27,178,175,176,255
149,28,178,175,176,255
149,29,177,175,176,255
149,30,177,175,176,255
149,31,177,175,176,255
149,32,177,175,175,255
149,33,178,176,176,255
149,34,178,175,175,255
149,35,178,176,175,255
149,36,178,176,175,255
149,37,180,175,173,255
149,38,179,173,168,255
149,39,173,164,158,255
149,40,136,129,124,255
149,41,64,66,73,255
149,42,38,42,64,255
149,43,34,42,66,255
149,44,34,38,66,255
149,45,28,38,61,255
149,46,22,22,38,255
149,47,22,22,22,255
149,48,22,22,22,255
149,49,34,28,28,255
149,50,38,38,38,255
149,51,53,50,46,255
149,52,53,50,50,255
149,53,61,56,56,255
149,54,59,53,56,255
149,55,42,46,64,255
149,56,34,38,56,255
149,57,28,34,59,255
149,58,28,34,56,255
149,59,28,38,61,255
149,60,38,50,73,255
149,61,56,73,98,255
149,62,61,75,101,255
149,63,59,73,98,255
149,64,59,73,98,255
149,65,59,73,99,255
149,66,61,75,101,255
149,67,59,73,99,255
149,68,53,71,99,255
149,69,53,71,101,255
149,70,53,71,102,255
149,71,50,71,101,255
149,72,50,69,99,255
149,73,50,66,98,255
149,74,46,66,99,255
149,75,46,66,98,255
149,76,42,61,93,255
149,77,38,61,90,255
149,78,38,59,88,255
149,79,38,56,85,255
149,80,34,50,81,255
149,81,34,50,77,255
149,82,34,56,77,255
149,83,95,148,163,255
149,84,128,184,200,255
149,85,134,180,196,255
149,86,121,151,170,255
149,87,161,181,197,255
149,88,196,210,221,255
149,89,203,213,222,255
149,90,201,212,221,255
149,91,202,212,222,255
149,92,202,211,222,255
149,93,202,212,222,255
149,94,202,213,222,255
149,95,202,213,222,255
149,96,200,212,222,255
149,97,200,212,221,255
149,98,200,211,220,255
149,99,204,214,223,255
149,100,210,219,227,255
149,101,206,216,224,255
149,102,199,210,220,255
149,103,200,210,219,255
149,104,199,211,220,255
149,105,202,210,219,255
149,106,202,211,220,255
149,107,199,211,221,255
149,108,197,211,220,255
149,109,197,211,221,255
149,110,197,211,220,255
149,111,199,211,220,255
149,112,199,211,219,255
149,113,197,211,219,255
149,114,197,211,219,255
149,115,198,209,218,255
149,116,200,208,217,255
149,117,197,207,216,255
149,118,197,206,215,255
149,119,196,206,217,255
149,120,195,206,217,255
149,121,198,207,217,255
149,122,200,209,217,255
149,123,199,209,218,255
149,124,198,208,219,255
149,125,198,208,219,255
149,126,197,207,217,255
149,127,194,206,215,255
149,128,194,208,217,255
149,129,197,209,218,255
149,130,197,209,218,255
149,131,199,209,218,255
149,132,194,208,217,255
149,133,194,207,217,255
149,134,193,207,217,255
149,135,193,207,217,255
149,136,192,206,216,255
149,137,192,205,216,255
149,138,192,205,216,255
149,139,190,205,216,255
149,140,192,204,215,255
149,141,192,204,215,255
149,142,190,203,214,255
149,143,190,203,214,255
150,0,177,178,182,255
150,1,177,178,182,255
150,2,176,178,182,255
150,3,176,178,182,255
150,4,177,177,182,255
150,5,177,177,181,255
150,6,177,177,181,255
150,7,177,177,181,255
150,8,176,177,180,255
150,9,176,177,180,255
150,10,177,177,180,255
150,11,177,177,180,255
150,12,178,177,179,255
150,13,177,175,177,255
150,14,177,175,177,255
150,15,177,175,176,255
150,16,177,176,178,255
150,17,176,175,179,255
150,18,176,175,178,255
150,19,176,175,178,255
150,20,176,175,178,255
150,21,177,175,178,255
150,22,177,175,178,255
150,23,178,175,178,255
150,24,178,175,178,255
150,25,177,175,177,255
150,26,178,175,178,255
150,27,178,175,177,255
150,28,178,175,177,255
150,29,178,175,176,255
150,30,178,175,176,255
150,31,177,175,175,255
150,32,177,175,176,255
150,33,177,175,175,255
150,34,177,175,175,255
150,35,178,175,175,255
150,36,178,175,175,255
150,37,180,175,173,255
150,38,178,173,167,255
150,39,168,160,152,255
150,40,114,110,108,255
150,41,46,53,64,255
150,42,38,42,64,255
150,43,38,42,69,255
150,44,28,38,64,255
150,45,28,34,59,255
150,46,22,28,38,255
150,47,22,22,22,255
150,48,28,28,28,255
150,49,34,34,34,255
150,50,42,38,38,255
150,51,53,50,50,255
150,52,56,53,53,255
150,53,59,56,56,255
150,54,59,56,59,255
150,55,56,53,61,255
150,56,28,34,50,255
150,57,34,34,46,255
150,58,28,28,46,255
150,59,13,22,28,255
150,60,38,50,71,255
150,61,59,73,96,255
150,62,64,77,101,255
150,63,61,75,99,255
150,64,61,73,98,255
150,65,61,75,98,255
150,66,64,77,101,255
150,67,64,77,101,255
150,68,53,71,98,255
150,69,53,71,99,255
150,70,50,69,99,255
150,71,46,66,98,255
150,72,46,69,99,255
150,73,46,66,96,255
150,74,42,66,98,255
150,75,42,64,96,255
150,76,42,61,93,255
150,77,38,59,90,255
150,78,38,59,88,255
150,79,38,56,86,255
150,80,38,53,85,255
150,81,34,50,81,255
150,82,34,53,77,255
150,83,88,142,158,255
150,84,127,183,199,255
150,85,133,186,202,255
150,86,124,157,176,255
150,87,155,175,192,255
150,88,194,207,218,255
150,89,202,213,221,255
150,90,201,212,221,255
150,91,202,212,222,255
150,92,202,211,221,255
150,93,201,212,222,255
150,94,202,213,222,255
150,95,202,213,222,255
150,96,201,211,221,255
150,97,201,211,220,255
150,98,201,211,221,255
150,99,200,211,221,255
150,100,203,214,223,255
150,101,203,214,223,255
150,102,199,210,220,255
150,103,201,210,219,255
150,104,199,211,219,255
150,105,202,211,219,255
150,106,202,210,219,255
150,107,200,211,220,255
150,108,197,211,220,255
150,109,199,211,220,255
150,110,197,210,220,255
150,111,199,210,220,255
150,112,199,211,220,255
150,113,198,210,220,255
150,114,198,210,220,255
150,115,198,210,219,255
150,116,202,209,218,255
150,117,200,209,217,255
150,118,199,208,217,255
150,119,197,207,217,255
150,120,196,206,216,255
150,121,198,207,215,255
150,122,198,208,217,255
150,123,197,208,217,255
150,124,197,208,217,255
150,125,196,207,218,255
150,126,196,208,218,255
150,127,194,206,216,255
150,128,196,208,217,255
150,129,196,208,217,255
150,130,196,208,217,255
150,131,197,208,217,255
150,132,194,207,217,255
150,133,194,206,216,255
150,134,193,207,216,255
150,135,193,207,216,255
150,136,193,207,217,255
150,137,192,206,217,255
150,138,192,206,217,255
150,139,192,206,217,255
150,140,194,205,217,255
150,141,194,205,217,255
150,142,190,202,214,255
150,143,190,202,214,255
151,0,176,178,182,255
151,1,176,178,182,255
151,2,177,178,182,255
151,3,177,178,182,255
151,4,177,178,182,255
151,5,177,178,181,255
151,6,177,178,181,255
151,7,177,177,181,255
151,8,177,177,180,255
151,9,177,177,180,255
151,10,177,177,180,255
151,11,177,177,180,255
151,12,178,176,179,255
151,13,176,175,176,255
151,14,176,175,176,255
151,15,177,173,175,255
151,16,178,176,178,255
151,17,177,176,179,255
151,18,176,175,178,255
151,19,176,175,178,255
151,20,176,175,178,255
151,21,177,175,178,255
151,22,177,175,178,255
151,23,177,175,178,255
151,24,177,175,178,255
151,25,177,175,177,255
151,26,177,175,177,255
151,27,178,175,176,255
151,28,178,175,177,255
151,29,178,175,176,255
151,30,177,175,176,255
151,31,177,175,176,255
151,32,177,175,176,255
151,33,177,175,175,255
151,34,178,176,176,255
151,35,178,175,175,255
151,36,178,175,175,255
151,37,179,175,172,255
151,38,177,170,165,255
151,39,154,146,138,255
151,40,69,71,75,255
151,41,34,38,56,255
151,42,34,42,64,255
151,43,34,42,66,255
151,44,34,38,66,255
151,45,28,34,56,255
151,46,22,28,38,255
151,47,22,22,22,255
151,48,22,22,22,255
151,49,28,28,28,255
151,50,42,42,42,255
151,51,56,53,53,255
151,52,59,56,56,255
151,53,64,59,59,255
151,54,61,59,61,255
151,55,28,34,53,255
151,56,34,34,53,255
151,57,28,34,50,255
151,58,28,34,50,255
151,59,34,34,46,255
151,60,46,53,71,255
151,61,61,73,96,255
151,62,64,77,99,255
151,63,59,73,96,255
151,64,61,75,98,255
151,65,59,73,98,255
151,66,66,79,102,255
151,67,64,75,101,255
151,68,56,71,98,255
151,69,50,69,96,255
151,70,46,69,98,255
151,71,42,66,96,255
151,72,46,66,96,255
151,73,42,64,95,255
151,74,42,64,96,255
151,75,42,64,96,255
151,76,38,61,91,255
151,77,38,56,86,255
151,78,38,56,86,255
151,79,38,56,86,255
151,80,38,53,85,255
151,81,34,50,81,255
151,82,34,53,79,255
151,83,86,136,153,255
151,84,126,181,197,255
151,85,129,186,202,255
151,86,124,160,178,255
151,87,152,173,189,255
151,88,191,205,217,255
151,89,202,213,221,255
151,90,201,212,221,255
151,91,202,212,222,255
151,92,201,211,221,255
151,93,202,212,222,255
151,94,202,212,222,255
151,95,201,213,222,255
151,96,201,211,221,255
151,97,200,211,220,255
151,98,201,211,220,255
151,99,201,211,220,255
151,100,204,214,223,255
151,101,208,217,224,255
151,102,201,213,222,255
151,103,201,211,220,255
151,104,199,211,220,255
151,105,200,210,219,255
151,106,202,210,220,255
151,107,200,211,221,255
151,108,197,211,220,255
151,109,200,211,221,255
151,110,197,211,220,255
151,111,198,210,220,255
151,112,198,210,220,255
151,113,198,210,220,255
151,114,199,210,219,255
151,115,197,209,218,255
151,116,200,209,218,255
151,117,201,209,218,255
151,118,199,208,216,255
151,119,197,207,215,255
151,120,195,206,215,255
151,121,197,207,215,255
151,122,198,208,217,255
151,123,197,206,217,255
151,124,197,206,217,255
151,125,196,206,217,255
151,126,197,208,218,255
151,127,198,209,218,255
151,128,197,209,218,255
151,129,196,208,218,255
151,130,196,208,218,255
151,131,196,208,217,255
151,132,193,206,215,255
151,133,192,205,214,255
151,134,192,205,215,255
151,135,192,205,215,255
151,136,193,206,216,255
151,137,194,206,217,255
151,138,194,206,217,255
151,139,192,206,218,255
151,140,192,205,216,255
151,141,192,205,216,255
151,142,191,202,214,255
151,143,191,202,214,255
152,0,177,178,182,255
152,1,177,178,182,255
152,2,178,178,182,255
152,3,178,178,182,255
152,4,177,178,182,255
152,5,177,178,182,255
152,6,177,178,182,255
152,7,177,177,181,255
152,8,178,177,181,255
152,9,178,177,181,255
152,10,176,177,180,255
152,11,176,176,180,255
152,12,178,176,178,255
152,13,176,173,175,255
152,14,176,173,175,255
152,15,177,173,175,255
152,16,178,175,178,255
152,17,177,176,178,255
152,18,176,176,178,255
152,19,177,176,178,255
152,20,177,176,178,255
152,21,177,175,178,255
152,22,178,175,178,255
152,23,177,175,178,255
152,24,177,175,178,255
152,25,177,175,178,255
152,26,177,175,177,255
152,27,178,175,177,255
152,28,178,175,177,255
152,29,178,175,176,255
152,30,178,175,175,255
152,31,178,175,175,255
152,32,178,175,176,255
152,33,178,175,175,255
152,34,178,175,175,255
152,35,178,175,175,255
152,36,178,175,175,255
152,37,178,175,172,255
152,38,178,170,164,255
152,39,150,142,134,255
152,40,75,73,75,255
152,41,28,34,53,255
152,42,34,42,64,255
152,43,38,42,66,255
152,44,28,34,64,255
152,45,22,28,53,255
152,46,22,22,28,255
152,47,22,22,22,255
152,48,22,22,28,255
152,49,34,34,34,255
152,50,46,46,42,255
152,51,56,53,53,255
152,52,59,56,56,255
152,53,64,59,59,255
152,54,53,53,59,255
152,55,28,34,56,255
152,56,22,34,59,255
152,57,34,38,61,255
152,58,34,38,59,255
152,59,28,34,42,255
152,60,46,53,73,255
152,61,66,79,102,255
152,62,61,75,99,255
152,63,59,73,96,255
152,64,59,73,96,255
152,65,61,75,99,255
152,66,66,79,102,255
152,67,61,75,99,255
152,68,53,69,96,255
152,69,46,66,96,255
152,70,46,66,96,255
152,71,46,66,96,255
152,72,42,66,95,255
152,73,42,64,93,255
152,74,42,64,96,255
152,75,38,61,95,255
152,76,38,59,90,255
152,77,38,56,86,255
152,78,38,56,86,255
152,79,38,53,86,255
152,80,38,53,85,255
152,81,34,53,81,255
152,82,34,56,81,255
152,83,83,131,148,255
152,84,122,178,194,255
152,85,136,190,204,255
152,86,131,169,186,255
152,87,151,172,189,255
152,88,186,203,217,255
152,89,201,213,222,255
152,90,202,213,221,255
152,91,201,212,221,255
152,92,201,211,221,255
152,93,202,211,221,255
152,94,201,212,222,255
152,95,201,211,221,255
152,96,200,210,220,255
152,97,201,211,219,255
152,98,201,211,220,255
152,99,200,211,220,255
152,100,207,216,224,255
152,101,213,220,228,255
152,102,205,215,223,255
152,103,199,211,220,255
152,104,199,211,220,255
152,105,199,210,220,255
152,106,199,210,221,255
152,107,200,211,221,255
152,108,200,211,220,255
152,109,202,213,221,255
152,110,199,211,220,255
152,111,198,210,220,255
152,112,198,210,220,255
152,113,198,210,220,255
152,114,197,210,220,255
152,115,196,209,219,255
152,116,199,209,218,255
152,117,200,209,217,255
152,118,198,208,215,255
152,119,199,207,215,255
152,120,195,207,215,255
152,121,196,208,216,255
152,122,199,208,217,255
152,123,198,207,217,255
152,124,198,207,217,255
152,125,194,206,216,255
152,126,197,208,217,255
152,127,200,210,219,255
152,128,197,209,218,255
152,129,193,207,217,255
152,130,193,207,217,255
152,131,193,206,216,255
152,132,194,206,215,255
152,133,193,205,215,255
152,134,192,205,214,255
152,135,192,205,214,255
152,136,192,204,215,255
152,137,197,206,217,255
152,138,197,206,217,255
152,139,197,207,218,255
152,140,192,204,216,255
152,141,192,204,216,255
152,142,190,201,213,255
152,143,190,201,213,255
153,0,177,178,182,255
153,1,177,178,182,255
153,2,178,178,182,255
153,3,178,178,182,255
153,4,178,178,182,255
153,5,177,178,181,255
153,6,177,178,181,255
153,7,177,177,181,255
153,8,177,177,181,255
153,9,176,177,180,255
153,10,176,177,180,255
153,11,178,176,180,255
153,12,177,175,177,255
153,13,176,173,174,255
153,14,176,173,174,255
153,15,177,173,175,255
153,16,177,175,178,255
153,17,177,176,179,255
153,18,178,176,179,255
153,19,176,175,178,255
153,20,176,175,178,255
153,21,177,176,178,255
153,22,177,175,178,255
153,23,177,175,178,255
153,24,177,175,178,255
153,25,178,175,178,255
153,26,178,175,177,255
153,27,178,175,177,255
153,28,178,175,177,255
153,29,178,175,176,255
153,30,178,175,176,255
153,31,178,175,176,255
153,32,178,175,176,255
153,33,178,175,176,255
153,34,178,175,175,255
153,35,178,175,175,255
153,36,178,175,175,255
153,37,179,175,172,255
153,38,173,165,160,255
153,39,143,135,128,255
153,40,75,73,77,255
153,41,22,34,56,255
153,42,28,34,61,255
153,43,28,34,64,255
153,44,28,34,61,255
153,45,28,34,50,255
153,46,28,28,28,255
153,47,22,22,28,255
153,48,28,28,28,255
153,49,34,34,28,255
153,50,50,46,46,255
153,51,53,50,50,255
153,52,61,59,59,255
153,53,64,61,61,255
153,54,50,50,59,255
153,55,22,28,56,255
153,56,22,34,61,255
153,57,34,42,64,255
153,58,28,38,59,255
153,59,34,34,42,255
153,60,53,59,75,255
153,61,64,79,104,255
153,62,59,75,99,255
153,63,59,73,96,255
153,64,61,73,96,255
153,65,61,75,98,255
153,66,64,79,102,255
153,67,61,75,99,255
153,68,53,69,96,255
153,69,50,69,98,255
153,70,46,64,96,255
153,71,42,64,95,255
153,72,42,61,93,255
153,73,42,61,91,255
153,74,42,61,93,255
153,75,38,59,91,255
153,76,38,56,88,255
153,77,38,53,85,255
153,78,38,56,86,255
153,79,38,56,86,255
153,80,34,53,85,255
153,81,38,53,83,255
153,82,38,53,81,255
153,83,79,126,144,255
153,84,121,177,194,255
153,85,135,190,203,255
153,86,133,171,189,255
153,87,142,167,186,255
153,88,185,200,213,255
153,89,201,213,223,255
153,90,201,213,222,255
153,91,202,213,222,255
153,92,201,211,221,255
153,93,202,211,222,255
153,94,202,212,222,255
153,95,201,212,221,255
153,96,201,211,220,255
153,97,201,211,219,255
153,98,201,211,219,255
153,99,201,211,220,255
153,100,206,217,224,255
153,101,215,223,230,255
153,102,208,217,226,255
153,103,199,211,221,255
153,104,200,211,221,255
153,105,200,210,221,255
153,106,199,210,220,255
153,107,199,210,220,255
153,108,199,210,220,255
153,109,199,211,220,255
153,110,199,211,220,255
153,111,198,211,220,255
153,112,198,210,219,255
153,113,198,210,219,255
153,114,197,211,220,255
153,115,197,210,220,255
153,116,197,208,218,255
153,117,200,209,217,255
153,118,198,208,216,255
153,119,197,206,215,255
153,120,196,206,215,255
153,121,195,206,215,255
153,122,199,207,216,255
153,123,200,208,217,255
153,124,200,208,217,255
153,125,197,207,217,255
153,126,197,208,218,255
153,127,197,209,218,255
153,128,194,208,218,255
153,129,194,207,217,255
153,130,194,207,217,255
153,131,192,205,216,255
153,132,193,205,214,255
153,133,192,205,214,255
153,134,192,205,214,255
153,135,193,205,214,255
153,136,190,203,214,255
153,137,194,205,215,255
153,138,194,205,215,255
153,139,194,205,217,255
153,140,192,203,215,255
153,141,192,203,215,255
153,142,191,203,214,255
153,143,191,203,214,255
154,0,177,178,182,255
154,1,178,178,182,255
154,2,178,178,182,255
154,3,178,178,182,255
154,4,178,178,182,255
154,5,178,178,182,255
154,6,178,178,182,255
154,7,177,177,181,255
154,8,178,178,181,255
154,9,177,177,180,255
154,10,177,177,180,255
154,11,178,177,179,255
154,12,177,175,176,255
154,13,177,173,175,255
154,14,177,173,175,255
154,15,175,173,174,255
154,16,177,175,178,255
154,17,177,176,178,255
154,18,178,175,178,255
154,19,176,175,178,255
154,20,176,175,178,255
154,21,177,176,178,255
154,22,177,175,178,255
154,23,177,176,178,255
154,24,177,175,178,255
154,25,177,175,178,255
154,26,177,175,177,255
154,27,178,175,177,255
154,28,177,175,176,255
154,29,178,175,176,255
154,30,178,175,176,255
154,31,178,175,176,255
154,32,178,175,176,255
154,33,178,175,176,255
154,34,178,175,175,255
154,35,178,175,175,255
154,36,178,175,175,255
154,37,178,174,171,255
154,38,169,162,156,255
154,39,124,118,112,255
154,40,46,50,61,255
154,41,28,34,59,255
154,42,28,38,64,255
154,43,28,38,64,255
154,44,28,38,61,255
154,45,28,34,53,255
154,46,22,28,34,255
154,47,22,22,28,255
154,48,28,28,28,255
154,49,34,34,38,255
154,50,46,46,50,255
154,51,50,50,53,255
154,52,56,56,56,255
154,53,61,61,64,255
154,54,42,46,64,255
154,55,22,28,61,255
154,56,22,34,61,255
154,57,28,38,61,255
154,58,28,34,53,255
154,59,34,34,46,255
154,60,53,59,75,255
154,61,61,79,104,255
154,62,56,73,99,255
154,63,56,71,93,255
154,64,59,73,95,255
154,65,56,71,95,255
154,66,59,75,99,255
154,67,59,73,99,255
154,68,56,69,96,255
154,69,53,69,98,255
154,70,46,64,96,255
154,71,42,61,95,255
154,72,42,61,93,255
154,73,38,59,90,255
154,74,38,56,90,255
154,75,38,56,88,255
154,76,38,53,86,255
154,77,38,53,86,255
154,78,42,56,88,255
154,79,38,56,88,255
154,80,38,53,85,255
154,81,38,56,86,255
154,82,34,53,83,255
154,83,77,121,140,255
154,84,120,174,192,255
154,85,134,189,202,255
154,86,132,173,189,255
154,87,140,165,183,255
154,88,182,197,210,255
154,89,201,213,223,255
154,90,201,213,222,255
154,91,201,212,221,255
154,92,201,211,221,255
154,93,201,211,221,255
154,94,201,212,221,255
154,95,201,213,221,255
154,96,200,210,220,255
154,97,200,210,219,255
154,98,201,212,220,255
154,99,201,211,221,255
154,100,207,217,225,255
154,101,216,223,230,255
154,102,210,219,227,255
154,103,201,212,222,255
154,104,200,210,220,255
154,105,199,209,220,255
154,106,198,209,218,255
154,107,198,209,218,255
154,108,198,209,219,255
154,109,198,211,219,255
154,110,200,212,220,255
154,111,198,210,219,255
154,112,198,211,220,255
154,113,198,211,220,255
154,114,198,211,220,255
154,115,196,210,220,255
154,116,196,208,218,255
154,117,199,208,217,255
154,118,198,207,215,255
154,119,198,208,215,255
154,120,197,206,215,255
154,121,196,206,214,255
154,122,197,206,215,255
154,123,199,207,216,255
154,124,199,207,216,255
154,125,196,206,216,255
154,126,196,208,217,255
154,127,197,209,218,255
154,128,193,207,217,255
154,129,194,206,218,255
154,130,194,206,218,255
154,131,194,206,217,255
154,132,194,205,215,255
154,133,192,204,213,255
154,134,192,204,213,255
154,135,194,204,214,255
154,136,192,203,214,255
154,137,192,204,215,255
154,138,192,204,215,255
154,139,192,204,214,255
154,140,191,203,214,255
154,141,191,203,214,255
154,142,192,203,214,255
154,143,191,203,214,255
155,0,178,178,182,255
155,1,178,178,182,255
155,2,178,178,182,255
155,3,178,178,182,255
155,4,178,178,182,255
155,5,178,178,181,255
155,6,178,178,181,255
155,7,177,177,181,255
155,8,178,178,181,255
155,9,177,177,180,255
155,10,177,177,180,255
155,11,177,175,178,255
155,12,176,174,175,255
155,13,176,172,173,255
155,14,176,172,173,255
155,15,175,173,174,255
155,16,176,175,177,255
155,17,177,175,177,255
155,18,177,174,175,255
155,19,177,175,178,255
155,20,177,175,178,255
155,21,177,176,178,255
155,22,177,175,178,255
155,23,177,175,178,255
155,24,177,175,177,255
155,25,177,175,178,255
155,26,177,175,177,255
155,27,177,175,177,255
155,28,177,175,176,255
155,29,178,175,176,255
155,30,178,175,176,255
155,31,178,175,176,255
155,32,178,175,176,255
155,33,178,175,176,255
155,34,178,175,175,255
155,35,178,175,175,255
155,36,178,175,174,255
155,37,178,173,170,255
155,38,161,154,148,255
155,39,113,108,105,255
155,40,42,46,61,255
155,41,22,34,61,255
155,42,28,38,64,255
155,43,28,34,61,255
155,44,22,34,59,255
155,45,28,34,56,255
155,46,22,28,42,255
155,47,22,28,38,255
155,48,28,28,42,255
155,49,28,34,50,255
155,50,28,34,50,255
155,51,28,34,50,255
155,52,28,34,53,255
155,53,34,38,59,255
155,54,22,34,61,255
155,55,22,34,64,255
155,56,22,34,61,255
155,57,28,34,61,255
155,58,22,34,53,255
155,59,28,34,46,255
155,60,50,56,75,255
155,61,59,75,101,255
155,62,59,73,98,255
155,63,56,71,95,255
155,64,56,69,93,255
155,65,56,71,95,255
155,66,59,73,99,255
155,67,53,69,96,255
155,68,53,66,96,255
155,69,50,66,96,255
155,70,46,64,96,255
155,71,42,61,93,255
155,72,38,56,90,255
155,73,38,56,88,255
155,74,38,56,88,255
155,75,38,53,88,255
155,76,34,50,85,255
155,77,38,53,85,255
155,78,38,56,88,255
155,79,38,56,86,255
155,80,34,53,85,255
155,81,38,53,85,255
155,82,34,53,83,255
155,83,71,114,134,255
155,84,117,171,189,255
155,85,131,186,199,255
155,86,125,171,186,255
155,87,136,163,180,255
155,88,177,194,209,255
155,89,199,211,222,255
155,90,201,213,222,255
155,91,201,213,222,255
155,92,201,211,221,255
155,93,201,211,221,255
155,94,201,211,221,255
155,95,200,212,221,255
155,96,200,210,219,255
155,97,200,210,218,255
155,98,200,211,220,255
155,99,200,211,221,255
155,100,201,213,222,255
155,101,210,219,227,255
155,102,209,219,227,255
155,103,201,212,222,255
155,104,202,211,220,255
155,105,199,209,220,255
155,106,198,210,219,255
155,107,197,210,219,255
155,108,199,210,219,255
155,109,199,211,220,255
155,110,201,213,220,255
155,111,198,211,220,255
155,112,197,212,220,255
155,113,197,212,220,255
155,114,196,211,219,255
155,115,198,210,220,255
155,116,196,209,219,255
155,117,197,208,218,255
155,118,197,208,217,255
155,119,198,207,215,255
155,120,196,206,215,255
155,121,198,206,215,255
155,122,197,206,215,255
155,123,197,206,215,255
155,124,197,206,215,255
155,125,194,206,216,255
155,126,194,207,217,255
155,127,196,209,218,255
155,128,193,207,217,255
155,129,194,205,216,255
155,130,194,205,216,255
155,131,194,206,217,255
155,132,194,205,215,255
155,133,195,205,214,255
155,134,195,205,214,255
155,135,192,203,212,255
155,136,192,203,213,255
155,137,192,203,214,255
155,138,192,203,214,255
155,139,192,203,214,255
155,140,192,203,213,255
155,141,191,203,214,255
155,142,192,203,214,255
155,143,192,203,214,255
156,0,177,178,182,255
156,1,177,178,182,255
156,2,178,178,182,255
156,3,178,178,182,255
156,4,178,178,182,255
156,5,178,178,181,255
156,6,178,178,181,255
156,7,177,177,181,255
156,8,177,177,180,255
156,9,177,177,180,255
156,10,177,177,180,255
156,11,177,175,177,255
156,12,175,172,173,255
156,13,175,171,171,255
156,14,175,171,171,255
156,15,175,170,171,255
156,16,176,173,175,255
156,17,177,173,174,255
156,18,175,171,172,255
156,19,177,174,176,255
156,20,177,174,176,255
156,21,177,175,177,255
156,22,178,175,177,255
156,23,178,175,178,255
156,24,177,175,178,255
156,25,177,175,177,255
156,26,177,175,177,255
156,27,177,175,177,255
156,28,177,175,176,255
156,29,177,175,176,255
156,30,178,175,176,255
156,31,178,175,176,255
156,32,177,175,176,255
156,33,178,175,176,255
156,34,178,175,175,255
156,35,178,175,175,255
156,36,177,175,174,255
156,37,179,173,169,255
156,38,153,146,139,255
156,39,81,81,83,255
156,40,38,42,61,255
156,41,28,38,64,255
156,42,34,38,64,255
156,43,28,38,64,255
156,44,28,34,64,255
156,45,28,34,61,255
156,46,22,34,59,255
156,47,22,34,59,255
156,48,22,34,61,255
156,49,22,34,61,255
156,50,22,34,61,255
156,51,22,34,61,255
156,52,22,34,64,255
156,53,22,34,64,255
156,54,34,38,64,255
156,55,22,34,61,255
156,56,28,38,64,255
156,57,34,38,64,255
156,58,22,34,59,255
156,59,28,34,53,255
156,60,46,56,77,255
156,61,61,75,101,255
156,62,56,71,96,255
156,63,56,71,95,255
156,64,56,71,93,255
156,65,56,69,95,255
156,66,56,71,98,255
156,67,53,66,96,255
156,68,50,66,95,255
156,69,50,66,96,255
156,70,46,64,96,255
156,71,42,61,93,255
156,72,38,59,90,255
156,73,38,53,86,255
156,74,38,53,86,255
156,75,38,56,86,255
156,76,38,53,85,255
156,77,34,50,83,255
156,78,38,56,86,255
156,79,34,50,83,255
156,80,38,53,83,255
156,81,34,53,81,255
156,82,34,53,81,255
156,83,64,108,128,255
156,84,112,166,184,255
156,85,128,186,198,255
156,86,126,172,186,255
156,87,132,160,176,255
156,88,176,192,206,255
156,89,199,211,222,255
156,90,200,212,222,255
156,91,201,212,222,255
156,92,201,211,221,255
156,93,201,211,221,255
156,94,200,211,221,255
156,95,201,213,221,255
156,96,200,210,220,255
156,97,200,210,219,255
156,98,200,211,220,255
156,99,200,211,220,255
156,100,201,211,221,255
156,101,207,216,224,255
156,102,210,220,228,255
156,103,201,213,223,255
156,104,200,210,220,255
156,105,200,210,220,255
156,106,199,211,220,255
156,107,199,211,220,255
156,108,198,209,219,255
156,109,197,210,219,255
156,110,200,212,220,255
156,111,198,211,220,255
156,112,196,210,219,255
156,113,196,210,219,255
156,114,197,209,218,255
156,115,199,209,218,255
156,116,197,209,220,255
156,117,196,209,218,255
156,118,196,208,218,255
156,119,197,208,217,255
156,120,196,208,215,255
156,121,197,207,215,255
156,122,197,207,215,255
156,123,196,206,216,255
156,124,196,206,216,255
156,125,194,206,217,255
156,126,196,208,218,255
156,127,196,209,218,255
156,128,194,208,218,255
156,129,193,206,217,255
156,130,193,206,217,255
156,131,192,204,215,255
156,132,192,204,214,255
156,133,194,203,213,255
156,134,194,203,213,255
156,135,194,203,212,255
156,136,194,203,213,255
156,137,195,204,215,255
156,138,195,204,215,255
156,139,192,203,214,255
156,140,192,203,213,255
156,141,192,203,213,255
156,142,193,203,214,255
156,143,193,203,214,255
157,0,177,178,182,255
157,1,177,178,182,255
157,2,178,178,182,255
157,3,178,178,182,255
157,4,178,178,182,255
157,5,178,178,181,255
157,6,178,178,181,255
157,7,177,177,181,255
157,8,177,178,181,255
157,9,177,177,180,255
157,10,177,177,180,255
157,11,177,173,175,255
157,12,174,169,169,255
157,13,173,167,167,255
157,14,173,167,167,255
157,15,173,168,168,255
157,16,175,170,170,255
157,17,175,170,168,255
157,18,173,167,165,255
157,19,175,170,170,255
157,20,175,170,170,255
157,21,177,173,174,255
157,22,177,174,175,255
157,23,177,173,174,255
157,24,178,175,176,255
157,25,178,175,177,255
157,26,177,175,176,255
157,27,177,175,177,255
157,28,177,175,176,255
157,29,178,175,176,255
157,30,178,175,176,255
157,31,178,175,176,255
157,32,178,175,176,255
157,33,178,175,175,255
157,34,178,175,175,255
157,35,178,175,175,255
157,36,178,175,175,255
157,37,173,167,165,255
157,38,146,138,132,255
157,39,81,77,79,255
157,40,28,34,56,255
157,41,28,34,61,255
157,42,28,38,64,255
157,43,28,38,66,255
157,44,28,38,66,255
157,45,28,34,64,255
157,46,28,34,64,255
157,47,22,34,64,255
157,48,28,34,66,255
157,49,28,34,64,255
157,50,22,34,61,255
157,51,28,34,64,255
157,52,28,34,66,255
157,53,28,34,66,255
157,54,28,34,64,255
157,55,28,34,64,255
157,56,28,38,64,255
157,57,28,34,64,255
157,58,28,34,64,255
157,59,22,34,64,255
157,60,46,59,81,255
157,61,56,73,99,255
157,62,53,69,95,255
157,63,53,69,93,255
157,64,53,66,91,255
157,65,53,69,93,255
157,66,56,69,96,255
157,67,53,66,93,255
157,68,53,66,93,255
157,69,50,64,93,255
157,70,46,64,95,255
157,71,42,61,95,255
157,72,38,59,93,255
157,73,38,56,90,255
157,74,38,59,90,255
157,75,42,59,88,255
157,76,38,53,85,255
157,77,38,53,85,255
157,78,34,53,85,255
157,79,34,46,77,255
157,80,34,46,77,255
157,81,34,50,79,255
157,82,34,46,75,255
157,83,59,99,121,255
157,84,106,161,180,255
157,85,131,187,199,255
157,86,127,174,186,255
157,87,128,157,173,255
157,88,170,189,203,255
157,89,197,211,222,255
157,90,200,212,222,255
157,91,200,212,222,255
157,92,200,211,221,255
157,93,200,211,221,255
157,94,201,211,221,255
157,95,201,212,221,255
157,96,200,210,220,255
157,97,202,210,219,255
157,98,200,211,220,255
157,99,200,211,220,255
157,100,200,211,220,255
157,101,207,216,224,255
157,102,215,222,229,255
157,103,205,215,224,255
157,104,199,210,221,255
157,105,199,210,220,255
157,106,200,211,220,255
157,107,199,211,221,255
157,108,199,210,219,255
157,109,198,210,220,255
157,110,196,210,220,255
157,111,196,210,219,255
157,112,197,209,218,255
157,113,197,209,218,255
157,114,199,209,218,255
157,115,200,208,217,255
157,116,197,208,219,255
157,117,196,208,218,255
157,118,196,209,218,255
157,119,197,208,217,255
157,120,195,208,216,255
157,121,196,207,215,255
157,122,197,206,215,255
157,123,194,205,215,255
157,124,194,205,215,255
157,125,194,206,216,255
157,126,199,207,218,255
157,127,196,207,217,255
157,128,194,207,217,255
157,129,193,206,216,255
157,130,193,206,216,255
157,131,190,204,215,255
157,132,192,204,214,255
157,133,194,204,213,255
157,134,194,204,213,255
157,135,196,203,213,255
157,136,194,203,213,255
157,137,195,204,215,255
157,138,195,204,215,255
157,139,192,204,215,255
157,140,192,204,215,255
157,141,192,203,214,255
157,142,193,203,214,255
157,143,193,203,214,255
158,0,177,178,182,255
158,1,177,178,182,255
158,2,178,178,182,255
158,3,177,178,181,255
158,4,177,178,181,255
158,5,178,178,182,255
158,6,177,177,181,255
158,7,177,177,181,255
158,8,177,178,181,255
158,9,177,177,180,255
158,10,177,177,180,255
158,11,177,175,175,255
158,12,174,168,167,255
158,13,170,164,161,255
158,14,170,164,161,255
158,15,172,166,164,255
158,16,173,167,167,255
158,17,173,166,163,255
158,18,171,163,159,255
158,19,173,167,164,255
158,20,173,167,164,255
158,21,174,169,168,255
158,22,175,171,169,255
158,23,175,169,167,255
158,24,176,172,171,255
158,25,178,173,173,255
158,26,178,175,175,255
158,27,177,175,177,255
158,28,177,175,177,255
158,29,177,175,176,255
158,30,177,175,176,255
158,31,177,175,176,255
158,32,177,175,175,255
158,33,177,175,175,255
158,34,178,175,175,255
158,35,177,175,175,255
158,36,177,175,174,255
158,37,171,166,163,255
158,38,135,128,124,255
158,39,64,64,69,255
158,40,28,34,59,255
158,41,34,38,64,255
158,42,28,38,61,255
158,43,28,34,66,255
158,44,28,34,66,255
158,45,28,38,66,255
158,46,28,38,66,255
158,47,34,38,66,255
158,48,34,38,66,255
158,49,28,34,64,255
158,50,22,34,61,255
158,51,22,34,64,255
158,52,22,34,66,255
158,53,28,38,69,255
158,54,28,38,64,255
158,55,22,34,61,255
158,56,28,34,64,255
158,57,28,38,66,255
158,58,28,34,66,255
158,59,28,34,66,255
158,60,50,61,85,255
158,61,59,75,99,255
158,62,50,66,91,255
158,63,53,69,93,255
158,64,53,69,93,255
158,65,53,69,93,255
158,66,53,66,95,255
158,67,46,61,90,255
158,68,50,64,91,255
158,69,46,64,91,255
158,70,42,61,93,255
158,71,42,61,95,255
158,72,42,61,95,255
158,73,42,61,95,255
158,74,42,61,93,255
158,75,38,61,91,255
158,76,38,59,88,255
158,77,38,53,85,255
158,78,38,53,83,255
158,79,34,46,75,255
158,80,28,42,73,255
158,81,28,42,71,255
158,82,28,42,71,255
158,83,56,88,109,255
158,84,104,156,176,255
158,85,132,187,199,255
158,86,131,177,189,255
158,87,124,153,170,255
158,88,167,184,199,255
158,89,197,211,222,255
158,90,201,213,223,255
158,91,200,212,222,255
158,92,201,212,221,255
158,93,201,213,221,255
158,94,201,212,221,255
158,95,200,212,221,255
158,96,200,210,219,255
158,97,200,210,219,255
158,98,200,211,220,255
158,99,200,211,221,255
158,100,200,210,220,255
158,101,207,216,224,255
158,102,215,223,230,255
158,103,208,218,226,255
158,104,199,210,221,255
158,105,198,209,220,255
158,106,198,210,220,255
158,107,199,210,220,255
158,108,199,210,219,255
158,109,199,209,219,255
158,110,196,210,219,255
158,111,196,209,218,255
158,112,196,209,217,255
158,113,196,209,217,255
158,114,197,209,217,255
158,115,197,208,216,255
158,116,197,208,217,255
158,117,196,208,217,255
158,118,196,208,217,255
158,119,197,208,216,255
158,120,196,207,216,255
158,121,194,207,215,255
158,122,196,205,214,255
158,123,194,205,214,255
158,124,194,205,214,255
158,125,194,205,216,255
158,126,196,207,218,255
158,127,195,208,217,255
158,128,194,208,217,255
158,129,194,206,216,255
158,130,194,206,216,255
158,131,193,205,215,255
158,132,193,205,215,255
158,133,194,205,214,255
158,134,194,205,214,255
158,135,196,203,213,255
158,136,194,203,213,255
158,137,194,203,213,255
158,138,196,205,215,255
158,139,192,205,215,255
158,140,192,205,215,255
158,141,194,205,215,255
158,142,192,204,215,255
158,143,192,204,215,255
159,0,177,178,182,255
159,1,177,178,182,255
159,2,177,178,182,255
159,3,177,178,182,255
159,4,177,178,182,255
159,5,178,178,182,255
159,6,178,178,182,255
159,7,178,178,182,255
159,8,177,177,181,255
159,9,177,177,180,255
159,10,176,177,180,255
159,11,177,175,177,255
159,12,174,170,168,255
159,13,170,163,158,255
159,14,170,163,158,255
159,15,170,162,158,255
159,16,172,164,160,255
159,17,171,163,158,255
159,18,170,162,157,255
159,19,173,166,163,255
159,20,173,166,163,255
159,21,174,168,166,255
159,22,175,168,164,255
159,23,172,164,160,255
159,24,173,167,163,255
159,25,173,167,164,255
159,26,176,171,170,255
159,27,178,175,176,255
159,28,178,175,177,255
159,29,177,175,176,255
159,30,177,175,176,255
159,31,177,175,176,255
159,32,177,175,175,255
159,33,177,175,175,255
159,34,178,175,175,255
159,35,178,175,175,255
159,36,177,174,173,255
159,37,167,162,160,255
159,38,115,110,106,255
159,39,50,53,61,255
159,40,22,34,59,255
159,41,34,38,64,255
159,42,28,34,64,255
159,43,22,34,66,255
159,44,28,34,66,255
159,45,28,34,69,255
159,46,22,28,66,255
159,47,22,34,64,255
159,48,34,38,66,255
159,49,34,38,66,255
159,50,28,38,64,255
159,51,22,34,66,255
159,52,28,34,69,255
159,53,28,38,66,255
159,54,22,34,64,255
159,55,22,34,64,255
159,56,28,38,66,255
159,57,28,38,66,255
159,58,22,34,64,255
159,59,28,38,69,255
159,60,50,64,88,255
159,61,56,73,99,255
159,62,50,69,91,255
159,63,53,69,93,255
159,64,50,66,91,255
159,65,50,66,93,255
159,66,50,66,93,255
159,67,46,64,91,255
159,68,46,64,90,255
159,69,46,64,93,255
159,70,42,61,93,255
159,71,42,61,95,255
159,72,42,61,95,255
159,73,42,61,95,255
159,74,42,64,98,255
159,75,42,64,93,255
159,76,38,59,88,255
159,77,34,50,83,255
159,78,34,50,81,255
159,79,34,42,73,255
159,80,28,42,71,255
159,81,28,38,71,255
159,82,28,38,69,255
159,83,38,64,90,255
159,84,99,151,173,255
159,85,130,185,197,255
159,86,131,179,190,255
159,87,119,150,167,255
159,88,157,178,194,255
159,89,194,209,220,255
159,90,200,212,222,255
159,91,200,213,222,255
159,92,200,212,221,255
159,93,201,213,221,255
159,94,200,211,221,255
159,95,200,212,220,255
159,96,200,211,220,255
159,97,202,211,220,255
159,98,200,211,220,255
159,99,200,211,221,255
159,100,200,211,221,255
159,101,206,214,222,255
159,102,211,219,227,255
159,103,208,217,226,255
159,104,200,211,222,255
159,105,199,210,220,255
159,106,198,211,219,255
159,107,199,211,220,255
159,108,200,210,219,255
159,109,197,209,219,255
159,110,197,209,218,255
159,111,197,209,217,255
159,112,197,209,217,255
159,113,197,209,218,255
159,114,197,209,217,255
159,115,197,208,216,255
159,116,197,206,215,255
159,117,195,207,215,255
159,118,196,207,215,255
159,119,198,208,216,255
159,120,196,208,217,255
159,121,195,208,218,255
159,122,196,206,215,255
159,123,197,206,215,255
159,124,197,206,215,255
159,125,193,205,215,255
159,126,194,206,217,255
159,127,196,209,218,255
159,128,195,209,218,255
159,129,193,207,216,255
159,130,193,207,216,255
159,131,194,206,216,255
159,132,191,205,215,255
159,133,192,204,214,255
159,134,194,205,214,255
159,135,194,203,213,255
159,136,194,203,213,255
159,137,194,203,213,255
159,138,195,205,214,255
159,139,192,206,215,255
159,140,192,206,215,255
159,141,194,206,216,255
159,142,192,205,215,255
159,143,192,205,215,255
160,0,177,178,182,255
160,1,177,178,182,255
160,2,178,178,182,255
160,3,178,178,182,255
160,4,178,178,182,255
160,5,177,177,181,255
160,6,177,177,181,255
160,7,177,177,181,255
160,8,177,177,181,255
160,9,176,177,180,255
160,10,176,177,180,255
160,11,177,175,177,255
160,12,176,172,172,255
160,13,172,164,160,255
160,14,172,164,160,255
160,15,169,160,155,255
160,16,170,161,156,255
160,17,170,160,155,255
160,18,169,160,155,255
160,19,173,166,163,255
160,20,175,167,164,255
160,21,175,167,164,255
160,22,173,165,160,255
160,23,170,160,151,255
160,24,170,160,152,255
160,25,170,161,155,255
160,26,175,168,166,255
160,27,178,174,174,255
160,28,178,175,176,255
160,29,178,175,176,255
160,30,178,176,176,255
160,31,178,175,175,255
160,32,178,175,175,255
160,33,178,176,176,255
160,34,178,175,175,255
160,35,178,175,175,255
160,36,176,172,171,255
160,37,153,148,145,255
160,38,77,79,81,255
160,39,46,46,61,255
160,40,22,34,59,255
160,41,28,34,61,255
160,42,28,34,61,255
160,43,28,34,66,255
160,44,22,34,66,255
160,45,22,34,66,255
160,46,28,34,66,255
160,47,28,34,64,255
160,48,22,34,61,255
160,49,28,34,61,255
160,50,22,34,61,255
160,51,28,38,66,255
160,52,28,38,69,255
160,53,34,38,66,255
160,54,22,34,61,255
160,55,28,34,64,255
160,56,22,34,64,255
160,57,28,34,66,255
160,58,22,28,64,255
160,59,22,34,66,255
160,60,50,66,91,255
160,61,56,73,98,255
160,62,50,66,91,255
160,63,46,64,90,255
160,64,46,64,90,255
160,65,46,64,90,255
160,66,46,66,93,255
160,67,42,61,90,255
160,68,42,61,88,255
160,69,42,61,91,255
160,70,38,59,91,255
160,71,38,59,93,255
160,72,42,61,95,255
160,73,38,59,95,255
160,74,46,66,98,255
160,75,42,64,93,255
160,76,38,56,86,255
160,77,34,50,83,255
160,78,34,50,81,255
160,79,34,42,73,255
160,80,34,42,73,255
160,81,28,38,71,255
160,82,28,42,73,255
160,83,28,46,75,255
160,84,95,146,167,255
160,85,128,183,196,255
160,86,131,184,191,255
160,87,119,150,167,255
160,88,150,171,190,255
160,89,190,206,218,255
160,90,200,212,222,255
160,91,200,213,222,255
160,92,200,213,221,255
160,93,200,212,221,255
160,94,200,211,220,255
160,95,200,213,220,255
160,96,202,212,220,255
160,97,203,211,220,255
160,98,200,210,220,255
160,99,200,211,221,255
160,100,200,210,220,255
160,101,200,210,220,255
160,102,206,215,224,255
160,103,206,215,224,255
160,104,199,210,221,255
160,105,199,210,220,255
160,106,198,211,220,255
160,107,198,211,220,255
160,108,200,211,220,255
160,109,199,210,220,255
160,110,199,209,218,255
160,111,199,209,217,255
160,112,199,209,217,255
160,113,197,210,219,255
160,114,197,209,218,255
160,115,197,208,217,255
160,116,197,206,215,255
160,117,195,206,215,255
160,118,196,208,216,255
160,119,197,206,215,255
160,120,197,207,216,255
160,121,195,207,217,255
160,122,196,206,216,255
160,123,196,206,216,255
160,124,197,206,215,255
160,125,194,205,215,255
160,126,194,208,217,255
160,127,196,209,218,255
160,128,195,209,218,255
160,129,193,206,217,255
160,130,193,206,217,255
160,131,192,205,216,255
160,132,191,205,215,255
160,133,192,204,214,255
160,134,192,204,214,255
160,135,196,203,214,255
160,136,192,203,212,255
160,137,192,203,212,255
160,138,192,203,212,255
160,139,192,205,214,255
160,140,192,205,214,255
160,141,191,204,214,255
160,142,189,204,214,255
160,143,189,204,214,255
161,0,177,178,181,255
161,1,177,178,181,255
161,2,177,178,181,255
161,3,177,178,182,255
161,4,177,178,182,255
161,5,178,178,181,255
161,6,177,177,180,255
161,7,177,177,180,255
161,8,178,177,180,255
161,9,178,178,180,255
161,10,178,178,180,255
161,11,177,176,178,255
161,12,176,172,172,255
161,13,172,164,160,255
161,14,170,161,156,255
161,15,170,161,156,255
161,16,170,160,154,255
161,17,169,158,151,255
161,18,170,162,157,255
161,19,173,167,163,255
161,20,174,165,161,255
161,21,174,165,161,255
161,22,171,161,153,255
161,23,168,155,145,255
161,24,168,156,146,255
161,25,168,158,149,255
161,26,172,164,160,255
161,27,178,173,171,255
161,28,179,175,175,255
161,29,179,175,175,255
161,30,179,175,175,255
161,31,179,175,175,255
161,32,179,175,175,255
161,33,179,176,175,255
161,34,180,175,175,255
161,35,179,175,175,255
161,36,177,172,170,255
161,37,147,140,136,255
161,38,73,71,73,255
161,39,28,34,56,255
161,40,28,34,64,255
161,41,28,34,61,255
161,42,22,34,61,255
161,43,22,34,64,255
161,44,22,28,61,255
161,45,22,34,64,255
161,46,22,34,64,255
161,47,22,34,61,255
161,48,22,34,61,255
161,49,28,34,61,255
161,50,22,34,61,255
161,51,28,34,66,255
161,52,34,42,71,255
161,53,28,38,66,255
161,54,28,34,64,255
161,55,22,28,61,255
161,56,28,34,61,255
161,57,22,34,64,255
161,58,22,28,64,255
161,59,28,38,73,255
161,60,56,73,101,255
161,61,56,73,101,255
161,62,50,66,91,255
161,63,46,64,90,255
161,64,46,59,86,255
161,65,42,59,86,255
161,66,42,61,90,255
161,67,38,59,85,255
161,68,38,59,86,255
161,69,42,59,88,255
161,70,42,59,88,255
161,71,42,59,90,255
161,72,42,61,93,255
161,73,38,61,93,255
161,74,42,64,96,255
161,75,42,64,95,255
161,76,38,56,88,255
161,77,34,50,81,255
161,78,34,50,79,255
161,79,34,42,75,255
161,80,34,42,73,255
161,81,34,46,73,255
161,82,34,46,75,255
161,83,34,50,77,255
161,84,93,142,163,255
161,85,125,182,194,255
161,86,133,184,195,255
161,87,122,155,172,255
161,88,144,166,184,255
161,89,186,203,216,255
161,90,199,212,222,255
161,91,200,213,222,255
161,92,200,212,221,255
161,93,200,211,221,255
161,94,200,211,221,255
161,95,201,213,221,255
161,96,202,211,220,255
161,97,203,211,220,255
161,98,200,210,220,255
161,99,200,210,220,255
161,100,200,210,220,255
161,101,200,210,218,255
161,102,204,213,222,255
161,103,208,217,224,255
161,104,199,211,222,255
161,105,198,210,220,255
161,106,198,210,220,255
161,107,198,210,220,255
161,108,199,210,220,255
161,109,197,210,220,255
161,110,197,209,219,255
161,111,199,209,217,255
161,112,199,209,217,255
161,113,199,210,218,255
161,114,197,209,218,255
161,115,197,208,217,255
161,116,199,208,216,255
161,117,196,206,215,255
161,118,195,206,215,255
161,119,196,206,215,255
161,120,197,206,215,255
161,121,194,206,216,255
161,122,197,206,217,255
161,123,197,206,217,255
161,124,196,205,215,255
161,125,194,206,215,255
161,126,195,208,217,255
161,127,197,208,218,255
161,128,194,208,217,255
161,129,194,208,217,255
161,130,193,206,217,255
161,131,192,205,216,255
161,132,192,205,215,255
161,133,192,205,214,255
161,134,192,205,214,255
161,135,195,205,214,255
161,136,192,203,213,255
161,137,192,203,213,255
161,138,193,203,211,255
161,139,191,204,213,255
161,140,191,204,213,255
161,141,189,203,213,255
161,142,189,203,213,255
161,143,189,203,213,255
162,0,177,177,180,255
162,1,177,177,180,255
162,2,177,177,180,255
162,3,177,177,181,255
162,4,177,177,181,255
162,5,177,177,180,255
162,6,176,175,178,255
162,7,176,175,178,255
162,8,177,175,178,255
162,9,177,176,179,255
162,10,177,176,179,255
162,11,177,177,179,255
162,12,177,174,175,255
162,13,174,167,164,255
162,14,170,161,156,255
162,15,171,163,159,255
162,16,170,160,153,255
162,17,169,158,151,255
162,18,170,161,156,255
162,19,173,165,161,255
162,20,170,160,154,255
162,21,170,160,154,255
162,22,168,156,146,255
162,23,167,153,140,255
162,24,167,154,142,255
162,25,168,156,147,255
162,26,171,162,156,255
162,27,177,171,170,255
162,28,178,174,173,255
162,29,179,175,174,255
162,30,179,175,175,255
162,31,179,175,175,255
162,32,179,175,175,255
162,33,179,175,175,255
162,34,179,175,175,255
162,35,179,175,175,255
162,36,173,167,166,255
162,37,140,133,130,255
162,38,71,69,71,255
162,39,28,34,56,255
162,40,22,34,61,255
162,41,28,34,61,255
162,42,22,28,61,255
162,43,22,28,61,255
162,44,22,34,61,255
162,45,22,34,61,255
162,46,22,34,61,255
162,47,28,34,61,255
162,48,22,34,59,255
162,49,28,34,59,255
162,50,28,34,61,255
162,51,22,34,66,255
162,52,28,34,66,255
162,53,34,42,69,255
162,54,28,34,64,255
162,55,22,28,61,255
162,56,22,34,61,255
162,57,22,34,61,255
162,58,22,34,61,255
162,59,22,38,73,255
162,60,53,71,101,255
162,61,53,71,98,255
162,62,50,64,90,255
162,63,46,59,86,255
162,64,42,56,81,255
162,65,42,56,83,255
162,66,46,59,85,255
162,67,42,56,81,255
162,68,38,53,81,255
162,69,38,53,83,255
162,70,38,56,86,255
162,71,42,59,90,255
162,72,42,61,93,255
162,73,42,61,93,255
162,74,38,61,95,255
162,75,42,64,96,255
162,76,38,59,90,255
162,77,34,53,83,255
162,78,34,50,81,255
162,79,38,50,79,255
162,80,34,46,77,255
162,81,34,46,75,255
162,82,34,46,77,255
162,83,34,50,77,255
162,84,91,139,161,255
162,85,122,180,193,255
162,86,124,183,192,255
162,87,117,156,170,255
162,88,137,161,179,255
162,89,183,199,213,255
162,90,200,212,223,255
162,91,200,213,222,255
162,92,200,212,221,255
162,93,200,210,220,255
162,94,202,211,220,255
162,95,200,213,221,255
162,96,200,212,221,255
162,97,202,211,220,255
162,98,200,210,220,255
162,99,200,210,220,255
162,100,200,210,219,255
162,101,200,210,218,255
162,102,203,212,221,255
162,103,210,218,226,255
162,104,202,213,223,255
162,105,198,210,220,255
162,106,199,210,220,255
162,107,198,210,221,255
162,108,197,210,220,255
162,109,197,210,220,255
162,110,197,210,219,255
162,111,199,209,217,255
162,112,199,209,217,255
162,113,199,209,218,255
162,114,197,209,218,255
162,115,196,208,217,255
162,116,198,208,217,255
162,117,196,207,215,255
162,118,194,205,215,255
162,119,194,205,214,255
162,120,194,206,215,255
162,121,194,206,217,255
162,122,197,206,217,255
162,123,197,206,217,255
162,124,196,206,217,255
162,125,195,206,217,255
162,126,197,209,218,255
162,127,195,208,218,255
162,128,193,207,216,255
162,129,194,208,217,255
162,130,194,205,215,255
162,131,191,205,215,255
162,132,192,204,214,255
162,133,191,206,215,255
162,134,191,206,215,255
162,135,192,205,214,255
162,136,191,202,213,255
162,137,191,202,213,255
162,138,193,202,211,255
162,139,190,202,211,255
162,140,190,202,211,255
162,141,190,202,212,255
162,142,190,202,213,255
162,143,190,202,213,255
163,0,177,177,180,255
163,1,177,177,180,255
163,2,177,177,180,255
163,3,177,177,180,255
163,4,177,177,180,255
163,5,177,175,178,255
163,6,175,173,175,255
163,7,175,173,175,255
163,8,175,173,175,255
163,9,175,173,175,255
163,10,175,173,175,255
163,11,176,174,176,255
163,12,176,173,175,255
163,13,174,169,167,255
163,14,171,163,159,255
163,15,171,163,159,255
163,16,170,160,153,255
163,17,168,157,149,255
163,18,170,161,155,255
163,19,172,162,156,255
163,20,167,155,146,255
163,21,167,155,146,255
163,22,166,152,138,255
163,23,165,150,136,255
163,24,167,153,140,255
163,25,168,156,147,255
163,26,173,164,159,255
163,27,177,172,170,255
163,28,178,175,173,255
163,29,178,174,173,255
163,30,179,175,173,255
163,31,179,174,173,255
163,32,179,174,173,255
163,33,179,175,174,255
163,34,179,176,175,255
163,35,178,174,173,255
163,36,167,163,160,255
163,37,121,117,114,255
163,38,42,46,56,255
163,39,22,34,56,255
163,40,28,34,61,255
163,41,22,28,59,255
163,42,22,28,61,255
163,43,13,28,59,255
163,44,22,34,61,255
163,45,22,34,61,255
163,46,28,38,64,255
163,47,28,34,61,255
163,48,28,38,61,255
163,49,22,34,59,255
163,50,22,34,61,255
163,51,28,38,69,255
163,52,34,42,69,255
163,53,34,42,66,255
163,54,22,34,61,255
163,55,22,28,59,255
163,56,28,34,61,255
163,57,22,34,59,255
163,58,22,34,61,255
163,59,28,42,73,255
163,60,53,73,101,255
163,61,53,69,96,255
163,62,42,59,85,255
163,63,42,56,83,255
163,64,38,50,75,255
163,65,38,53,77,255
163,66,42,53,79,255
163,67,38,53,77,255
163,68,42,56,81,255
163,69,38,53,81,255
163,70,38,56,86,255
163,71,42,59,90,255
163,72,38,59,91,255
163,73,38,59,91,255
163,74,42,61,95,255
163,75,42,64,96,255
163,76,38,61,93,255
163,77,34,56,88,255
163,78,34,53,86,255
163,79,38,53,85,255
163,80,34,50,81,255
163,81,34,50,79,255
163,82,34,46,79,255
163,83,34,50,79,255
163,84,85,133,157,255
163,85,121,176,193,255
163,86,133,186,195,255
163,87,127,164,178,255
163,88,135,159,177,255
163,89,179,196,210,255
163,90,199,211,223,255
163,91,200,213,222,255
163,92,200,212,221,255
163,93,200,210,220,255
163,94,202,211,220,255
163,95,202,213,221,255
163,96,200,211,221,255
163,97,202,211,220,255
163,98,200,210,220,255
163,99,200,210,220,255
163,100,200,210,219,255
163,101,200,210,219,255
163,102,203,213,221,255
163,103,211,219,227,255
163,104,204,214,223,255
163,105,198,210,220,255
163,106,200,209,218,255
163,107,197,210,220,255
163,108,197,210,220,255
163,109,197,210,219,255
163,110,197,209,218,255
163,111,197,208,217,255
163,112,197,208,217,255
163,113,197,208,217,255
163,114,198,209,218,255
163,115,196,208,217,255
163,116,198,208,217,255
163,117,197,206,215,255
163,118,194,205,215,255
163,119,194,205,215,255
163,120,194,206,215,255
163,121,194,207,217,255
163,122,196,206,218,255
163,123,196,206,218,255
163,124,195,206,217,255
163,125,195,206,217,255
163,126,197,208,219,255
163,127,195,208,218,255
163,128,193,207,216,255
163,129,193,207,216,255
163,130,194,205,215,255
163,131,192,205,216,255
163,132,192,206,217,255
163,133,192,207,216,255
163,134,192,207,216,255
163,135,190,205,214,255
163,136,192,203,214,255
163,137,192,203,214,255
163,138,193,203,213,255
163,139,192,203,214,255
163,140,192,203,214,255
163,141,190,202,213,255
163,142,190,202,213,255
163,143,191,202,213,255
164,0,178,177,180,255
164,1,178,176,180,255
164,2,178,176,180,255
164,3,178,176,180,255
164,4,178,176,180,255
164,5,176,173,175,255
164,6,175,171,172,255
164,7,175,171,172,255
164,8,173,170,171,255
164,9,173,169,170,255
164,10,173,170,170,255
164,11,173,170,170,255
164,12,173,169,169,255
164,13,173,166,163,255
164,14,170,161,155,255
164,15,170,161,155,255
164,16,169,158,150,255
164,17,168,157,149,255
164,18,169,159,151,255
164,19,169,159,150,255
164,20,166,152,140,255
164,21,166,152,140,255
164,22,164,149,134,255
164,23,164,148,133,255
164,24,167,152,140,255
164,25,170,160,151,255
164,26,175,167,164,255
164,27,177,172,171,255
164,28,178,175,174,255
164,29,178,175,173,255
164,30,179,174,173,255
164,31,178,173,171,255
164,32,178,173,171,255
164,33,178,173,172,255
164,34,179,175,174,255
164,35,178,173,172,255
164,36,160,155,152,255
164,37,110,105,102,255
164,38,46,46,53,255
164,39,28,38,61,255
164,40,28,38,61,255
164,41,22,28,59,255
164,42,22,28,59,255
164,43,22,34,61,255
164,44,28,38,64,255
164,45,28,34,64,255
164,46,34,38,64,255
164,47,28,34,64,255
164,48,28,34,61,255
164,49,22,34,59,255
164,50,22,28,61,255
164,51,28,38,69,255
164,52,28,38,66,255
164,53,34,38,66,255
164,54,22,34,61,255
164,55,22,28,59,255
164,56,28,34,59,255
164,57,22,34,59,255
164,58,22,34,61,255
164,59,34,46,75,255
164,60,56,73,104,255
164,61,53,66,95,255
164,62,42,56,83,255
164,63,42,53,79,255
164,64,38,50,75,255
164,65,38,53,75,255
164,66,38,53,79,255
164,67,38,50,75,255
164,68,34,50,77,255
164,69,38,53,83,255
164,70,42,56,88,255
164,71,42,59,91,255
164,72,38,59,91,255
164,73,38,59,91,255
164,74,42,64,96,255
164,75,42,64,99,255
164,76,42,61,96,255
164,77,38,59,91,255
164,78,38,56,88,255
164,79,34,53,86,255
164,80,38,53,85,255
164,81,38,53,83,255
164,82,34,50,81,255
164,83,38,50,79,255
164,84,83,129,153,255
164,85,119,175,191,255
164,86,135,188,196,255
164,87,130,168,182,255
164,88,131,155,173,255
164,89,175,193,208,255
164,90,198,210,222,255
164,91,200,213,222,255
164,92,200,212,221,255
164,93,200,211,220,255
164,94,202,211,220,255
164,95,201,212,221,255
164,96,200,211,221,255
164,97,200,211,221,255
164,98,199,210,220,255
164,99,200,210,220,255
164,100,200,211,220,255
164,101,199,210,219,255
164,102,203,213,221,255
164,103,211,219,227,255
164,104,205,215,223,255
164,105,198,210,220,255
164,106,199,208,218,255
164,107,197,209,218,255
164,108,196,209,219,255
164,109,197,210,219,255
164,110,197,209,218,255
164,111,198,208,217,255
164,112,198,208,217,255
164,113,198,208,217,255
164,114,197,209,217,255
164,115,196,208,217,255
164,116,196,208,217,255
164,117,196,206,215,255
164,118,196,206,215,255
164,119,194,205,215,255
164,120,194,206,215,255
164,121,194,207,217,255
164,122,194,206,217,255
164,123,194,206,217,255
164,124,194,206,217,255
164,125,194,206,217,255
164,126,197,208,219,255
164,127,195,208,218,255
164,128,194,207,217,255
164,129,194,207,217,255
164,130,194,205,216,255
164,131,192,205,216,255
164,132,192,207,218,255
164,133,192,207,218,255
164,134,192,206,217,255
164,135,191,205,214,255
164,136,192,204,215,255
164,137,192,204,215,255
164,138,191,203,214,255
164,139,192,203,214,255
164,140,192,203,214,255
164,141,193,203,214,255
164,142,193,203,214,255
164,143,190,202,213,255
165,0,177,176,179,255
165,1,178,176,180,255
165,2,178,176,180,255
165,3,177,175,178,255
165,4,177,175,178,255
165,5,175,173,174,255
165,6,174,169,169,255
165,7,174,169,169,255
165,8,171,166,165,255
165,9,170,163,162,255
165,10,170,164,162,255
165,11,170,164,162,255
165,12,171,165,163,255
165,13,170,162,157,255
165,14,168,159,151,255
165,15,168,159,151,255
165,16,167,155,147,255
165,17,167,156,148,255
165,18,169,159,151,255
165,19,167,154,143,255
165,20,164,149,135,255
165,21,164,149,135,255
165,22,164,148,132,255
165,23,164,149,133,255
165,24,167,154,142,255
165,25,171,162,155,255
165,26,177,170,168,255
165,27,177,172,170,255
165,28,178,174,173,255
165,29,178,175,174,255
165,30,178,174,173,255
165,31,178,173,171,255
165,32,178,173,171,255
165,33,178,173,170,255
165,34,178,174,173,255
165,35,177,172,170,255
165,36,149,144,141,255
165,37,71,71,75,255
165,38,38,42,59,255
165,39,28,34,61,255
165,40,34,38,64,255
165,41,22,34,59,255
165,42,22,34,61,255
165,43,28,34,64,255
165,44,28,38,66,255
165,45,34,38,66,255
165,46,28,38,66,255
165,47,34,38,66,255
165,48,28,38,64,255
165,49,28,34,61,255
165,50,22,34,61,255
165,51,28,34,66,255
165,52,28,38,66,255
165,53,28,34,64,255
165,54,28,34,64,255
165,55,28,34,61,255
165,56,34,38,64,255
165,57,28,34,64,255
165,58,22,34,64,255
165,59,38,50,81,255
165,60,59,77,105,255
165,61,53,66,95,255
165,62,42,56,81,255
165,63,42,56,79,255
165,64,42,53,77,255
165,65,42,56,81,255
165,66,42,56,83,255
165,67,34,50,77,255
165,68,34,50,77,255
165,69,38,53,81,255
165,70,38,56,88,255
165,71,38,59,90,255
165,72,38,61,93,255
165,73,42,61,93,255
165,74,42,61,95,255
165,75,46,66,99,255
165,76,42,61,96,255
165,77,38,56,90,255
165,78,38,56,88,255
165,79,38,56,88,255
165,80,38,53,86,255
165,81,38,53,85,255
165,82,34,53,83,255
165,83,38,53,81,255
165,84,77,124,145,255
165,85,118,173,189,255
165,86,134,187,196,255
165,87,133,170,184,255
165,88,129,153,170,255
165,89,171,189,205,255
165,90,197,210,222,255
165,91,200,212,222,255
165,92,200,211,220,255
165,93,200,211,220,255
165,94,201,211,219,255
165,95,201,211,220,255
165,96,200,210,220,255
165,97,200,211,221,255
165,98,199,210,220,255
165,99,200,211,220,255
165,100,198,211,220,255
165,101,198,209,219,255
165,102,204,213,221,255
165,103,213,220,227,255
165,104,210,218,226,255
165,105,199,210,220,255
165,106,199,209,218,255
165,107,197,209,218,255
165,108,197,209,218,255
165,109,196,209,218,255
165,110,196,208,218,255
165,111,197,209,217,255
165,112,197,209,217,255
165,113,197,208,217,255
165,114,197,208,217,255
165,115,195,207,217,255
165,116,196,206,216,255
165,117,197,205,215,255
165,118,196,206,215,255
165,119,196,206,214,255
165,120,194,207,215,255
165,121,194,208,217,255
165,122,194,206,217,255
165,123,194,206,217,255
165,124,194,205,216,255
165,125,194,206,217,255
165,126,195,207,218,255
165,127,197,208,218,255
165,128,194,207,217,255
165,129,194,207,217,255
165,130,193,205,216,255
165,131,193,205,216,255
165,132,190,204,216,255
165,133,190,204,216,255
165,134,191,205,215,255
165,135,191,205,214,255
165,136,193,203,214,255
165,137,193,203,214,255
165,138,192,203,214,255
165,139,190,202,213,255
165,140,190,202,213,255
165,141,191,202,213,255
165,142,191,202,213,255
165,143,190,200,211,255
166,0,175,175,178,255
166,1,176,175,178,255
166,2,176,175,178,255
166,3,176,174,176,255
166,4,176,174,176,255
166,5,175,170,171,255
166,6,173,167,165,255
166,7,173,167,165,255
166,8,170,162,160,255
166,9,169,160,155,255
166,10,167,158,153,255
166,11,167,158,153,255
166,12,167,158,153,255
166,13,167,158,150,255
166,14,167,155,147,255
166,15,167,155,147,255
166,16,167,153,144,255
166,17,167,154,145,255
166,18,167,156,147,255
166,19,167,154,143,255
166,20,164,149,135,255
166,21,163,148,131,255
166,22,163,148,130,255
166,23,164,149,133,255
166,24,166,153,141,255
166,25,171,161,155,255
166,26,175,169,167,255
166,27,177,171,170,255
166,28,178,174,173,255
166,29,178,175,175,255
166,30,178,175,175,255
166,31,178,175,173,255
166,32,178,173,171,255
166,33,178,173,171,255
166,34,178,174,172,255
166,35,176,170,167,255
166,36,145,138,134,255
166,37,73,71,71,255
166,38,34,38,56,255
166,39,34,38,64,255
166,40,28,34,64,255
166,41,28,34,61,255
166,42,28,34,61,255
166,43,28,34,64,255
166,44,28,38,66,255
166,45,28,34,66,255
166,46,28,38,66,255
166,47,34,38,66,255
166,48,28,34,64,255
166,49,22,28,59,255
166,50,22,34,61,255
166,51,22,34,64,255
166,52,28,34,64,255
166,53,28,38,64,255
166,54,28,34,64,255
166,55,28,38,64,255
166,56,34,38,66,255
166,57,28,38,64,255
166,58,28,34,66,255
166,59,38,53,85,255
166,60,59,75,104,255
166,61,50,64,91,255
166,62,38,53,79,255
166,63,38,53,79,255
166,64,42,53,79,255
166,65,42,56,83,255
166,66,38,53,81,255
166,67,34,50,79,255
166,68,34,50,77,255
166,69,38,53,81,255
166,70,42,59,88,255
166,71,38,59,90,255
166,72,38,59,91,255
166,73,38,59,91,255
166,74,38,59,93,255
166,75,42,64,98,255
166,76,42,61,96,255
166,77,38,59,91,255
166,78,38,56,90,255
166,79,38,53,86,255
166,80,34,53,85,255
166,81,38,53,83,255
166,82,34,53,83,255
166,83,38,50,81,255
166,84,73,119,140,255
166,85,115,171,187,255
166,86,128,186,193,255
166,87,127,170,182,255
166,88,127,153,169,255
166,89,168,186,202,255
166,90,196,210,222,255
166,91,200,213,222,255
166,92,199,210,220,255
166,93,199,210,220,255
166,94,201,211,219,255
166,95,201,211,220,255
166,96,199,210,220,255
166,97,200,211,221,255
166,98,200,211,221,255
166,99,199,210,219,255
166,100,198,211,220,255
166,101,198,210,219,255
166,102,199,210,220,255
166,103,209,217,224,255
166,104,209,217,225,255
166,105,200,211,220,255
166,106,199,209,219,255
166,107,197,209,217,255
166,108,198,209,218,255
166,109,197,209,219,255
166,110,196,210,218,255
166,111,196,210,218,255
166,112,196,209,217,255
166,113,195,207,217,255
166,114,196,206,217,255
166,115,194,205,216,255
166,116,196,206,217,255
166,117,199,206,217,255
166,118,197,207,215,255
166,119,197,207,215,255
166,120,196,207,215,255
166,121,196,208,218,255
166,122,195,206,218,255
166,123,194,206,217,255
166,124,194,205,216,255
166,125,194,206,217,255
166,126,193,206,218,255
166,127,193,207,217,255
166,128,194,207,217,255
166,129,194,207,217,255
166,130,193,206,217,255
166,131,192,204,215,255
166,132,191,203,214,255
166,133,191,203,214,255
166,134,192,203,214,255
166,135,192,203,213,255
166,136,192,202,213,255
166,137,192,202,213,255
166,138,190,202,212,255
166,139,190,201,211,255
166,140,190,201,211,255
166,141,190,200,211,255
166,142,190,200,211,255
166,143,190,200,210,255
167,0,175,172,175,255
167,1,175,173,175,255
167,2,175,173,175,255
167,3,176,173,175,255
167,4,176,173,175,255
167,5,175,170,171,255
167,6,171,164,163,255
167,7,171,164,163,255
167,8,168,159,154,255
167,9,166,155,148,255
167,10,164,152,145,255
167,11,164,152,145,255
167,12,166,154,146,255
167,13,166,154,146,255
167,14,167,155,145,255
167,15,167,155,145,255
167,16,167,153,144,255
167,17,166,154,144,255
167,18,167,155,144,255
167,19,166,152,139,255
167,20,163,148,131,255
167,21,163,148,131,255
167,22,163,147,128,255
167,23,164,149,133,255
167,24,166,153,140,255
167,25,170,159,150,255
167,26,173,165,160,255
167,27,175,169,166,255
167,28,178,174,174,255
167,29,178,175,175,255
167,30,178,175,175,255
167,31,178,175,175,255
167,32,178,175,173,255
167,33,178,175,173,255
167,34,178,174,172,255
167,35,173,167,164,255
167,36,137,132,129,255
167,37,69,66,66,255
167,38,34,38,56,255
167,39,34,38,64,255
167,40,28,34,61,255
167,41,28,38,64,255
167,42,28,38,66,255
167,43,28,38,66,255
167,44,34,38,69,255
167,45,28,34,66,255
167,46,28,34,64,255
167,47,28,34,64,255
167,48,28,34,61,255
167,49,28,34,61,255
167,50,22,34,61,255
167,51,28,34,64,255
167,52,22,34,64,255
167,53,28,34,64,255
167,54,28,34,64,255
167,55,28,34,64,255
167,56,28,38,64,255
167,57,28,34,64,255
167,58,28,38,66,255
167,59,38,53,83,255
167,60,56,71,101,255
167,61,50,64,91,255
167,62,38,53,79,255
167,63,38,53,79,255
167,64,38,53,79,255
167,65,38,53,81,255
167,66,38,53,81,255
167,67,38,53,81,255
167,68,34,50,77,255
167,69,38,56,83,255
167,70,38,56,88,255
167,71,38,59,91,255
167,72,38,59,91,255
167,73,34,59,90,255
167,74,38,59,93,255
167,75,42,64,96,255
167,76,42,61,96,255
167,77,42,61,93,255
167,78,38,59,90,255
167,79,38,56,88,255
167,80,34,53,85,255
167,81,34,50,81,255
167,82,34,53,83,255
167,83,38,50,79,255
167,84,71,114,136,255
167,85,110,166,184,255
167,86,128,185,192,255
167,87,127,173,183,255
167,88,125,153,167,255
167,89,165,184,199,255
167,90,196,210,222,255
167,91,200,213,222,255
167,92,199,211,221,255
167,93,199,210,219,255
167,94,201,211,220,255
167,95,200,212,221,255
167,96,200,211,220,255
167,97,199,210,220,255
167,98,199,210,220,255
167,99,199,210,220,255
167,100,198,210,220,255
167,101,197,210,219,255
167,102,199,210,220,255
167,103,203,213,222,255
167,104,207,215,223,255
167,105,202,210,220,255
167,106,200,209,218,255
167,107,199,209,218,255
167,108,198,209,219,255
167,109,197,209,219,255
167,110,197,210,218,255
167,111,197,210,218,255
167,112,195,208,217,255
167,113,196,207,217,255
167,114,198,208,217,255
167,115,196,206,217,255
167,116,197,207,217,255
167,117,197,207,217,255
167,118,196,207,216,255
167,119,197,206,215,255
167,120,196,206,215,255
167,121,196,206,217,255
167,122,195,206,218,255
167,123,195,206,218,255
167,124,193,205,217,255
167,125,194,206,217,255
167,126,193,206,217,255
167,127,192,206,216,255
167,128,192,206,215,255
167,129,192,206,215,255
167,130,192,206,216,255
167,131,192,204,215,255
167,132,192,203,214,255
167,133,192,203,214,255
167,134,192,202,213,255
167,135,192,202,211,255
167,136,191,200,210,255
167,137,191,200,210,255
167,138,190,200,210,255
167,139,188,200,210,255
167,140,188,200,210,255
167,141,188,199,210,255
167,142,188,199,210,255
167,143,189,200,211,255
168,0,173,170,172,255
168,1,173,170,173,255
168,2,173,170,173,255
168,3,174,172,173,255
168,4,175,170,170,255
168,5,175,170,170,255
168,6,171,164,161,255
168,7,171,164,161,255
168,8,167,157,151,255
168,9,165,152,144,255
168,10,164,150,141,255
168,11,164,150,141,255
168,12,164,150,140,255
168,13,164,151,142,255
168,14,167,154,144,255
168,15,167,154,144,255
168,16,166,153,142,255
168,17,165,153,142,255
168,18,167,154,142,255
168,19,165,150,135,255
168,20,162,146,127,255
168,21,163,147,128,255
168,22,163,147,128,255
168,23,164,149,133,255
168,24,166,152,138,255
168,25,169,157,147,255
168,26,172,162,155,255
168,27,175,167,164,255
168,28,178,174,174,255
168,29,178,175,176,255
168,30,177,175,175,255
168,31,178,175,175,255
168,32,178,175,174,255
168,33,178,175,174,255
168,34,178,173,172,255
168,35,167,160,157,255
168,36,112,109,108,255
168,37,38,42,53,255
168,38,28,34,56,255
168,39,22,34,61,255
168,40,34,38,61,255
168,41,22,34,61,255
168,42,22,34,64,255
168,43,28,38,66,255
168,44,28,38,66,255
168,45,28,34,64,255
168,46,28,34,64,255
168,47,28,34,64,255
168,48,28,34,61,255
168,49,22,28,59,255
168,50,22,34,64,255
168,51,28,38,66,255
168,52,34,38,66,255
168,53,22,34,61,255
168,54,28,34,64,255
168,55,28,38,64,255
168,56,28,38,64,255
168,57,22,34,61,255
168,58,28,38,66,255
168,59,38,50,81,255
168,60,50,69,98,255
168,61,46,61,88,255
168,62,38,53,79,255
168,63,38,53,77,255
168,64,38,50,77,255
168,65,38,53,81,255
168,66,38,56,81,255
168,67,38,53,81,255
168,68,38,53,79,255
168,69,42,56,83,255
168,70,38,56,88,255
168,71,38,59,91,255
168,72,38,59,91,255
168,73,38,56,90,255
168,74,38,59,93,255
168,75,38,61,95,255
168,76,38,59,93,255
168,77,38,59,91,255
168,78,38,56,90,255
168,79,38,56,88,255
168,80,34,53,86,255
168,81,34,53,85,255
168,82,34,50,83,255
168,83,34,46,77,255
168,84,64,106,130,255
168,85,106,163,177,255
168,86,128,186,191,255
168,87,128,175,184,255
168,88,124,153,167,255
168,89,159,180,197,255
168,90,194,209,221,255
168,91,199,212,222,255
168,92,200,211,221,255
168,93,199,210,220,255
168,94,200,211,220,255
168,95,199,211,221,255
168,96,199,210,220,255
168,97,199,210,219,255
168,98,200,210,220,255
168,99,199,210,221,255
168,100,198,210,220,255
168,101,197,210,220,255
168,102,200,210,220,255
168,103,202,212,221,255
168,104,210,218,224,255
168,105,203,213,221,255
168,106,200,209,218,255
168,107,199,209,218,255
168,108,198,209,219,255
168,109,197,209,219,255
168,110,198,210,218,255
168,111,198,210,218,255
168,112,196,208,217,255
168,113,196,207,217,255
168,114,197,207,217,255
168,115,196,206,217,255
168,116,197,208,218,255
168,117,197,207,217,255
168,118,196,207,215,255
168,119,197,207,216,255
168,120,197,206,216,255
168,121,196,206,217,255
168,122,196,206,217,255
168,123,195,206,217,255
168,124,194,206,217,255
168,125,194,206,217,255
168,126,193,206,216,255
168,127,190,205,215,255
168,128,192,206,215,255
168,129,192,206,215,255
168,130,194,206,216,255
168,131,192,204,215,255
168,132,191,202,214,255
168,133,191,202,214,255
168,134,192,202,213,255
168,135,191,201,211,255
168,136,190,200,210,255
168,137,190,200,210,255
168,138,190,199,209,255
168,139,190,199,209,255
168,140,189,199,209,255
168,141,188,199,209,255
168,142,188,199,209,255
168,143,187,200,210,255
169,0,173,167,168,255
169,1,173,168,170,255
169,2,173,168,170,255
169,3,174,170,173,255
169,4,174,170,171,255
169,5,174,170,171,255
169,6,171,164,161,255
169,7,167,156,149,255
169,8,167,156,149,255
169,9,164,150,140,255
169,10,162,148,135,255
169,11,162,148,135,255
169,12,163,148,137,255
169,13,163,149,139,255
169,14,164,151,141,255
169,15,164,151,141,255
169,16,164,152,141,255
169,17,165,153,142,255
169,18,165,152,139,255
169,19,163,148,131,255
169,20,161,144,124,255
169,21,163,146,127,255
169,22,163,146,127,255
169,23,164,149,133,255
169,24,166,152,138,255
169,25,169,156,145,255
169,26,170,160,152,255
169,27,175,168,165,255
169,28,178,174,173,255
169,29,178,175,175,255
169,30,178,175,175,255
169,31,178,175,175,255
169,32,178,175,174,255
169,33,178,175,174,255
169,34,178,173,170,255
169,35,153,148,145,255
169,36,79,79,79,255
169,37,46,42,50,255
169,38,28,34,53,255
169,39,34,38,61,255
169,40,28,34,61,255
169,41,28,34,61,255
169,42,28,34,64,255
169,43,22,34,64,255
169,44,22,34,64,255
169,45,22,34,61,255
169,46,28,34,61,255
169,47,28,34,64,255
169,48,28,38,61,255
169,49,28,34,61,255
169,50,22,34,66,255
169,51,28,34,66,255
169,52,28,34,64,255
169,53,22,34,61,255
169,54,22,34,61,255
169,55,22,34,61,255
169,56,28,38,64,255
169,57,28,34,64,255
169,58,22,34,64,255
169,59,38,53,83,255
169,60,46,66,96,255
169,61,42,59,88,255
169,62,38,56,83,255
169,63,38,53,79,255
169,64,38,50,77,255
169,65,38,53,79,255
169,66,34,50,77,255
169,67,38,50,79,255
169,68,34,50,79,255
169,69,34,53,83,255
169,70,38,59,88,255
169,71,38,56,90,255
169,72,34,53,88,255
169,73,34,53,86,255
169,74,34,53,88,255
169,75,38,59,91,255
169,76,42,59,91,255
169,77,42,59,91,255
169,78,38,59,90,255
169,79,38,56,88,255
169,80,38,56,88,255
169,81,34,53,83,255
169,82,28,50,79,255
169,83,34,46,75,255
169,84,56,86,109,255
169,85,101,157,172,255
169,86,129,185,191,255
169,87,129,177,185,255
169,88,122,151,167,255
169,89,155,175,193,255
169,90,190,206,219,255
169,91,199,211,221,255
169,92,199,210,220,255
169,93,199,210,220,255
169,94,199,211,221,255
169,95,200,211,221,255
169,96,199,210,219,255
169,97,199,210,219,255
169,98,199,210,220,255
169,99,199,210,220,255
169,100,198,210,221,255
169,101,200,210,220,255
169,102,200,210,219,255
169,103,203,213,221,255
169,104,212,219,226,255
169,105,204,214,222,255
169,106,200,209,218,255
169,107,200,209,218,255
169,108,196,208,218,255
169,109,196,208,218,255
169,110,196,209,218,255
169,111,196,209,218,255
169,112,197,209,218,255
169,113,196,206,217,255
169,114,196,206,216,255
169,115,196,205,215,255
169,116,195,205,216,255
169,117,197,206,215,255
169,118,195,206,215,255
169,119,197,207,216,255
169,120,197,206,216,255
169,121,195,206,217,255
169,122,195,206,217,255
169,123,195,206,217,255
169,124,194,206,217,255
169,125,193,205,215,255
169,126,192,206,215,255
169,127,191,205,215,255
169,128,192,206,215,255
169,129,192,206,215,255
169,130,191,205,215,255
169,131,191,203,214,255
169,132,190,202,213,255
169,133,190,202,213,255
169,134,192,203,214,255
169,135,191,202,213,255
169,136,191,202,213,255
169,137,190,201,211,255
169,138,192,200,210,255
169,139,192,200,210,255
169,140,190,200,210,255
169,141,191,199,209,255
169,142,191,199,209,255
169,143,186,198,208,255
170,0,172,167,168,255
170,1,173,169,170,255
170,2,173,169,170,255
170,3,174,170,173,255
170,4,175,170,171,255
170,5,175,170,171,255
170,6,172,165,162,255
170,7,166,154,146,255
170,8,166,154,146,255
170,9,163,148,136,255
170,10,161,146,132,255
170,11,161,146,132,255
170,12,161,147,133,255
170,13,163,148,137,255
170,14,164,150,139,255
170,15,165,151,140,255
170,16,165,151,140,255
170,17,164,151,138,255
170,18,164,149,135,255
170,19,162,146,127,255
170,20,161,144,122,255
170,21,162,146,127,255
170,22,162,146,127,255
170,23,163,148,133,255
170,24,165,152,138,255
170,25,169,156,145,255
170,26,170,160,152,255
170,27,175,167,164,255
170,28,177,173,173,255
170,29,178,175,175,255
170,30,178,175,175,255
170,31,178,174,173,255
170,32,178,174,173,255
170,33,178,174,173,255
170,34,175,170,167,255
170,35,146,140,136,255
170,36,75,71,71,255
170,37,22,28,42,255
170,38,22,34,56,255
170,39,28,34,59,255
170,40,28,34,61,255
170,41,28,34,64,255
170,42,22,34,64,255
170,43,22,34,64,255
170,44,22,34,64,255
170,45,22,34,61,255
170,46,22,34,59,255
170,47,22,34,59,255
170,48,28,34,61,255
170,49,22,34,61,255
170,50,28,34,66,255
170,51,28,34,66,255
170,52,34,38,66,255
170,53,22,34,61,255
170,54,22,34,61,255
170,55,28,38,64,255
170,56,34,38,64,255
170,57,28,34,64,255
170,58,28,38,66,255
170,59,38,53,85,255
170,60,46,66,96,255
170,61,38,59,86,255
170,62,38,53,83,255
170,63,34,50,79,255
170,64,34,50,79,255
170,65,38,50,79,255
170,66,34,50,79,255
170,67,34,50,79,255
170,68,34,50,79,255
170,69,34,50,81,255
170,70,38,53,86,255
170,71,34,50,85,255
170,72,34,50,83,255
170,73,34,46,81,255
170,74,34,50,83,255
170,75,38,56,86,255
170,76,38,56,88,255
170,77,38,53,86,255
170,78,38,56,88,255
170,79,34,53,86,255
170,80,38,53,88,255
170,81,34,50,83,255
170,82,34,50,79,255
170,83,34,46,73,255
170,84,38,66,90,255
170,85,95,150,166,255
170,86,126,183,190,255
170,87,129,182,189,255
170,88,124,153,168,255
170,89,150,170,188,255
170,90,187,203,217,255
170,91,199,210,220,255
170,92,199,210,219,255
170,93,199,210,220,255
170,94,199,210,220,255
170,95,199,210,220,255
170,96,199,209,219,255
170,97,199,211,219,255
170,98,199,210,219,255
170,99,199,210,220,255
170,100,199,211,220,255
170,101,200,210,220,255
170,102,200,210,218,255
170,103,203,212,221,255
170,104,215,221,228,255
170,105,209,218,226,255
170,106,200,210,219,255
170,107,198,208,217,255
170,108,197,209,217,255
170,109,197,209,218,255
170,110,197,209,219,255
170,111,197,209,219,255
170,112,195,207,218,255
170,113,194,205,216,255
170,114,197,205,215,255
170,115,195,204,215,255
170,116,196,205,215,255
170,117,196,205,214,255
170,118,195,206,215,255
170,119,195,206,216,255
170,120,197,206,217,255
170,121,192,205,217,255
170,122,192,205,217,255
170,123,192,206,216,255
170,124,193,205,216,255
170,125,192,203,214,255
170,126,193,205,215,255
170,127,194,206,216,255
170,128,194,206,216,255
170,129,194,206,215,255
170,130,191,204,215,255
170,131,190,202,214,255
170,132,189,202,213,255
170,133,189,202,213,255
170,134,189,202,213,255
170,135,189,201,212,255
170,136,189,201,212,255
170,137,190,201,211,255
170,138,194,201,211,255
170,139,194,201,211,255
170,140,194,202,212,255
170,141,194,200,211,255
170,142,194,200,211,255
170,143,189,200,209,255
171,0,172,167,168,255
171,1,174,171,173,255
171,2,174,171,173,255
171,3,175,173,175,255
171,4,175,173,173,255
171,5,175,173,173,255
171,6,173,166,162,255
171,7,165,153,144,255
171,8,165,153,144,255
171,9,161,146,131,255
171,10,161,144,129,255
171,11,161,144,129,255
171,12,161,146,131,255
171,13,163,148,134,255
171,14,163,149,137,255
171,15,164,149,137,255
171,16,164,149,137,255
171,17,163,148,135,255
171,18,163,148,132,255
171,19,162,144,124,255
171,20,160,143,121,255
171,21,163,146,128,255
171,22,163,146,128,255
171,23,165,149,134,255
171,24,167,153,139,255
171,25,169,156,146,255
171,26,170,160,152,255
171,27,174,167,163,255
171,28,177,171,170,255
171,29,177,174,173,255
171,30,177,173,172,255
171,31,177,173,171,255
171,32,176,173,170,255
171,33,176,173,170,255
171,34,171,166,163,255
171,35,141,134,130,255
171,36,73,71,71,255
171,37,22,28,50,255
171,38,22,34,59,255
171,39,34,34,61,255
171,40,22,34,61,255
171,41,28,34,64,255
171,42,22,28,61,255
171,43,22,28,61,255
171,44,22,28,61,255
171,45,22,28,59,255
171,46,22,28,59,255
171,47,22,28,59,255
171,48,22,28,59,255
171,49,13,28,59,255
171,50,28,34,66,255
171,51,28,38,66,255
171,52,34,38,64,255
171,53,22,34,61,255
171,54,22,34,61,255
171,55,22,34,61,255
171,56,28,34,64,255
171,57,28,34,64,255
171,58,22,34,64,255
171,59,38,53,86,255
171,60,46,64,95,255
171,61,38,56,85,255
171,62,34,50,81,255
171,63,34,46,77,255
171,64,28,46,75,255
171,65,34,46,77,255
171,66,34,50,79,255
171,67,34,46,75,255
171,68,34,46,75,255
171,69,28,46,75,255
171,70,28,46,79,255
171,71,28,46,79,255
171,72,28,42,77,255
171,73,28,42,75,255
171,74,28,42,77,255
171,75,34,50,81,255
171,76,34,50,83,255
171,77,34,53,83,255
171,78,38,53,85,255
171,79,34,53,85,255
171,80,34,50,85,255
171,81,34,50,81,255
171,82,34,50,77,255
171,83,28,42,73,255
171,84,28,53,75,255
171,85,91,147,161,255
171,86,125,182,190,255
171,87,136,183,192,255
171,88,126,156,173,255
171,89,144,164,182,255
171,90,184,200,214,255
171,91,199,211,222,255
171,92,199,210,219,255
171,93,199,210,219,255
171,94,199,210,220,255
171,95,199,210,220,255
171,96,199,209,218,255
171,97,199,210,219,255
171,98,199,210,220,255
171,99,199,210,220,255
171,100,199,210,220,255
171,101,199,210,219,255
171,102,199,210,218,255
171,103,200,211,220,255
171,104,217,223,229,255
171,105,217,223,229,255
171,106,200,210,220,255
171,107,199,209,217,255
171,108,198,209,217,255
171,109,196,209,218,255
171,110,196,209,218,255
171,111,196,209,218,255
171,112,196,207,218,255
171,113,196,206,215,255
171,114,197,205,215,255
171,115,196,205,215,255
171,116,197,205,215,255
171,117,196,205,214,255
171,118,195,205,214,255
171,119,194,207,217,255
171,120,195,206,217,255
171,121,195,206,217,255
171,122,195,206,217,255
171,123,194,205,216,255
171,124,196,204,215,255
171,125,194,203,213,255
171,126,192,204,214,255
171,127,195,206,215,255
171,128,195,206,215,255
171,129,194,205,214,255
171,130,194,204,215,255
171,131,192,203,214,255
171,132,190,202,213,255
171,133,190,202,213,255
171,134,188,201,212,255
171,135,189,201,212,255
171,136,189,201,212,255
171,137,190,201,212,255
171,138,190,200,211,255
171,139,190,200,211,255
171,140,192,202,212,255
171,141,195,201,211,255
171,142,195,201,211,255
171,143,189,200,209,255
172,0,173,170,171,255
172,1,174,171,173,255
172,2,175,172,175,255
172,3,177,175,178,255
172,4,176,173,175,255
172,5,176,173,175,255
172,6,173,165,162,255
172,7,165,152,142,255
172,8,165,152,142,255
172,9,160,144,128,255
172,10,160,143,127,255
172,11,160,143,127,255
172,12,160,144,128,255
172,13,160,146,131,255
172,14,163,148,134,255
172,15,163,148,134,255
172,16,163,148,134,255
172,17,163,148,133,255
172,18,162,146,128,255
172,19,160,144,122,255
172,20,160,143,122,255
172,21,162,147,129,255
172,22,162,147,129,255
172,23,165,150,137,255
172,24,167,154,141,255
172,25,168,156,146,255
172,26,170,160,152,255
172,27,174,167,163,255
172,28,175,170,168,255
172,29,178,173,170,255
172,30,175,170,169,255
172,31,172,170,170,255
172,32,174,170,168,255
172,33,159,154,150,255
172,34,159,154,150,255
172,35,86,91,95,255
172,36,59,59,64,255
172,37,22,28,50,255
172,38,22,28,59,255
172,39,28,38,61,255
172,40,28,38,64,255
172,41,28,34,64,255
172,42,22,34,61,255
172,43,22,34,64,255
172,44,22,34,61,255
172,45,28,34,61,255
172,46,22,34,59,255
172,47,28,34,61,255
172,48,22,28,59,255
172,49,22,28,61,255
172,50,22,34,66,255
172,51,28,34,64,255
172,52,28,34,64,255
172,53,22,34,61,255
172,54,22,34,61,255
172,55,28,34,61,255
172,56,28,34,61,255
172,57,22,34,64,255
172,58,28,42,71,255
172,59,42,59,88,255
172,60,42,61,90,255
172,61,38,53,85,255
172,62,34,50,79,255
172,63,34,46,75,255
172,64,28,42,73,255
172,65,28,42,73,255
172,66,28,42,73,255
172,67,22,38,69,255
172,68,28,42,71,255
172,69,28,42,71,255
172,70,28,42,73,255
172,71,28,38,73,255
172,72,28,42,75,255
172,73,28,38,75,255
172,74,28,42,75,255
172,75,34,46,77,255
172,76,34,50,79,255
172,77,34,46,79,255
172,78,34,50,81,255
172,79,34,53,83,255
172,80,34,50,81,255
172,81,34,50,81,255
172,82,28,46,77,255
172,83,34,46,77,255
172,84,34,53,77,255
172,85,88,141,155,255
172,86,124,181,188,255
172,87,133,184,194,255
172,88,125,157,174,255
172,89,135,158,177,255
172,90,178,195,210,255
172,91,197,211,222,255
172,92,199,210,220,255
172,93,200,210,219,255
172,94,199,210,220,255
172,95,199,210,220,255
172,96,199,210,219,255
172,97,199,210,219,255
172,98,199,210,219,255
172,99,199,210,220,255
172,100,199,211,220,255
172,101,199,210,220,255
172,102,199,210,219,255
172,103,200,211,220,255
172,104,211,220,227,255
172,105,218,224,230,255
172,106,200,210,220,255
172,107,199,209,217,255
172,108,197,208,217,255
172,109,196,209,218,255
172,110,196,209,218,255
172,111,196,209,218,255
172,112,196,207,218,255
172,113,197,206,215,255
172,114,198,205,215,255
172,115,197,205,215,255
172,116,197,205,215,255
172,117,198,205,215,255
172,118,197,205,215,255
172,119,195,206,216,255
172,120,195,206,217,255
172,121,195,206,217,255
172,122,195,206,217,255
172,123,196,206,217,255
172,124,197,205,216,255
172,125,195,203,214,255
172,126,192,204,214,255
172,127,194,205,214,255
172,128,194,205,214,255
172,129,192,204,214,255
172,130,192,203,214,255
172,131,191,203,214,255
172,132,191,202,214,255
172,133,191,202,214,255
172,134,191,202,213,255
172,135,190,202,213,255
172,136,190,202,213,255
172,137,191,202,213,255
172,138,189,200,211,255
172,139,189,200,211,255
172,140,192,201,211,255
172,141,193,202,211,255
172,142,195,201,211,255
172,143,190,200,209,255
173,0,175,172,174,255
173,1,175,172,175,255
173,2,177,175,178,255
173,3,177,175,178,255
173,4,176,174,175,255
173,5,176,174,175,255
173,6,173,165,161,255
173,7,163,149,138,255
173,8,163,149,138,255
173,9,159,143,126,255
173,10,159,142,125,255
173,11,160,143,127,255
173,12,160,143,127,255
173,13,160,145,129,255
173,14,160,146,130,255
173,15,161,146,130,255
173,16,161,146,130,255
173,17,161,145,128,255
173,18,161,144,125,255
173,19,162,143,122,255
173,20,161,143,124,255
173,21,163,147,130,255
173,22,163,147,130,255
173,23,166,152,139,255
173,24,168,155,144,255
173,25,170,158,148,255
173,26,170,160,152,255
173,27,173,166,160,255
173,28,175,170,168,255
173,29,170,164,160,255
173,30,156,156,155,255
173,31,140,149,153,255
173,32,164,160,157,255
173,33,113,117,118,255
173,34,113,117,118,255
173,35,73,73,73,255
173,36,42,46,53,255
173,37,28,34,53,255
173,38,28,34,59,255
173,39,28,34,59,255
173,40,28,34,61,255
173,41,28,34,64,255
173,42,28,34,64,255
173,43,22,34,61,255
173,44,22,34,61,255
173,45,28,34,61,255
173,46,22,34,59,255
173,47,22,34,59,255
173,48,22,34,59,255
173,49,22,28,61,255
173,50,34,38,69,255
173,51,28,34,64,255
173,52,34,38,64,255
173,53,22,34,59,255
173,54,28,34,61,255
173,55,28,38,61,255
173,56,28,34,61,255
173,57,28,34,64,255
173,58,28,42,73,255
173,59,42,56,88,255
173,60,42,59,88,255
173,61,34,50,81,255
173,62,28,42,75,255
173,63,28,42,73,255
173,64,28,38,71,255
173,65,22,38,69,255
173,66,28,38,69,255
173,67,22,38,66,255
173,68,28,38,69,255
173,69,28,38,69,255
173,70,22,34,69,255
173,71,28,38,71,255
173,72,28,38,73,255
173,73,34,42,75,255
173,74,28,42,73,255
173,75,28,38,71,255
173,76,28,42,73,255
173,77,34,42,73,255
173,78,34,46,75,255
173,79,34,46,77,255
173,80,28,46,77,255
173,81,28,46,77,255
173,82,28,46,77,255
173,83,34,46,77,255
173,84,34,53,79,255
173,85,86,138,150,255
173,86,125,182,189,255
173,87,137,188,196,255
173,88,125,161,177,255
173,89,129,153,173,255
173,90,173,191,207,255
173,91,197,210,221,255
173,92,199,210,220,255
173,93,200,210,219,255
173,94,199,210,220,255
173,95,199,210,220,255
173,96,199,210,219,255
173,97,199,211,219,255
173,98,200,210,219,255
173,99,199,210,220,255
173,100,197,211,220,255
173,101,199,210,219,255
173,102,199,210,219,255
173,103,198,210,220,255
173,104,205,214,223,255
173,105,214,221,228,255
173,106,203,213,222,255
173,107,199,209,218,255
173,108,199,209,218,255
173,109,196,209,218,255
173,110,196,209,218,255
173,111,194,209,218,255
173,112,196,208,218,255
173,113,197,206,216,255
173,114,197,205,214,255
173,115,197,205,215,255
173,116,196,205,214,255
173,117,196,205,214,255
173,118,196,206,215,255
173,119,195,205,216,255
173,120,195,206,217,255
173,121,193,205,216,255
173,122,193,205,216,255
173,123,193,205,217,255
173,124,196,205,216,255
173,125,192,205,215,255
173,126,191,203,214,255
173,127,192,203,214,255
173,128,192,203,214,255
173,129,191,204,213,255
173,130,191,204,214,255
173,131,190,202,213,255
173,132,190,202,213,255
173,133,191,203,213,255
173,134,192,204,214,255
173,135,189,202,213,255
173,136,189,202,213,255
173,137,189,200,213,255
173,138,189,200,212,255
173,139,189,200,212,255
173,140,192,201,211,255
173,141,192,201,211,255
173,142,193,202,211,255
173,143,190,200,210,255
174,0,176,173,175,255
174,1,176,174,177,255
174,2,176,175,179,255
174,3,176,175,179,255
174,4,176,174,175,255
174,5,176,174,175,255
174,6,172,164,160,255
174,7,162,148,135,255
174,8,162,148,135,255
174,9,158,142,125,255
174,10,159,142,125,255
174,11,160,143,127,255
174,12,160,143,127,255
174,13,160,145,129,255
174,14,160,145,129,255
174,15,160,144,127,255
174,16,160,144,127,255
174,17,161,143,125,255
174,18,161,143,124,255
174,19,161,143,122,255
174,20,161,144,126,255
174,21,163,148,132,255
174,22,163,148,132,255
174,23,167,154,141,255
174,24,167,155,145,255
174,25,170,158,148,255
174,26,170,160,151,255
174,27,172,164,158,255
174,28,168,166,163,255
174,29,170,164,160,255
174,30,156,156,155,255
174,31,117,126,128,255
174,32,119,125,126,255
174,33,83,86,86,255
174,34,83,86,86,255
174,35,75,73,73,255
174,36,46,46,56,255
174,37,22,28,53,255
174,38,28,34,59,255
174,39,22,34,56,255
174,40,22,28,59,255
174,41,22,28,59,255
174,42,22,34,61,255
174,43,22,34,61,255
174,44,22,34,61,255
174,45,28,34,61,255
174,46,34,38,61,255
174,47,28,34,59,255
174,48,22,28,56,255
174,49,22,28,61,255
174,50,28,34,66,255
174,51,34,38,66,255
174,52,34,38,64,255
174,53,22,28,59,255
174,54,22,34,59,255
174,55,28,34,59,255
174,56,22,28,59,255
174,57,22,34,61,255
174,58,34,46,75,255
174,59,38,56,86,255
174,60,34,53,85,255
174,61,34,50,81,255
174,62,28,42,75,255
174,63,28,38,71,255
174,64,28,38,71,255
174,65,28,38,69,255
174,66,22,38,69,255
174,67,28,38,69,255
174,68,28,42,71,255
174,69,28,42,71,255
174,70,22,38,69,255
174,71,28,42,71,255
174,72,28,42,73,255
174,73,28,38,73,255
174,74,28,38,69,255
174,75,28,34,64,255
174,76,28,38,66,255
174,77,28,38,66,255
174,78,22,38,69,255
174,79,28,42,73,255
174,80,28,42,73,255
174,81,28,42,71,255
174,82,28,42,73,255
174,83,28,42,73,255
174,84,28,50,75,255
174,85,83,136,148,255
174,86,124,181,188,255
174,87,137,189,197,255
174,88,129,167,182,255
174,89,122,148,167,255
174,90,168,187,203,255
174,91,195,209,220,255
174,92,200,210,219,255
174,93,199,210,218,255
174,94,199,210,220,255
174,95,199,210,220,255
174,96,199,210,220,255
174,97,199,211,219,255
174,98,198,210,219,255
174,99,199,210,220,255
174,100,199,211,220,255
174,101,198,210,219,255
174,102,198,210,218,255
174,103,198,210,219,255
174,104,202,212,221,255
174,105,211,219,227,255
174,106,209,217,224,255
174,107,197,209,220,255
174,108,199,209,218,255
174,109,197,209,218,255
174,110,197,209,218,255
174,111,196,209,218,255
174,112,196,208,218,255
174,113,197,206,216,255
174,114,197,205,214,255
174,115,195,205,214,255
174,116,197,205,214,255
174,117,194,204,213,255
174,118,193,205,214,255
174,119,194,205,215,255
174,120,195,206,217,255
174,121,193,205,216,255
174,122,193,205,216,255
174,123,192,205,215,255
174,124,194,205,216,255
174,125,192,204,215,255
174,126,188,203,214,255
174,127,191,204,214,255
174,128,191,204,214,255
174,129,191,205,214,255
174,130,189,205,214,255
174,131,190,203,213,255
174,132,190,203,213,255
174,133,191,203,213,255
174,134,191,203,214,255
174,135,190,202,213,255
174,136,190,202,213,255
174,137,190,202,213,255
174,138,190,202,214,255
174,139,189,200,212,255
174,140,190,202,213,255
174,141,190,202,213,255
174,142,193,202,213,255
174,143,189,200,211,255
175,0,175,174,177,255
175,1,175,174,177,255
175,2,176,176,180,255
175,3,176,176,180,255
175,4,176,174,175,255
175,5,176,174,175,255
175,6,172,164,160,255
175,7,161,146,132,255
175,8,161,146,132,255
175,9,159,142,125,255
175,10,159,142,125,255
175,11,160,143,127,255
175,12,160,143,127,255
175,13,160,145,129,255
175,14,160,144,127,255
175,15,160,143,125,255
175,16,160,143,125,255
175,17,160,142,122,255
175,18,161,143,124,255
175,19,160,143,124,255
175,20,163,145,127,255
175,21,164,149,135,255
175,22,166,154,142,255
175,23,166,154,142,255
175,24,169,157,147,255
175,25,169,158,148,255
175,26,170,159,150,255
175,27,160,158,154,255
175,28,131,148,150,255
175,29,120,129,130,255
175,30,112,122,125,255
175,31,117,126,128,255
175,32,42,71,77,255
175,33,81,81,81,255
175,34,81,81,81,255
175,35,64,64,66,255
175,36,34,38,56,255
175,37,22,28,53,255
175,38,28,38,59,255
175,39,28,34,59,255
175,40,22,28,59,255
175,41,22,28,56,255
175,42,22,28,50,255
175,43,13,22,46,255
175,44,22,28,50,255
175,45,22,28,50,255
175,46,22,28,53,255
175,47,22,28,50,255
175,48,22,22,46,255
175,49,22,22,50,255
175,50,22,28,53,255
175,51,28,34,59,255
175,52,22,34,59,255
175,53,22,28,56,255
175,54,22,28,59,255
175,55,28,34,59,255
175,56,22,28,59,255
175,57,22,34,61,255
175,58,34,46,77,255
175,59,42,61,90,255
175,60,38,53,85,255
175,61,34,50,81,255
175,62,28,42,75,255
175,63,28,42,73,255
175,64,28,38,73,255
175,65,28,42,73,255
175,66,28,42,73,255
175,67,28,42,73,255
175,68,28,42,73,255
175,69,22,38,71,255
175,70,22,38,69,255
175,71,22,38,69,255
175,72,22,38,69,255
175,73,28,38,69,255
175,74,22,34,64,255
175,75,22,28,56,255
175,76,22,28,59,255
175,77,22,34,61,255
175,78,28,38,66,255
175,79,28,38,69,255
175,80,28,38,69,255
175,81,28,38,69,255
175,82,22,38,69,255
175,83,28,38,69,255
175,84,22,46,71,255
175,85,81,133,144,255
175,86,122,180,187,255
175,87,135,189,198,255
175,88,129,167,182,255
175,89,119,144,162,255
175,90,164,182,199,255
175,91,194,208,220,255
175,92,200,210,220,255
175,93,200,210,219,255
175,94,199,210,220,255
175,95,199,210,220,255
175,96,199,211,221,255
175,97,199,211,220,255
175,98,198,210,219,255
175,99,198,210,220,255
175,100,199,211,220,255
175,101,199,211,220,255
175,102,199,210,219,255
175,103,200,210,219,255
175,104,202,211,220,255
175,105,210,218,226,255
175,106,208,217,224,255
175,107,196,209,219,255
175,108,199,209,219,255
175,109,199,210,219,255
175,110,199,210,219,255
175,111,197,209,219,255
175,112,196,208,218,255
175,113,197,207,217,255
175,114,195,206,214,255
175,115,195,205,213,255
175,116,196,205,213,255
175,117,195,206,214,255
175,118,193,206,215,255
175,119,193,205,216,255
175,120,194,206,216,255
175,121,194,206,216,255
175,122,192,205,216,255
175,123,193,205,216,255
175,124,194,205,216,255
175,125,192,204,215,255
175,126,191,205,215,255
175,127,192,206,215,255
175,128,192,206,215,255
175,129,194,206,215,255
175,130,193,206,215,255
175,131,191,204,215,255
175,132,191,204,215,255
175,133,194,203,214,255
175,134,194,204,214,255
175,135,192,203,214,255
175,136,192,203,214,255
175,137,190,202,213,255
175,138,190,202,214,255
175,139,190,202,214,255
175,140,190,202,213,255
175,141,190,202,213,255
175,142,189,201,213,255
175,143,189,201,213,255
176,0,175,175,178,255
176,1,175,175,178,255
176,2,176,176,180,255
176,3,176,176,180,255
176,4,176,173,175,255
176,5,176,173,175,255
176,6,171,163,158,255
176,7,161,146,132,255
176,8,160,144,129,255
176,9,159,141,124,255
176,10,158,141,125,255
176,11,160,143,127,255
176,12,160,143,127,255
176,13,160,144,128,255
176,14,160,143,126,255
176,15,160,142,122,255
176,16,160,142,122,255
176,17,160,142,121,255
176,18,160,142,122,255
176,19,160,143,124,255
176,20,163,146,129,255
176,21,164,149,136,255
176,22,167,155,143,255
176,23,167,155,143,255
176,24,168,157,147,255
176,25,169,159,149,255
176,26,167,158,150,255
176,27,152,153,151,255
176,28,101,133,137,255
176,29,66,93,96,255
176,30,69,88,91,255
176,31,86,95,98,255
176,32,42,71,77,255
176,33,75,75,75,255
176,34,75,75,75,255
176,35,64,61,64,255
176,36,34,38,53,255
176,37,22,28,56,255
176,38,22,34,56,255
176,39,22,28,56,255
176,40,22,28,56,255
176,41,13,22,42,255
176,42,13,22,28,255
176,43,22,22,28,255
176,44,22,22,28,255
176,45,28,28,34,255
176,46,28,28,34,255
176,47,34,28,34,255
176,48,34,28,34,255
176,49,34,28,38,255
176,50,34,34,42,255
176,51,34,34,46,255
176,52,22,28,53,255
176,53,22,28,59,255
176,54,13,28,56,255
176,55,28,34,56,255
176,56,22,34,56,255
176,57,28,34,61,255
176,58,38,53,79,255
176,59,38,59,91,255
176,60,42,59,90,255
176,61,42,56,86,255
176,62,34,46,81,255
176,63,34,50,79,255
176,64,34,46,77,255
176,65,34,46,77,255
176,66,34,46,75,255
176,67,28,42,73,255
176,68,34,42,73,255
176,69,28,38,69,255
176,70,28,38,69,255
176,71,28,38,66,255
176,72,28,38,66,255
176,73,22,34,61,255
176,74,22,34,61,255
176,75,22,28,56,255
176,76,22,28,56,255
176,77,22,34,59,255
176,78,22,34,59,255
176,79,22,34,59,255
176,80,22,34,61,255
176,81,22,34,64,255
176,82,22,34,66,255
176,83,28,38,66,255
176,84,28,42,71,255
176,85,79,130,141,255
176,86,120,177,185,255
176,87,134,186,195,255
176,88,124,164,179,255
176,89,115,140,158,255
176,90,160,179,196,255
176,91,193,208,220,255
176,92,199,210,220,255
176,93,199,210,219,255
176,94,198,209,219,255
176,95,199,210,220,255
176,96,199,210,221,255
176,97,198,210,220,255
176,98,199,210,220,255
176,99,198,210,220,255
176,100,199,211,220,255
176,101,198,210,220,255
176,102,198,211,219,255
176,103,198,210,219,255
176,104,199,210,219,255
176,105,210,218,226,255
176,106,209,218,226,255
176,107,196,209,219,255
176,108,197,209,218,255
176,109,197,209,219,255
176,110,197,209,219,255
176,111,197,209,219,255
176,112,196,207,218,255
176,113,195,206,216,255
176,114,195,206,215,255
176,115,194,205,213,255
176,116,196,205,214,255
176,117,194,206,215,255
176,118,193,206,215,255
176,119,192,205,215,255
176,120,194,205,216,255
176,121,194,205,216,255
176,122,196,205,217,255
176,123,194,205,216,255
176,124,195,205,216,255
176,125,195,205,216,255
176,126,192,205,215,255
176,127,195,206,216,255
176,128,195,206,216,255
176,129,194,206,216,255
176,130,193,208,217,255
176,131,190,205,215,255
176,132,190,205,215,255
176,133,190,203,214,255
176,134,192,203,214,255
176,135,192,203,214,255
176,136,192,203,214,255
176,137,192,203,214,255
176,138,192,202,213,255
176,139,192,202,213,255
176,140,190,201,211,255
176,141,190,201,211,255
176,142,191,202,211,255
176,143,191,202,211,255
177,0,177,176,180,255
177,1,177,176,180,255
177,2,175,175,179,255
177,3,175,175,179,255
177,4,174,171,173,255
177,5,167,159,152,255
177,6,167,159,152,255
177,7,160,144,129,255
177,8,159,141,124,255
177,9,158,141,124,255
177,10,158,142,125,255
177,11,160,144,128,255
177,12,160,144,128,255
177,13,160,143,126,255
177,14,160,142,124,255
177,15,160,141,121,255
177,16,160,142,121,255
177,17,160,142,121,255
177,18,160,142,121,255
177,19,161,144,125,255
177,20,162,146,129,255
177,21,165,150,137,255
177,22,167,154,143,255
177,23,167,154,143,255
177,24,168,156,148,255
177,25,169,158,148,255
177,26,167,158,149,255
177,27,157,154,149,255
177,28,138,140,138,255
177,29,108,110,106,255
177,30,56,79,83,255
177,31,79,88,88,255
177,32,66,75,73,255
177,33,75,75,75,255
177,34,53,53,56,255
177,35,53,53,56,255
177,36,28,34,50,255
177,37,22,28,56,255
177,38,22,28,56,255
177,39,22,28,56,255
177,40,13,22,53,255
177,41,13,22,34,255
177,42,22,22,22,255
177,43,13,13,13,255
177,44,22,22,22,255
177,45,28,28,28,255
177,46,38,34,34,255
177,47,50,42,42,255
177,48,53,46,46,255
177,49,56,50,46,255
177,50,56,50,46,255
177,51,38,38,46,255
177,52,28,34,56,255
177,53,22,28,59,255
177,54,28,34,59,255
177,55,28,34,56,255
177,56,22,34,56,255
177,57,28,34,61,255
177,58,46,59,88,255
177,59,46,64,96,255
177,60,42,61,93,255
177,61,38,59,91,255
177,62,42,56,88,255
177,63,38,53,86,255
177,64,38,53,85,255
177,65,38,53,85,255
177,66,38,50,79,255
177,67,34,46,77,255
177,68,28,46,75,255
177,69,28,42,73,255
177,70,22,34,69,255
177,71,22,34,66,255
177,72,22,34,64,255
177,73,22,34,61,255
177,74,22,34,61,255
177,75,22,34,61,255
177,76,22,34,61,255
177,77,22,34,59,255
177,78,22,28,56,255
177,79,22,34,56,255
177,80,22,28,56,255
177,81,22,34,56,255
177,82,22,28,59,255
177,83,22,34,64,255
177,84,22,38,64,255
177,85,75,127,138,255
177,86,115,174,181,255
177,87,130,185,193,255
177,88,122,165,179,255
177,89,113,139,156,255
177,90,156,176,192,255
177,91,193,208,220,255
177,92,199,211,220,255
177,93,200,210,220,255
177,94,198,209,220,255
177,95,198,209,219,255
177,96,198,209,220,255
177,97,198,210,220,255
177,98,198,209,219,255
177,99,197,209,219,255
177,100,198,210,220,255
177,101,198,211,220,255
177,102,199,210,219,255
177,103,198,209,218,255
177,104,199,210,219,255
177,105,212,220,226,255
177,106,217,223,229,255
177,107,197,210,220,255
177,108,197,208,217,255
177,109,197,208,217,255
177,110,197,209,219,255
177,111,196,208,218,255
177,112,196,207,218,255
177,113,195,206,216,255
177,114,194,206,215,255
177,115,194,206,214,255
177,116,194,205,214,255
177,117,193,206,215,255
177,118,193,205,215,255
177,119,194,205,215,255
177,120,194,205,216,255
177,121,194,205,216,255
177,122,196,206,217,255
177,123,195,205,217,255
177,124,197,206,217,255
177,125,193,205,216,255
177,126,191,204,215,255
177,127,191,204,215,255
177,128,193,205,215,255
177,129,193,206,216,255
177,130,193,206,216,255
177,131,191,205,215,255
177,132,191,205,215,255
177,133,189,202,213,255
177,134,190,203,213,255
177,135,192,203,214,255
177,136,192,203,214,255
177,137,188,201,213,255
177,138,188,201,213,255
177,139,189,202,212,255
177,140,189,202,211,255
177,141,189,202,211,255
177,142,190,201,211,255
177,143,190,201,211,255
178,0,175,175,180,255
178,1,175,175,180,255
178,2,175,175,178,255
178,3,175,175,178,255
178,4,173,169,168,255
178,5,165,154,145,255
178,6,165,154,145,255
178,7,160,143,127,255
178,8,158,141,124,255
178,9,158,141,124,255
178,10,158,142,125,255
178,11,160,144,127,255
178,12,160,144,127,255
178,13,160,142,125,255
178,14,160,142,122,255
178,15,159,141,120,255
178,16,160,141,120,255
178,17,160,141,120,255
178,18,160,142,122,255
178,19,162,145,126,255
178,20,163,147,131,255
178,21,165,150,137,255
178,22,167,154,142,255
178,23,167,154,142,255
178,24,168,156,146,255
178,25,168,157,148,255
178,26,169,159,148,255
178,27,169,158,149,255
178,28,166,155,147,255
178,29,148,140,132,255
178,30,69,96,99,255
178,31,66,98,98,255
178,32,69,77,77,255
178,33,61,61,64,255
178,34,53,53,56,255
178,35,42,42,50,255
178,36,22,28,53,255
178,37,13,28,56,255
178,38,28,34,56,255
178,39,22,28,56,255
178,40,22,28,50,255
178,41,13,13,28,255
178,42,13,13,13,255
178,43,22,22,22,255
178,44,22,22,22,255
178,45,34,28,28,255
178,46,42,38,38,255
178,47,50,46,46,255
178,48,56,53,50,255
178,49,61,56,53,255
178,50,61,56,53,255
178,51,42,42,50,255
178,52,13,28,53,255
178,53,22,28,59,255
178,54,22,34,59,255
178,55,28,34,59,255
178,56,22,28,53,255
178,57,34,38,64,255
178,58,42,61,93,255
178,59,46,64,98,255
178,60,38,59,91,255
178,61,38,56,91,255
178,62,38,59,91,255
178,63,42,59,91,255
178,64,42,59,90,255
178,65,42,56,88,255
178,66,38,53,83,255
178,67,38,53,81,255
178,68,34,46,77,255
178,69,34,46,75,255
178,70,28,38,71,255
178,71,22,34,66,255
178,72,22,28,61,255
178,73,22,28,61,255
178,74,22,34,61,255
178,75,22,34,64,255
178,76,22,34,61,255
178,77,22,28,59,255
178,78,22,34,56,255
178,79,22,28,53,255
178,80,13,22,50,255
178,81,22,28,50,255
178,82,22,28,56,255
178,83,22,34,61,255
178,84,22,38,64,255
178,85,71,120,131,255
178,86,113,170,178,255
178,87,127,184,192,255
178,88,125,168,181,255
178,89,112,140,158,255
178,90,151,172,189,255
178,91,191,207,219,255
178,92,199,211,220,255
178,93,200,209,219,255
178,94,197,209,219,255
178,95,198,209,220,255
178,96,198,209,219,255
178,97,198,209,219,255
178,98,199,209,219,255
178,99,198,209,219,255
178,100,198,210,219,255
178,101,198,210,219,255
178,102,197,210,219,255
178,103,197,209,218,255
178,104,199,209,218,255
178,105,208,217,224,255
178,106,217,224,230,255
178,107,200,212,221,255
178,108,196,208,217,255
178,109,197,208,217,255
178,110,197,208,218,255
178,111,194,207,218,255
178,112,195,206,218,255
178,113,196,206,215,255
178,114,195,206,215,255
178,115,196,206,215,255
178,116,196,205,214,255
178,117,193,206,214,255
178,118,194,206,215,255
178,119,192,205,215,255
178,120,192,205,215,255
178,121,192,205,215,255
178,122,194,205,216,255
178,123,193,205,215,255
178,124,196,206,216,255
178,125,194,205,215,255
178,126,189,203,214,255
178,127,189,203,214,255
178,128,190,203,214,255
178,129,191,205,215,255
178,130,193,206,216,255
178,131,191,205,215,255
178,132,191,205,215,255
178,133,189,202,213,255
178,134,190,203,213,255
178,135,190,203,213,255
178,136,192,203,213,255
178,137,190,202,213,255
178,138,190,202,213,255
178,139,191,203,213,255
178,140,190,203,213,255
178,141,190,203,213,255
178,142,191,202,212,255
178,143,191,202,212,255
179,0,174,173,176,255
179,1,174,173,176,255
179,2,175,172,174,255
179,3,175,172,174,255
179,4,171,164,161,255
179,5,162,148,138,255
179,6,162,148,138,255
179,7,158,142,125,255
179,8,158,140,122,255
179,9,158,140,122,255
179,10,158,142,126,255
179,11,160,144,127,255
179,12,159,142,125,255
179,13,160,142,125,255
179,14,160,141,121,255
179,15,158,140,119,255
179,16,159,141,121,255
179,17,159,141,121,255
179,18,160,143,124,255
179,19,161,145,127,255
179,20,163,148,132,255
179,21,165,151,138,255
179,22,167,154,142,255
179,23,167,154,142,255
179,24,167,155,145,255
179,25,168,156,147,255
179,26,168,157,148,255
179,27,170,159,149,255
179,28,171,160,149,255
179,29,163,153,145,255
179,30,117,126,125,255
179,31,83,91,91,255
179,32,59,71,71,255
179,33,53,53,53,255
179,34,42,42,50,255
179,35,42,42,50,255
179,36,22,28,53,255
179,37,28,34,59,255
179,38,28,34,56,255
179,39,13,28,53,255
179,40,22,22,46,255
179,41,22,22,28,255
179,42,13,13,13,255
179,43,13,13,13,255
179,44,22,22,22,255
179,45,28,28,22,255
179,46,34,34,34,255
179,47,46,42,42,255
179,48,50,46,46,255
179,49,56,53,53,255
179,50,56,53,53,255
179,51,46,42,46,255
179,52,28,28,46,255
179,53,28,34,50,255
179,54,28,28,50,255
179,55,22,28,53,255
179,56,22,28,53,255
179,57,38,38,59,255
179,58,42,56,86,255
179,59,42,61,95,255
179,60,38,56,88,255
179,61,38,53,88,255
179,62,42,59,90,255
179,63,38,59,91,255
179,64,42,59,91,255
179,65,38,53,86,255
179,66,38,53,83,255
179,67,34,50,81,255
179,68,34,50,79,255
179,69,28,42,73,255
179,70,28,38,71,255
179,71,22,34,66,255
179,72,22,34,64,255
179,73,22,34,61,255
179,74,22,28,61,255
179,75,22,34,64,255
179,76,22,34,61,255
179,77,22,34,56,255
179,78,22,28,56,255
179,79,13,28,50,255
179,80,22,28,50,255
179,81,22,28,50,255
179,82,22,28,53,255
179,83,28,38,61,255
179,84,22,34,64,255
179,85,66,113,125,255
179,86,110,168,174,255
179,87,128,186,192,255
179,88,128,173,185,255
179,89,113,144,160,255
179,90,145,167,184,255
179,91,187,203,217,255
179,92,198,210,221,255
179,93,199,209,219,255
179,94,197,209,219,255
179,95,198,209,219,255
179,96,197,208,218,255
179,97,197,209,220,255
179,98,197,209,219,255
179,99,197,209,219,255
179,100,197,209,219,255
179,101,198,210,219,255
179,102,198,210,219,255
179,103,197,209,218,255
179,104,200,209,218,255
179,105,204,214,222,255
179,106,218,224,230,255
179,107,200,212,221,255
179,108,196,208,217,255
179,109,196,208,217,255
179,110,195,207,218,255
179,111,194,207,218,255
179,112,195,206,217,255
179,113,194,205,215,255
179,114,196,206,214,255
179,115,196,207,215,255
179,116,196,205,214,255
179,117,192,204,213,255
179,118,194,205,215,255
179,119,194,205,216,255
179,120,192,204,215,255
179,121,192,204,215,255
179,122,194,205,215,255
179,123,195,204,215,255
179,124,195,205,215,255
179,125,192,204,214,255
179,126,190,202,214,255
179,127,190,202,214,255
179,128,191,203,214,255
179,129,192,204,215,255
179,130,192,205,215,255
179,131,190,204,214,255
179,132,191,205,215,255
179,133,190,203,213,255
179,134,190,202,213,255
179,135,190,202,213,255
179,136,192,204,213,255
179,137,192,203,213,255
179,138,192,203,213,255
179,139,196,204,214,255
179,140,191,204,213,255
179,141,191,204,213,255
179,142,191,203,213,255
179,143,191,203,213,255
180,0,170,167,167,255
180,1,170,167,167,255
180,2,171,167,167,255
180,3,171,167,167,255
180,4,167,158,151,255
180,5,160,145,131,255
180,6,160,145,131,255
180,7,157,139,121,255
180,8,156,139,120,255
180,9,156,139,120,255
180,10,158,140,124,255
180,11,159,142,125,255
180,12,160,142,125,255
180,13,158,141,122,255
180,14,158,141,120,255
180,15,158,140,119,255
180,16,160,141,121,255
180,17,160,141,121,255
180,18,160,144,125,255
180,19,162,146,129,255
180,20,163,148,134,255
180,21,164,150,138,255
180,22,167,153,141,255
180,23,167,153,141,255
180,24,167,155,143,255
180,25,168,156,146,255
180,26,168,157,147,255
180,27,169,159,148,255
180,28,170,160,149,255
180,29,170,157,148,255
180,30,127,136,135,255
180,31,129,122,114,255
180,32,61,64,64,255
180,33,50,50,50,255
180,34,34,34,50,255
180,35,34,34,50,255
180,36,28,34,56,255
180,37,28,34,59,255
180,38,22,28,56,255
180,39,22,28,56,255
180,40,22,22,46,255
180,41,13,13,22,255
180,42,13,13,13,255
180,43,13,13,13,255
180,44,22,13,13,255
180,45,28,28,22,255
180,46,42,38,34,255
180,47,46,42,38,255
180,48,53,50,46,255
180,49,59,53,53,255
180,50,59,53,53,255
180,51,46,42,50,255
180,52,34,34,50,255
180,53,34,28,34,255
180,54,28,28,34,255
180,55,28,28,46,255
180,56,22,28,53,255
180,57,34,42,66,255
180,58,46,64,93,255
180,59,46,66,98,255
180,60,34,50,83,255
180,61,28,46,81,255
180,62,34,50,85,255
180,63,38,53,86,255
180,64,38,53,86,255
180,65,34,50,83,255
180,66,34,46,79,255
180,67,34,50,79,255
180,68,34,46,77,255
180,69,28,42,73,255
180,70,22,38,69,255
180,71,22,34,64,255
180,72,22,34,61,255
180,73,13,28,59,255
180,74,22,28,56,255
180,75,22,34,61,255
180,76,22,28,59,255
180,77,22,34,56,255
180,78,22,28,53,255
180,79,22,28,53,255
180,80,22,22,50,255
180,81,22,28,50,255
180,82,22,28,53,255
180,83,22,34,59,255
180,84,22,34,64,255
180,85,64,109,119,255
180,86,109,167,173,255
180,87,128,186,194,255
180,88,129,175,189,255
180,89,113,145,162,255
180,90,140,163,180,255
180,91,184,201,215,255
180,92,197,210,221,255
180,93,197,209,220,255
180,94,197,209,219,255
180,95,198,209,218,255
180,96,197,208,218,255
180,97,197,209,219,255
180,98,197,209,219,255
180,99,197,209,219,255
180,100,197,209,218,255
180,101,197,210,219,255
180,102,197,210,219,255
180,103,197,209,219,255
180,104,200,209,218,255
180,105,201,211,220,255
180,106,218,224,230,255
180,107,209,217,224,255
180,108,197,209,218,255
180,109,197,209,218,255
180,110,198,208,218,255
180,111,195,207,218,255
180,112,194,206,217,255
180,113,195,206,215,255
180,114,196,206,214,255
180,115,196,207,215,255
180,116,197,205,214,255
180,117,194,205,214,255
180,118,192,204,215,255
180,119,190,203,215,255
180,120,191,203,215,255
180,121,191,203,215,255
180,122,193,204,215,255
180,123,195,203,214,255
180,124,194,204,214,255
180,125,191,202,213,255
180,126,190,202,214,255
180,127,190,202,214,255
180,128,191,204,215,255
180,129,192,205,215,255
180,130,190,204,215,255
180,131,192,205,215,255
180,132,190,204,214,255
180,133,190,203,213,255
180,134,190,203,213,255
180,135,190,203,213,255
180,136,192,203,214,255
180,137,192,204,214,255
180,138,192,204,214,255
180,139,193,205,214,255
180,140,193,205,214,255
180,141,193,205,214,255
180,142,189,202,213,255
180,143,189,202,213,255
181,0,166,158,155,255
181,1,166,158,155,255
181,2,166,159,155,255
181,3,163,150,141,255
181,4,163,150,141,255
181,5,158,142,126,255
181,6,158,142,126,255
181,7,155,138,119,255
181,8,155,138,119,255
181,9,155,138,119,255
181,10,157,139,120,255
181,11,158,141,124,255
181,12,158,141,122,255
181,13,158,141,122,255
181,14,158,140,119,255
181,15,158,140,119,255
181,16,160,141,120,255
181,17,160,141,120,255
181,18,161,144,125,255
181,19,162,147,130,255
181,20,163,148,134,255
181,21,165,151,138,255
181,22,167,153,141,255
181,23,166,155,143,255
181,24,166,155,143,255
181,25,168,156,146,255
181,26,168,158,148,255
181,27,170,159,148,255
181,28,170,160,150,255
181,29,170,160,149,255
181,30,166,149,139,255
181,31,114,112,110,255
181,32,69,66,66,255
181,33,56,53,56,255
181,34,46,46,53,255
181,35,46,46,53,255
181,36,28,34,56,255
181,37,28,34,59,255
181,38,22,28,56,255
181,39,22,28,56,255
181,40,13,22,38,255
181,41,22,22,22,255
181,42,22,13,13,255
181,43,22,22,22,255
181,44,22,22,22,255
181,45,38,34,34,255
181,46,46,38,38,255
181,47,53,46,46,255
181,48,53,50,50,255
181,49,61,56,56,255
181,50,61,53,53,255
181,51,38,38,46,255
181,52,28,28,50,255
181,53,28,28,34,255
181,54,28,28,34,255
181,55,22,28,46,255
181,56,22,28,53,255
181,57,34,46,75,255
181,58,64,83,113,255
181,59,56,75,106,255
181,60,34,50,77,255
181,61,28,42,75,255
181,62,34,50,77,255
181,63,34,50,79,255
181,64,34,50,79,255
181,65,38,53,81,255
181,66,34,50,79,255
181,67,34,46,77,255
181,68,28,46,75,255
181,69,28,42,71,255
181,70,28,38,69,255
181,71,22,34,64,255
181,72,22,28,59,255
181,73,22,34,59,255
181,74,22,34,59,255
181,75,22,34,64,255
181,76,22,34,61,255
181,77,22,28,59,255
181,78,22,28,56,255
181,79,22,28,53,255
181,80,13,22,50,255
181,81,22,28,53,255
181,82,22,34,56,255
181,83,28,34,61,255
181,84,22,38,64,255
181,85,59,104,114,255
181,86,108,164,170,255
181,87,127,185,194,255
181,88,121,178,193,255
181,89,114,147,164,255
181,90,79,110,136,255
181,91,178,195,210,255
181,92,197,211,222,255
181,93,199,210,220,255
181,94,197,209,219,255
181,95,197,209,218,255
181,96,197,209,218,255
181,97,197,209,219,255
181,98,197,209,220,255
181,99,197,209,219,255
181,100,197,209,219,255
181,101,197,210,219,255
181,102,197,210,219,255
181,103,197,210,219,255
181,104,198,208,217,255
181,105,201,211,220,255
181,106,214,221,228,255
181,107,211,218,226,255
181,108,198,209,218,255
181,109,198,209,218,255
181,110,199,209,218,255
181,111,196,207,218,255
181,112,193,207,217,255
181,113,195,207,215,255
181,114,197,206,215,255
181,115,196,208,215,255
181,116,195,205,214,255
181,117,196,205,214,255
181,118,194,205,215,255
181,119,194,205,215,255
181,120,194,205,215,255
181,121,192,203,215,255
181,122,193,204,215,255
181,123,193,203,214,255
181,124,194,203,214,255
181,125,192,203,213,255
181,126,190,202,213,255
181,127,190,202,213,255
181,128,191,203,214,255
181,129,192,203,214,255
181,130,190,204,215,255
181,131,190,204,215,255
181,132,189,202,213,255
181,133,192,204,214,255
181,134,193,206,215,255
181,135,193,206,215,255
181,136,193,205,215,255
181,137,190,203,214,255
181,138,190,203,214,255
181,139,191,203,213,255
181,140,191,203,213,255
181,141,192,204,214,255
181,142,190,202,213,255
181,143,190,202,213,255
182,0,166,158,155,255
182,1,166,158,155,255
182,2,161,149,142,255
182,3,160,146,132,255
182,4,160,146,132,255
182,5,156,139,120,255
182,6,156,139,120,255
182,7,155,136,117,255
182,8,155,137,117,255
182,9,155,137,117,255
182,10,157,139,119,255
182,11,157,140,121,255
182,12,158,141,121,255
182,13,158,141,121,255
182,14,158,140,119,255
182,15,158,140,119,255
182,16,160,141,121,255
182,17,160,141,121,255
182,18,161,144,125,255
182,19,161,146,128,255
182,20,163,148,133,255
182,21,164,150,137,255
182,22,165,153,140,255
182,23,167,155,143,255
182,24,167,155,143,255
182,25,168,157,146,255
182,26,169,158,148,255
182,27,169,159,148,255
182,28,170,160,150,255
182,29,170,160,149,255
182,30,167,153,141,255
182,31,137,125,114,255
182,32,64,64,61,255
182,33,50,50,50,255
182,34,34,34,53,255
182,35,28,34,59,255
182,36,28,34,59,255
182,37,28,34,59,255
182,38,22,28,56,255
182,39,22,28,56,255
182,40,13,22,38,255
182,41,13,13,13,255
182,42,13,13,13,255
182,43,13,13,13,255
182,44,28,22,22,255
182,45,34,28,28,255
182,46,46,42,42,255
182,47,50,46,46,255
182,48,50,46,46,255
182,49,56,53,50,255
182,50,50,46,50,255
182,51,34,34,46,255
182,52,22,28,56,255
182,53,22,28,53,255
182,54,28,34,50,255
182,55,22,28,46,255
182,56,22,22,34,255
182,57,28,34,56,255
182,58,69,85,114,255
182,59,59,75,105,255
182,60,38,53,83,255
182,61,34,50,79,255
182,62,38,53,81,255
182,63,38,53,83,255
182,64,38,56,85,255
182,65,42,59,86,255
182,66,42,56,85,255
182,67,38,53,83,255
182,68,34,50,81,255
182,69,34,50,79,255
182,70,28,42,73,255
182,71,34,42,71,255
182,72,28,38,69,255
182,73,28,34,66,255
182,74,28,34,66,255
182,75,28,38,69,255
182,76,22,38,69,255
182,77,22,38,66,255
182,78,22,34,64,255
182,79,22,34,61,255
182,80,22,34,61,255
182,81,22,34,61,255
182,82,28,34,61,255
182,83,22,34,64,255
182,84,28,38,64,255
182,85,56,99,110,255
182,86,105,162,167,255
182,87,126,185,193,255
182,88,132,183,197,255
182,89,119,153,172,255
182,90,130,147,160,255
182,91,174,192,208,255
182,92,196,210,222,255
182,93,199,210,221,255
182,94,197,209,219,255
182,95,197,209,219,255
182,96,197,208,218,255
182,97,197,209,219,255
182,98,197,209,219,255
182,99,197,209,219,255
182,100,197,209,218,255
182,101,196,209,218,255
182,102,197,209,218,255
182,103,197,210,219,255
182,104,198,208,217,255
182,105,198,208,217,255
182,106,208,217,224,255
182,107,210,218,225,255
182,108,210,218,225,255
182,109,198,209,219,255
182,110,197,207,217,255
182,111,195,207,217,255
182,112,194,206,217,255
182,113,195,207,217,255
182,114,196,206,215,255
182,115,196,208,216,255
182,116,196,207,215,255
182,117,194,206,215,255
182,118,193,205,215,255
182,119,192,203,215,255
182,120,192,203,215,255
182,121,192,203,214,255
182,122,192,203,214,255
182,123,192,203,214,255
182,124,194,204,214,255
182,125,192,203,213,255
182,126,192,202,212,255
182,127,192,202,212,255
182,128,191,203,214,255
182,129,192,203,214,255
182,130,190,203,214,255
182,131,190,203,214,255
182,132,190,202,213,255
182,133,193,204,214,255
182,134,192,206,215,255
182,135,192,206,215,255
182,136,190,204,214,255
182,137,189,201,212,255
182,138,189,201,212,255
182,139,191,202,212,255
182,140,191,202,212,255
182,141,189,202,212,255
182,142,190,202,213,255
182,143,190,202,213,255
183,0,161,150,144,255
183,1,161,149,142,255
183,2,161,149,142,255
183,3,158,141,125,255
183,4,158,141,125,255
183,5,155,137,117,255
183,6,155,137,117,255
183,7,153,134,112,255
183,8,155,136,114,255
183,9,155,136,114,255
183,10,155,138,118,255
183,11,157,139,119,255
183,12,157,139,119,255
183,13,157,139,119,255
183,14,157,139,118,255
183,15,158,140,119,255
183,16,160,141,121,255
183,17,160,143,124,255
183,18,160,143,124,255
183,19,161,145,127,255
183,20,163,147,132,255
183,21,164,151,137,255
183,22,166,153,141,255
183,23,167,155,145,255
183,24,167,155,145,255
183,25,168,157,147,255
183,26,169,159,148,255
183,27,170,159,149,255
183,28,170,160,150,255
183,29,170,159,148,255
183,30,167,153,141,255
183,31,131,120,112,255
183,32,46,50,50,255
183,33,50,50,53,255
183,34,34,34,53,255
183,35,28,34,59,255
183,36,28,34,59,255
183,37,22,28,56,255
183,38,28,34,59,255
183,39,22,28,53,255
183,40,22,22,38,255
183,41,13,13,13,255
183,42,13,13,13,255
183,43,13,13,13,255
183,44,22,22,22,255
183,45,34,28,28,255
183,46,38,34,34,255
183,47,42,42,42,255
183,48,50,46,46,255
183,49,50,46,46,255
183,50,46,42,46,255
183,51,28,34,50,255
183,52,22,28,59,255
183,53,22,34,59,255
183,54,28,34,59,255
183,55,22,28,53,255
183,56,22,22,34,255
183,57,34,34,42,255
183,58,59,71,96,255
183,59,59,73,102,255
183,60,46,64,91,255
183,61,42,59,86,255
183,62,46,61,90,255
183,63,46,61,90,255
183,64,50,64,93,255
183,65,53,66,95,255
183,66,50,64,91,255
183,67,46,61,90,255
183,68,38,59,88,255
183,69,38,56,85,255
183,70,38,53,85,255
183,71,38,53,81,255
183,72,34,46,77,255
183,73,28,42,73,255
183,74,28,42,75,255
183,75,28,46,75,255
183,76,28,42,75,255
183,77,28,42,73,255
183,78,28,42,73,255
183,79,22,38,69,255
183,80,28,38,71,255
183,81,28,38,69,255
183,82,22,34,66,255
183,83,22,34,66,255
183,84,28,38,66,255
183,85,50,95,105,255
183,86,102,159,163,255
183,87,125,184,191,255
183,88,131,184,199,255
183,89,125,160,178,255
183,90,127,149,170,255
183,91,171,189,205,255
183,92,196,209,221,255
183,93,197,210,220,255
183,94,197,209,219,255
183,95,197,209,218,255
183,96,198,208,218,255
183,97,199,208,218,255
183,98,197,209,219,255
183,99,197,209,219,255
183,100,198,209,218,255
183,101,197,208,217,255
183,102,197,209,218,255
183,103,197,209,218,255
183,104,198,208,217,255
183,105,198,208,216,255
183,106,205,214,221,255
183,107,210,218,224,255
183,108,210,218,224,255
183,109,198,209,219,255
183,110,196,206,216,255
183,111,196,208,217,255
183,112,194,207,217,255
183,113,194,208,218,255
183,114,196,206,215,255
183,115,196,207,215,255
183,116,195,207,215,255
183,117,194,206,215,255
183,118,193,205,215,255
183,119,192,204,215,255
183,120,192,204,215,255
183,121,192,203,214,255
183,122,193,203,214,255
183,123,194,204,214,255
183,124,194,205,214,255
183,125,190,203,213,255
183,126,190,203,213,255
183,127,192,202,212,255
183,128,192,203,213,255
183,129,190,202,213,255
183,130,190,201,212,255
183,131,190,201,212,255
183,132,190,202,213,255
183,133,193,204,214,255
183,134,191,205,215,255
183,135,191,205,215,255
183,136,190,203,213,255
183,137,189,201,212,255
183,138,189,201,212,255
183,139,190,201,212,255
183,140,190,201,212,255
183,141,189,202,212,255
183,142,189,202,212,255
183,143,190,201,211,255
184,0,161,148,139,255
184,1,160,147,134,255
184,2,160,147,134,255
184,3,158,141,125,255
184,4,156,139,121,255
184,5,155,134,113,255
184,6,153,133,110,255
184,7,153,133,110,255
184,8,154,134,112,255
184,9,155,137,115,255
184,10,155,137,115,255
184,11,157,139,118,255
184,12,157,139,119,255
184,13,157,139,119,255
184,14,158,140,119,255
184,15,158,140,119,255
184,16,159,141,120,255
184,17,160,143,124,255
184,18,159,142,121,255
184,19,161,144,126,255
184,20,163,148,132,255
184,21,166,152,140,255
184,22,167,155,144,255
184,23,167,156,146,255
184,24,167,156,146,255
184,25,169,159,148,255
184,26,170,160,150,255
184,27,169,159,148,255
184,28,169,158,148,255
184,29,169,158,148,255
184,30,166,151,138,255
184,31,112,104,95,255
184,32,34,38,42,255
184,33,59,56,61,255
184,34,34,34,56,255
184,35,22,28,59,255
184,36,22,28,59,255
184,37,28,34,59,255
184,38,28,34,59,255
184,39,22,22,53,255
184,40,22,22,34,255
184,41,13,13,13,255
184,42,13,13,13,255
184,43,13,13,13,255
184,44,22,22,22,255
184,45,34,34,34,255
184,46,42,38,38,255
184,47,46,42,42,255
184,48,50,46,46,255
184,49,53,46,46,255
184,50,46,46,50,255
184,51,22,28,53,255
184,52,22,28,56,255
184,53,22,28,59,255
184,54,34,38,59,255
184,55,28,34,53,255
184,56,22,22,34,255
184,57,28,28,38,255
184,58,53,61,85,255
184,59,56,71,101,255
184,60,53,66,95,255
184,61,46,61,91,255
184,62,46,61,91,255
184,63,46,61,91,255
184,64,53,66,96,255
184,65,56,69,98,255
184,66,53,66,95,255
184,67,46,61,91,255
184,68,46,61,91,255
184,69,42,61,90,255
184,70,38,59,88,255
184,71,38,56,88,255
184,72,38,53,85,255
184,73,34,46,79,255
184,74,34,46,77,255
184,75,34,50,79,255
184,76,28,46,77,255
184,77,34,46,75,255
184,78,34,46,77,255
184,79,28,46,75,255
184,80,28,42,73,255
184,81,28,38,71,255
184,82,22,34,66,255
184,83,22,34,64,255
184,84,22,34,64,255
184,85,34,75,86,255
184,86,98,155,160,255
184,87,125,184,190,255
184,88,137,186,199,255
184,89,131,165,184,255
184,90,122,147,167,255
184,91,165,183,199,255
184,92,194,207,219,255
184,93,197,209,220,255
184,94,197,208,218,255
184,95,197,208,218,255
184,96,197,208,218,255
184,97,198,208,218,255
184,98,198,208,218,255
184,99,197,209,219,255
184,100,197,209,219,255
184,101,197,208,217,255
184,102,196,208,217,255
184,103,198,208,217,255
184,104,197,208,218,255
184,105,198,208,216,255
184,106,202,211,220,255
184,107,208,216,223,255
184,108,208,216,223,255
184,109,198,209,219,255
184,110,196,208,217,255
184,111,197,209,218,255
184,112,194,206,217,255
184,113,194,207,217,255
184,114,195,206,216,255
184,115,195,205,214,255
184,116,196,206,215,255
184,117,194,206,215,255
184,118,193,205,215,255
184,119,193,204,214,255
184,120,193,204,214,255
184,121,191,203,214,255
184,122,193,204,215,255
184,123,196,206,215,255
184,124,194,205,215,255
184,125,192,205,214,255
184,126,190,203,213,255
184,127,190,202,211,255
184,128,190,202,211,255
184,129,190,200,211,255
184,130,189,200,211,255
184,131,189,200,211,255
184,132,189,201,211,255
184,133,190,203,213,255
184,134,190,203,213,255
184,135,190,204,214,255
184,136,191,203,214,255
184,137,191,203,214,255
184,138,189,202,213,255
184,139,190,201,212,255
184,140,190,201,212,255
184,141,187,200,211,255
184,142,187,200,211,255
184,143,188,200,210,255
185,0,160,147,136,255
185,1,159,144,130,255
185,2,159,144,130,255
185,3,156,139,121,255
185,4,156,139,121,255
185,5,155,134,113,255
185,6,153,133,109,255
185,7,153,133,109,255
185,8,155,133,109,255
185,9,155,136,114,255
185,10,155,136,114,255
185,11,157,138,118,255
185,12,157,140,120,255
185,13,157,140,120,255
185,14,159,140,119,255
185,15,159,140,118,255
185,16,159,140,119,255
185,17,159,142,121,255
185,18,159,142,121,255
185,19,160,143,124,255
185,20,162,146,130,255
185,21,166,152,140,255
185,22,167,155,145,255
185,23,167,155,145,255
185,24,167,155,145,255
185,25,169,160,149,255
185,26,170,160,150,255
185,27,169,159,148,255
185,28,168,157,146,255
185,29,169,158,147,255
185,30,167,151,136,255
185,31,102,91,83,255
185,32,28,28,34,255
185,33,50,50,56,255
185,34,22,28,56,255
185,35,22,28,56,255
185,36,22,28,56,255
185,37,22,28,59,255
185,38,22,28,59,255
185,39,13,22,50,255
185,40,13,13,28,255
185,41,13,13,13,255
185,42,13,13,13,255
185,43,13,13,13,255
185,44,22,22,22,255
185,45,34,34,34,255
185,46,42,38,38,255
185,47,46,42,42,255
185,48,50,46,46,255
185,49,50,46,46,255
185,50,42,38,46,255
185,51,28,28,53,255
185,52,22,28,56,255
185,53,22,28,59,255
185,54,28,34,59,255
185,55,22,28,53,255
185,56,22,22,34,255
185,57,28,28,34,255
185,58,53,59,79,255
185,59,56,71,99,255
185,60,56,69,98,255
185,61,50,64,93,255
185,62,53,66,93,255
185,63,50,64,93,255
185,64,53,66,95,255
185,65,53,69,96,255
185,66,53,66,95,255
185,67,50,64,93,255
185,68,50,66,95,255
185,69,46,64,95,255
185,70,38,61,91,255
185,71,42,61,91,255
185,72,38,56,88,255
185,73,38,53,85,255
185,74,34,50,81,255
185,75,34,50,79,255
185,76,28,46,77,255
185,77,28,46,75,255
185,78,34,46,77,255
185,79,28,46,73,255
185,80,28,42,73,255
185,81,28,38,69,255
185,82,22,34,64,255
185,83,22,34,61,255
185,84,22,34,61,255
185,85,22,64,73,255
185,86,95,151,157,255
185,87,122,182,190,255
185,88,134,186,199,255
185,89,130,167,186,255
185,90,119,144,163,255
185,91,159,178,196,255
185,92,192,206,218,255
185,93,196,209,219,255
185,94,197,208,218,255
185,95,197,208,218,255
185,96,197,208,218,255
185,97,197,208,218,255
185,98,198,208,218,255
185,99,197,209,219,255
185,100,197,209,219,255
185,101,197,208,217,255
185,102,197,209,217,255
185,103,196,207,216,255
185,104,196,208,217,255
185,105,196,208,217,255
185,106,202,211,219,255
185,107,211,218,224,255
185,108,211,218,224,255
185,109,202,212,221,255
185,110,197,209,218,255
185,111,196,209,218,255
185,112,194,207,217,255
185,113,194,207,217,255
185,114,194,206,217,255
185,115,194,205,215,255
185,116,195,205,214,255
185,117,193,204,214,255
185,118,193,205,214,255
185,119,192,205,214,255
185,120,192,205,214,255
185,121,192,204,214,255
185,122,193,204,215,255
185,123,196,206,216,255
185,124,192,205,215,255
185,125,192,205,214,255
185,126,192,205,214,255
185,127,190,205,214,255
185,128,190,202,212,255
185,129,190,201,210,255
185,130,190,200,210,255
185,131,190,200,210,255
185,132,190,201,211,255
185,133,189,202,213,255
185,134,189,202,213,255
185,135,189,202,213,255
185,136,190,203,213,255
185,137,190,203,213,255
185,138,189,202,213,255
185,139,190,201,212,255
185,140,190,201,212,255
185,141,190,201,212,255
185,142,190,201,212,255
185,143,189,200,210,255
186,0,159,146,134,255
186,1,158,142,127,255
186,2,158,142,127,255
186,3,156,137,118,255
186,4,156,137,118,255
186,5,153,134,110,255
186,6,153,133,109,255
186,7,153,133,109,255
186,8,155,133,109,255
186,9,155,135,113,255
186,10,155,135,113,255
186,11,156,138,117,255
186,12,158,139,119,255
186,13,158,140,119,255
186,14,158,140,119,255
186,15,159,140,119,255
186,16,159,140,119,255
186,17,159,142,121,255
186,18,159,142,121,255
186,19,160,143,124,255
186,20,162,146,130,255
186,21,163,149,137,255
186,22,167,155,144,255
186,23,167,156,146,255
186,24,168,159,148,255
186,25,168,159,148,255
186,26,170,160,149,255
186,27,168,158,147,255
186,28,168,156,145,255
186,29,167,155,143,255
186,30,154,141,129,255
186,31,99,86,79,255
186,32,28,28,34,255
186,33,42,42,53,255
186,34,22,28,53,255
186,35,28,34,56,255
186,36,22,28,56,255
186,37,22,28,56,255
186,38,22,28,53,255
186,39,22,22,46,255
186,40,13,13,22,255
186,41,13,13,13,255
186,42,13,13,13,255
186,43,22,22,22,255
186,44,28,28,28,255
186,45,34,34,34,255
186,46,34,28,34,255
186,47,34,34,34,255
186,48,38,38,38,255
186,49,34,34,38,255
186,50,34,34,38,255
186,51,22,28,50,255
186,52,13,22,53,255
186,53,22,28,56,255
186,54,28,34,56,255
186,55,22,28,50,255
186,56,22,22,34,255
186,57,34,28,34,255
186,58,50,56,77,255
186,59,56,71,98,255
186,60,56,69,95,255
186,61,56,69,95,255
186,62,53,66,93,255
186,63,53,66,91,255
186,64,56,69,95,255
186,65,56,71,98,255
186,66,53,69,96,255
186,67,53,66,95,255
186,68,53,66,96,255
186,69,50,64,95,255
186,70,42,61,95,255
186,71,38,59,91,255
186,72,42,59,91,255
186,73,38,53,86,255
186,74,34,50,83,255
186,75,34,50,81,255
186,76,34,46,77,255
186,77,28,42,73,255
186,78,28,46,75,255
186,79,28,42,75,255
186,80,28,42,71,255
186,81,22,34,66,255
186,82,22,34,64,255
186,83,22,34,61,255
186,84,22,28,59,255
186,85,28,56,66,255
186,86,90,146,151,255
186,87,120,180,189,255
186,88,130,184,199,255
186,89,130,169,187,255
186,90,117,143,163,255
186,91,156,175,192,255
186,92,190,205,218,255
186,93,196,209,219,255
186,94,196,208,219,255
186,95,196,208,219,255
186,96,197,208,218,255
186,97,197,208,218,255
186,98,198,208,218,255
186,99,197,208,218,255
186,100,197,209,218,255
186,101,197,209,217,255
186,102,198,209,217,255
186,103,196,208,217,255
186,104,196,207,215,255
186,105,196,208,217,255
186,106,199,209,218,255
186,107,199,209,218,255
186,108,210,218,224,255
186,109,206,214,223,255
186,110,199,210,219,255
186,111,196,208,217,255
186,112,194,208,217,255
186,113,194,207,217,255
186,114,194,206,217,255
186,115,195,205,215,255
186,116,196,205,214,255
186,117,196,205,215,255
186,118,194,205,215,255
186,119,194,205,215,255
186,120,194,205,214,255
186,121,193,205,214,255
186,122,191,203,214,255
186,123,196,206,216,255
186,124,192,205,215,255
186,125,191,205,215,255
186,126,191,205,215,255
186,127,192,206,215,255
186,128,192,204,214,255
186,129,190,202,212,255
186,130,190,202,212,255
186,131,193,202,211,255
186,132,194,202,212,255
186,133,192,203,213,255
186,134,192,203,213,255
186,135,189,201,212,255
186,136,189,201,213,255
186,137,190,203,213,255
186,138,190,202,213,255
186,139,190,201,212,255
186,140,190,201,212,255
186,141,190,201,212,255
186,142,190,201,212,255
186,143,190,201,211,255
187,0,158,143,130,255
187,1,157,140,124,255
187,2,157,140,124,255
187,3,154,135,114,255
187,4,154,135,114,255
187,5,152,133,109,255
187,6,153,133,109,255
187,7,153,133,109,255
187,8,154,133,109,255
187,9,155,135,114,255
187,10,155,135,114,255
187,11,156,138,118,255
187,12,158,140,120,255
187,13,159,140,120,255
187,14,159,140,120,255
187,15,158,140,119,255
187,16,159,141,120,255
187,17,159,142,121,255
187,18,159,142,121,255
187,19,160,143,122,255
187,20,161,145,127,255
187,21,163,149,137,255
187,22,167,153,142,255
187,23,167,155,146,255
187,24,170,159,149,255
187,25,170,159,149,255
187,26,169,159,149,255
187,27,168,158,147,255
187,28,168,156,144,255
187,29,168,155,142,255
187,30,153,138,124,255
187,31,88,81,73,255
187,32,28,28,38,255
187,33,38,42,56,255
187,34,22,22,50,255
187,35,22,22,53,255
187,36,22,28,53,255
187,37,22,28,53,255
187,38,22,28,56,255
187,39,13,22,42,255
187,40,0,13,22,255
187,41,0,0,0,255
187,42,13,13,13,255
187,43,22,13,22,255
187,44,22,22,22,255
187,45,28,28,28,255
187,46,34,28,34,255
187,47,34,34,34,255
187,48,22,28,42,255
187,49,22,28,42,255
187,50,28,28,46,255
187,51,22,22,50,255
187,52,13,22,53,255
187,53,22,28,56,255
187,54,28,34,56,255
187,55,22,28,50,255
187,56,22,22,34,255
187,57,34,34,38,255
187,58,46,56,79,255
187,59,61,73,98,255
187,60,56,71,93,255
187,61,53,69,91,255
187,62,53,69,91,255
187,63,53,66,90,255
187,64,56,71,95,255
187,65,59,73,98,255
187,66,53,69,95,255
187,67,53,69,96,255
187,68,50,66,96,255
187,69,50,66,96,255
187,70,46,64,96,255
187,71,38,59,91,255
187,72,42,59,91,255
187,73,38,56,88,255
187,74,34,50,85,255
187,75,34,50,83,255
187,76,28,46,77,255
187,77,28,46,75,255
187,78,28,42,73,255
187,79,28,42,73,255
187,80,28,42,71,255
187,81,22,38,66,255
187,82,22,34,64,255
187,83,22,34,61,255
187,84,22,34,59,255
187,85,22,38,56,255
187,86,85,139,145,255
187,87,119,178,187,255
187,88,129,184,199,255
187,89,126,167,186,255
187,90,115,141,160,255
187,91,153,173,190,255
187,92,189,205,218,255
187,93,196,209,219,255
187,94,196,209,219,255
187,95,197,209,219,255
187,96,197,208,218,255
187,97,197,208,218,255
187,98,197,208,218,255
187,99,196,208,217,255
187,100,196,208,218,255
187,101,196,208,217,255
187,102,197,208,217,255
187,103,196,207,216,255
187,104,196,206,215,255
187,105,197,207,216,255
187,106,199,209,217,255
187,107,199,209,217,255
187,108,211,218,224,255
187,109,209,217,224,255
187,110,196,210,219,255
187,111,194,208,217,255
187,112,194,207,216,255
187,113,194,207,217,255
187,114,194,206,217,255
187,115,195,205,216,255
187,116,196,205,215,255
187,117,196,205,215,255
187,118,194,205,215,255
187,119,194,205,215,255
187,120,196,205,215,255
187,121,194,204,214,255
187,122,191,203,214,255
187,123,192,205,215,255
187,124,192,204,214,255
187,125,190,204,214,255
187,126,190,204,214,255
187,127,192,206,215,255
187,128,190,203,214,255
187,129,191,202,212,255
187,130,191,202,212,255
187,131,193,202,212,255
187,132,194,202,212,255
187,133,190,201,213,255
187,134,190,201,213,255
187,135,189,200,211,255
187,136,189,201,213,255
187,137,189,201,213,255
187,138,189,200,211,255
187,139,190,200,211,255
187,140,190,200,211,255
187,141,189,201,211,255
187,142,189,201,211,255
187,143,190,201,211,255
188,0,159,143,129,255
188,1,155,138,120,255
188,2,155,138,120,255
188,3,154,134,113,255
188,4,152,132,108,255
188,5,152,132,108,255
188,6,155,133,109,255
188,7,155,133,109,255
188,8,154,133,109,255
188,9,155,135,113,255
188,10,155,135,113,255
188,11,158,139,119,255
188,12,158,140,120,255
188,13,158,141,121,255
188,14,158,141,121,255
188,15,159,141,120,255
188,16,159,141,121,255
188,17,160,141,120,255
188,18,160,141,120,255
188,19,160,143,122,255
188,20,160,144,125,255
188,21,163,148,133,255
188,22,167,153,142,255
188,23,168,155,146,255
188,24,169,159,148,255
188,25,169,159,148,255
188,26,169,159,149,255
188,27,168,159,148,255
188,28,167,155,144,255
188,29,167,154,141,255
188,30,141,128,117,255
188,31,66,64,61,255
188,32,28,28,42,255
188,33,34,38,59,255
188,34,13,22,50,255
188,35,22,28,53,255
188,36,22,28,53,255
188,37,22,28,53,255
188,38,22,22,53,255
188,39,13,22,46,255
188,40,13,13,34,255
188,41,13,13,28,255
188,42,13,13,28,255
188,43,13,22,34,255
188,44,13,13,34,255
188,45,22,28,38,255
188,46,22,28,38,255
188,47,22,28,38,255
188,48,22,28,42,255
188,49,22,28,53,255
188,50,28,34,53,255
188,51,22,28,53,255
188,52,22,28,53,255
188,53,22,28,53,255
188,54,22,28,56,255
188,55,22,28,53,255
188,56,22,22,34,255
188,57,38,38,53,255
188,58,56,69,88,255
188,59,64,75,99,255
188,60,56,71,93,255
188,61,56,69,93,255
188,62,56,69,91,255
188,63,53,66,90,255
188,64,53,69,93,255
188,65,56,71,98,255
188,66,53,69,95,255
188,67,56,71,96,255
188,68,50,69,96,255
188,69,50,66,96,255
188,70,42,61,95,255
188,71,42,59,93,255
188,72,38,56,90,255
188,73,34,53,86,255
188,74,34,50,85,255
188,75,38,53,85,255
188,76,34,50,79,255
188,77,28,42,73,255
188,78,22,38,71,255
188,79,28,42,71,255
188,80,28,42,71,255
188,81,22,38,69,255
188,82,28,38,66,255
188,83,22,34,64,255
188,84,22,34,61,255
188,85,13,34,53,255
188,86,79,134,139,255
188,87,118,178,185,255
188,88,128,184,198,255
188,89,124,168,186,255
188,90,102,125,143,255
188,91,147,165,182,255
188,92,186,203,217,255
188,93,196,209,219,255
188,94,196,208,219,255
188,95,197,209,219,255
188,96,197,208,218,255
188,97,197,208,218,255
188,98,197,208,218,255
188,99,196,208,218,255
188,100,196,208,218,255
188,101,196,208,217,255
188,102,196,208,217,255
188,103,196,208,217,255
188,104,197,206,215,255
188,105,197,206,215,255
188,106,196,208,217,255
188,107,196,208,217,255
188,108,207,215,222,255
188,109,211,219,226,255
188,110,197,210,220,255
188,111,194,206,217,255
188,112,194,206,215,255
188,113,193,206,215,255
188,114,193,206,217,255
188,115,193,205,216,255
188,116,197,205,215,255
188,117,196,205,214,255
188,118,192,203,214,255
188,119,192,203,214,255
188,120,192,203,214,255
188,121,194,204,214,255
188,122,192,203,214,255
188,123,190,203,213,255
188,124,192,203,213,255
188,125,190,203,213,255
188,126,190,203,213,255
188,127,190,204,214,255
188,128,190,203,213,255
188,129,191,202,213,255
188,130,191,202,213,255
188,131,192,202,213,255
188,132,190,201,212,255
188,133,189,200,211,255
188,134,189,200,211,255
188,135,189,200,211,255
188,136,189,201,212,255
188,137,189,201,212,255
188,138,189,200,211,255
188,139,189,200,211,255
188,140,190,200,210,255
188,141,190,201,210,255
188,142,190,201,210,255
188,143,188,200,211,255
189,0,159,143,129,255
189,1,155,136,118,255
189,2,155,136,118,255
189,3,153,133,110,255
189,4,152,132,108,255
189,5,152,132,108,255
189,6,154,132,108,255
189,7,154,132,108,255
189,8,154,133,109,255
189,9,155,135,113,255
189,10,155,135,113,255
189,11,158,139,120,255
189,12,160,141,124,255
189,13,160,142,124,255
189,14,160,142,124,255
189,15,160,142,121,255
189,16,158,140,120,255
189,17,160,142,121,255
189,18,160,143,122,255
189,19,160,143,122,255
189,20,160,143,124,255
189,21,162,146,129,255
189,22,165,151,139,255
189,23,168,155,146,255
189,24,169,158,148,255
189,25,169,158,148,255
189,26,169,159,149,255
189,27,169,159,148,255
189,28,168,156,145,255
189,29,166,151,138,255
189,30,125,113,104,255
189,31,50,46,46,255
189,32,28,28,38,255
189,33,22,28,50,255
189,34,13,22,50,255
189,35,22,28,53,255
189,36,13,22,53,255
189,37,13,22,53,255
189,38,13,22,53,255
189,39,22,22,53,255
189,40,13,22,46,255
189,41,22,22,46,255
189,42,13,22,46,255
189,43,13,22,50,255
189,44,13,22,46,255
189,45,13,22,46,255
189,46,13,22,50,255
189,47,13,22,50,255
189,48,22,28,53,255
189,49,22,28,53,255
189,50,28,34,53,255
189,51,22,28,56,255
189,52,13,22,53,255
189,53,22,28,53,255
189,54,22,28,56,255
189,55,13,22,50,255
189,56,13,22,46,255
189,57,28,38,64,255
189,58,64,75,96,255
189,59,64,77,101,255
189,60,56,71,93,255
189,61,56,71,93,255
189,62,53,69,91,255
189,63,50,66,90,255
189,64,56,69,95,255
189,65,56,73,99,255
189,66,53,69,95,255
189,67,53,71,96,255
189,68,53,69,96,255
189,69,50,66,96,255
189,70,42,61,95,255
189,71,42,59,93,255
189,72,42,59,91,255
189,73,34,50,86,255
189,74,34,53,85,255
189,75,38,53,85,255
189,76,28,46,79,255
189,77,28,46,75,255
189,78,28,42,73,255
189,79,28,42,73,255
189,80,22,38,71,255
189,81,28,38,69,255
189,82,22,34,66,255
189,83,28,38,66,255
189,84,22,34,64,255
189,85,22,34,53,255
189,86,77,130,135,255
189,87,117,176,183,255
189,88,129,184,198,255
189,89,124,170,188,255
189,90,79,110,129,255
189,91,138,156,173,255
189,92,183,201,216,255
189,93,196,209,219,255
189,94,196,208,219,255
189,95,197,208,219,255
189,96,197,208,218,255
189,97,197,208,217,255
189,98,197,208,218,255
189,99,196,207,217,255
189,100,196,207,218,255
189,101,194,208,217,255
189,102,197,207,216,255
189,103,196,207,216,255
189,104,197,206,215,255
189,105,194,205,215,255
189,106,196,208,216,255
189,107,196,208,216,255
189,108,206,215,222,255
189,109,213,220,227,255
189,110,197,210,220,255
189,111,194,206,217,255
189,112,193,205,215,255
189,113,193,205,215,255
189,114,194,205,217,255
189,115,192,205,215,255
189,116,194,205,216,255
189,117,196,204,214,255
189,118,192,203,213,255
189,119,192,203,213,255
189,120,192,203,214,255
189,121,194,204,214,255
189,122,192,204,214,255
189,123,192,203,214,255
189,124,192,203,214,255
189,125,192,203,214,255
189,126,190,204,214,255
189,127,191,203,213,255
189,128,191,202,213,255
189,129,192,203,213,255
189,130,192,203,213,255
189,131,194,203,214,255
189,132,192,202,213,255
189,133,189,200,211,255
189,134,189,200,211,255
189,135,189,199,210,255
189,136,189,199,211,255
189,137,189,199,211,255
189,138,190,200,211,255
189,139,190,200,211,255
189,140,189,200,210,255
189,141,190,200,209,255
189,142,190,200,209,255
189,143,188,200,211,255
190,0,156,141,126,255
190,1,155,136,118,255
190,2,153,132,109,255
190,3,153,132,109,255
190,4,153,131,106,255
190,5,153,131,106,255
190,6,154,132,108,255
190,7,154,132,108,255
190,8,154,133,110,255
190,9,155,136,114,255
190,10,158,139,120,255
190,11,158,139,120,255
190,12,159,141,124,255
190,13,160,143,126,255
190,14,160,143,126,255
190,15,160,142,124,255
190,16,158,141,121,255
190,17,160,143,122,255
190,18,160,143,124,255
190,19,160,143,124,255
190,20,162,144,125,255
190,21,162,145,127,255
190,22,163,148,135,255
190,23,167,155,144,255
190,24,169,158,148,255
190,25,169,158,148,255
190,26,169,159,149,255
190,27,168,158,148,255
190,28,167,155,142,255
190,29,158,145,132,255
190,30,115,104,95,255
190,31,42,42,42,255
190,32,28,34,42,255
190,33,34,34,53,255
190,34,28,34,53,255
190,35,13,22,50,255
190,36,13,22,53,255
190,37,13,22,53,255
190,38,13,22,53,255
190,39,22,28,56,255
190,40,13,22,53,255
190,41,13,13,50,255
190,42,13,22,53,255
190,43,13,22,53,255
190,44,22,28,56,255
190,45,13,22,53,255
190,46,13,22,53,255
190,47,13,22,53,255
190,48,22,22,56,255
190,49,22,28,59,255
190,50,22,28,56,255
190,51,22,28,56,255
190,52,13,22,53,255
190,53,22,28,56,255
190,54,22,28,56,255
190,55,13,22,50,255
190,56,13,22,50,255
190,57,34,42,71,255
190,58,66,79,102,255
190,59,66,79,104,255
190,60,56,71,93,255
190,61,56,69,91,255
190,62,56,69,93,255
190,63,53,66,90,255
190,64,53,69,95,255
190,65,56,71,98,255
190,66,50,66,95,255
190,67,50,66,95,255
190,68,50,66,96,255
190,69,50,66,98,255
190,70,42,61,95,255
190,71,42,61,95,255
190,72,42,56,91,255
190,73,38,53,86,255
190,74,34,50,85,255
190,75,34,53,85,255
190,76,34,50,81,255
190,77,28,42,77,255
190,78,28,42,75,255
190,79,28,42,75,255
190,80,22,38,71,255
190,81,22,38,69,255
190,82,28,42,69,255
190,83,22,38,66,255
190,84,22,34,64,255
190,85,22,42,59,255
190,86,73,127,130,255
190,87,114,173,181,255
190,88,126,184,198,255
190,89,124,171,190,255
190,90,109,137,152,255
190,91,138,156,173,255
190,92,183,201,216,255
190,93,196,210,221,255
190,94,196,208,219,255
190,95,197,209,219,255
190,96,197,208,218,255
190,97,197,207,217,255
190,98,197,208,217,255
190,99,197,207,217,255
190,100,196,208,218,255
190,101,196,208,217,255
190,102,196,206,216,255
190,103,196,206,216,255
190,104,196,205,215,255
190,105,194,205,215,255
190,106,194,206,215,255
190,107,194,206,215,255
190,108,202,211,220,255
190,109,213,220,227,255
190,110,200,212,221,255
190,111,193,206,216,255
190,112,193,204,214,255
190,113,194,204,214,255
190,114,193,205,216,255
190,115,191,204,215,255
190,116,192,204,215,255
190,117,194,205,214,255
190,118,192,203,213,255
190,119,192,203,213,255
190,120,192,202,213,255
190,121,190,203,214,255
190,122,192,203,214,255
190,123,192,203,215,255
190,124,192,203,214,255
190,125,192,203,214,255
190,126,192,203,213,255
190,127,192,203,212,255
190,128,190,202,211,255
190,129,191,202,213,255
190,130,191,202,213,255
190,131,190,202,213,255
190,132,192,202,213,255
190,133,192,202,213,255
190,134,190,200,211,255
190,135,193,200,210,255
190,136,190,200,211,255
190,137,190,200,211,255
190,138,188,199,211,255
190,139,188,199,211,255
190,140,186,199,209,255
190,141,186,199,209,255
190,142,190,200,209,255
190,143,186,200,210,255
191,0,155,135,115,255
191,1,155,135,115,255
191,2,153,132,109,255
191,3,153,132,109,255
191,4,153,132,108,255
191,5,153,132,108,255
191,6,154,133,108,255
191,7,154,134,110,255
191,8,154,134,110,255
191,9,155,137,115,255
191,10,157,139,120,255
191,11,157,139,120,255
191,12,159,141,124,255
191,13,161,145,128,255
191,14,161,145,128,255
191,15,160,143,126,255
191,16,159,142,122,255
191,17,160,143,124,255
191,18,161,144,125,255
191,19,161,144,125,255
191,20,161,144,125,255
191,21,161,144,126,255
191,22,163,147,131,255
191,23,166,154,143,255
191,24,169,159,149,255
191,25,169,159,149,255
191,26,169,159,149,255
191,27,169,159,148,255
191,28,167,154,141,255
191,29,157,141,128,255
191,30,109,98,90,255
191,31,34,34,38,255
191,32,22,28,50,255
191,33,22,28,56,255
191,34,28,34,56,255
191,35,22,28,53,255
191,36,13,22,53,255
191,37,22,22,53,255
191,38,22,22,53,255
191,39,22,28,56,255
191,40,13,22,53,255
191,41,13,22,53,255
191,42,13,22,56,255
191,43,22,28,56,255
191,44,13,22,56,255
191,45,22,22,56,255
191,46,13,13,50,255
191,47,13,22,56,255
191,48,13,22,56,255
191,49,22,28,59,255
191,50,22,34,59,255
191,51,13,22,53,255
191,52,13,22,53,255
191,53,22,28,56,255
191,54,22,28,56,255
191,55,13,22,53,255
191,56,13,22,53,255
191,57,28,38,71,255
191,58,66,79,105,255
191,59,61,77,102,255
191,60,53,69,91,255
191,61,53,66,91,255
191,62,53,69,93,255
191,63,53,66,90,255
191,64,53,69,95,255
191,65,53,69,96,255
191,66,50,64,95,255
191,67,50,66,95,255
191,68,46,64,96,255
191,69,46,64,96,255
191,70,42,61,95,255
191,71,42,61,95,255
191,72,38,56,90,255
191,73,38,53,88,255
191,74,38,53,86,255
191,75,34,50,85,255
191,76,34,50,81,255
191,77,28,46,79,255
191,78,34,46,77,255
191,79,28,42,73,255
191,80,28,38,71,255
191,81,22,38,69,255
191,82,22,38,69,255
191,83,28,42,71,255
191,84,22,38,66,255
191,85,28,46,64,255
191,86,71,122,126,255
191,87,112,170,178,255
191,88,128,184,198,255
191,89,124,171,190,255
191,90,109,137,152,255
191,91,137,159,175,255
191,92,180,199,214,255
191,93,196,211,222,255
191,94,196,209,220,255
191,95,196,209,219,255
191,96,197,208,218,255
191,97,196,208,218,255
191,98,197,206,217,255
191,99,197,207,217,255
191,100,196,207,217,255
191,101,196,208,217,255
191,102,196,206,216,255
191,103,195,206,215,255
191,104,196,205,215,255
191,105,195,205,214,255
191,106,195,205,214,255
191,107,195,206,215,255
191,108,197,208,218,255
191,109,209,218,225,255
191,110,202,213,222,255
191,111,193,207,217,255
191,112,194,205,214,255
191,113,194,203,214,255
191,114,194,204,215,255
191,115,192,204,215,255
191,116,192,204,215,255
191,117,194,205,214,255
191,118,194,205,214,255
191,119,194,204,214,255
191,120,192,203,214,255
191,121,190,202,213,255
191,122,192,203,214,255
191,123,190,203,214,255
191,124,191,203,213,255
191,125,191,203,213,255
191,126,191,202,212,255
191,127,192,201,210,255
191,128,190,202,211,255
191,129,189,200,211,255
191,130,189,200,211,255
191,131,190,202,213,255
191,132,190,201,212,255
191,133,190,201,212,255
191,134,190,200,210,255
191,135,193,200,210,255
191,136,193,200,210,255
191,137,189,199,210,255
191,138,187,199,210,255
191,139,187,199,210,255
191,140,186,199,210,255
191,141,186,199,209,255
191,142,188,199,208,255
191,143,188,199,208,255
192,0,155,135,114,255
192,1,155,135,114,255
192,2,153,132,109,255
192,3,153,132,109,255
192,4,153,131,106,255
192,5,153,131,106,255
192,6,153,132,108,255
192,7,154,133,110,255
192,8,154,133,110,255
192,9,155,136,115,255
192,10,157,139,120,255
192,11,157,139,120,255
192,12,159,142,125,255
192,13,161,145,128,255
192,14,160,144,127,255
192,15,160,144,127,255
192,16,159,143,125,255
192,17,160,144,125,255
192,18,161,144,126,255
192,19,161,144,126,255
192,20,161,144,126,255
192,21,161,145,126,255
192,22,161,146,129,255
192,23,165,152,140,255
192,24,169,159,150,255
192,25,168,158,149,255
192,26,168,158,149,255
192,27,169,159,148,255
192,28,167,153,140,255
192,29,148,136,124,255
192,30,95,86,79,255
192,31,22,28,38,255
192,32,13,22,46,255
192,33,22,28,56,255
192,34,22,22,53,255
192,35,22,28,53,255
192,36,13,22,53,255
192,37,22,28,56,255
192,38,22,28,56,255
192,39,22,28,56,255
192,40,22,28,56,255
192,41,22,22,56,255
192,42,22,28,59,255
192,43,22,28,59,255
192,44,22,28,56,255
192,45,13,22,53,255
192,46,22,22,56,255
192,47,13,22,56,255
192,48,22,28,59,255
192,49,22,28,59,255
192,50,22,28,59,255
192,51,13,22,53,255
192,52,13,22,53,255
192,53,22,28,56,255
192,54,22,28,56,255
192,55,13,22,53,255
192,56,13,22,53,255
192,57,28,38,69,255
192,58,59,71,98,255
192,59,59,73,99,255
192,60,53,66,91,255
192,61,50,64,91,255
192,62,50,64,91,255
192,63,53,66,91,255
192,64,56,71,96,255
192,65,56,71,98,255
192,66,46,64,95,255
192,67,46,64,95,255
192,68,46,64,95,255
192,69,46,64,95,255
192,70,42,61,95,255
192,71,38,59,91,255
192,72,42,59,91,255
192,73,38,56,90,255
192,74,38,56,88,255
192,75,38,53,86,255
192,76,38,53,85,255
192,77,34,50,81,255
192,78,34,46,79,255
192,79,28,42,75,255
192,80,22,38,71,255
192,81,22,34,69,255
192,82,28,42,71,255
192,83,22,38,69,255
192,84,28,42,71,255
192,85,28,38,64,255
192,86,66,117,120,255
192,87,112,170,178,255
192,88,128,184,198,255
192,89,122,172,190,255
192,90,112,141,160,255
192,91,79,112,138,255
192,92,174,192,208,255
192,93,196,210,222,255
192,94,196,209,220,255
192,95,196,209,219,255
192,96,197,208,218,255
192,97,197,208,218,255
192,98,197,207,217,255
192,99,197,207,216,255
192,100,196,208,217,255
192,101,197,208,217,255
192,102,196,206,216,255
192,103,196,206,216,255
192,104,196,205,215,255
192,105,196,205,214,255
192,106,196,205,214,255
192,107,195,206,215,255
192,108,197,208,218,255
192,109,206,215,223,255
192,110,203,213,222,255
192,111,194,208,218,255
192,112,194,205,215,255
192,113,196,204,214,255
192,114,195,205,215,255
192,115,194,205,215,255
192,116,192,204,215,255
192,117,193,204,214,255
192,118,193,204,214,255
192,119,195,205,214,255
192,120,193,204,214,255
192,121,191,202,213,255
192,122,190,202,213,255
192,123,190,202,212,255
192,124,190,202,213,255
192,125,190,202,213,255
192,126,192,202,212,255
192,127,190,202,211,255
192,128,190,202,211,255
192,129,190,202,211,255
192,130,189,200,211,255
192,131,189,199,210,255
192,132,190,199,210,255
192,133,190,199,210,255
192,134,190,199,209,255
192,135,191,199,209,255
192,136,191,199,209,255
192,137,191,199,209,255
192,138,188,199,209,255
192,139,188,199,209,255
192,140,186,199,210,255
192,141,186,199,210,255
192,142,189,198,208,255
192,143,189,198,208,255
193,0,153,134,113,255
193,1,153,134,113,255
193,2,153,131,108,255
193,3,153,131,108,255
193,4,153,131,106,255
193,5,153,131,106,255
193,6,153,132,108,255
193,7,154,134,112,255
193,8,154,134,112,255
193,9,155,137,115,255
193,10,157,140,121,255
193,11,157,140,121,255
193,12,159,143,127,255
193,13,160,145,129,255
193,14,160,144,127,255
193,15,160,144,127,255
193,16,160,143,126,255
193,17,160,143,126,255
193,18,160,145,127,255
193,19,160,145,127,255
193,20,163,146,129,255
193,21,162,146,129,255
193,22,163,146,128,255
193,23,163,148,135,255
193,24,167,156,148,255
193,25,168,158,148,255
193,26,168,158,148,255
193,27,167,156,146,255
193,28,167,153,140,255
193,29,138,126,114,255
193,30,71,66,66,255
193,31,22,22,34,255
193,32,22,28,53,255
193,33,28,28,56,255
193,34,22,28,53,255
193,35,13,22,53,255
193,36,22,22,56,255
193,37,13,22,56,255
193,38,13,22,56,255
193,39,28,28,59,255
193,40,22,28,59,255
193,41,22,28,56,255
193,42,22,28,59,255
193,43,28,34,59,255
193,44,22,28,56,255
193,45,22,22,53,255
193,46,22,22,53,255
193,47,22,22,59,255
193,48,22,28,59,255
193,49,22,28,59,255
193,50,13,22,53,255
193,51,13,22,53,255
193,52,22,28,56,255
193,53,22,28,56,255
193,54,22,28,56,255
193,55,22,28,56,255
193,56,22,28,56,255
193,57,28,38,69,255
193,58,59,71,98,255
193,59,59,73,99,255
193,60,53,66,91,255
193,61,53,64,91,255
193,62,50,61,90,255
193,63,50,64,90,255
193,64,56,71,96,255
193,65,56,71,98,255
193,66,50,64,95,255
193,67,46,64,95,255
193,68,46,64,96,255
193,69,42,64,95,255
193,70,42,61,95,255
193,71,38,59,91,255
193,72,42,59,91,255
193,73,38,56,90,255
193,74,34,53,88,255
193,75,38,56,88,255
193,76,34,53,86,255
193,77,28,46,79,255
193,78,34,46,79,255
193,79,28,42,73,255
193,80,22,34,69,255
193,81,22,38,69,255
193,82,22,34,66,255
193,83,22,38,69,255
193,84,28,42,71,255
193,85,28,38,64,255
193,86,66,117,120,255
193,87,109,168,175,255
193,88,128,187,199,255
193,89,130,182,199,255
193,90,114,148,167,255
193,91,126,142,154,255
193,92,170,189,205,255
193,93,194,209,221,255
193,94,196,209,220,255
193,95,196,209,219,255
193,96,196,208,218,255
193,97,197,208,218,255
193,98,196,207,217,255
193,99,197,207,217,255
193,100,195,207,217,255
193,101,194,206,217,255
193,102,195,205,216,255
193,103,195,205,215,255
193,104,196,206,216,255
193,105,196,206,215,255
193,106,196,206,215,255
193,107,193,206,215,255
193,108,194,206,217,255
193,109,203,212,221,255
193,110,205,214,222,255
193,111,194,208,218,255
193,112,194,205,215,255
193,113,196,204,214,255
193,114,192,205,215,255
193,115,194,205,215,255
193,116,192,203,214,255
193,117,194,204,214,255
193,118,194,204,214,255
193,119,193,205,214,255
193,120,194,205,215,255
193,121,191,203,214,255
193,122,190,202,213,255
193,123,191,202,212,255
193,124,190,202,212,255
193,125,190,202,212,255
193,126,192,202,213,255
193,127,190,202,212,255
193,128,190,202,211,255
193,129,190,202,211,255
193,130,189,201,211,255
193,131,189,200,210,255
193,132,189,200,210,255
193,133,189,200,210,255
193,134,190,199,210,255
193,135,189,198,208,255
193,136,189,198,208,255
193,137,188,197,208,255
193,138,188,199,209,255
193,139,188,199,209,255
193,140,186,200,210,255
193,141,186,200,210,255
193,142,186,198,208,255
193,143,186,198,208,255
194,0,153,133,112,255
194,1,153,133,112,255
194,2,152,131,108,255
194,3,152,131,108,255
194,4,152,131,106,255
194,5,153,132,108,255
194,6,153,132,108,255
194,7,154,133,110,255
194,8,154,133,110,255
194,9,155,137,118,255
194,10,159,141,124,255
194,11,159,141,124,255
194,12,158,143,128,255
194,13,160,146,131,255
194,14,160,146,129,255
194,15,160,146,129,255
194,16,160,143,126,255
194,17,160,144,127,255
194,18,160,145,128,255
194,19,162,147,131,255
194,20,162,147,131,255
194,21,163,148,132,255
194,22,162,147,130,255
194,23,163,147,131,255
194,24,164,152,140,255
194,25,167,155,145,255
194,26,167,155,145,255
194,27,167,156,145,255
194,28,165,152,139,255
194,29,138,126,114,255
194,30,71,66,66,255
194,31,28,28,38,255
194,32,28,28,53,255
194,33,22,28,53,255
194,34,22,28,53,255
194,35,13,22,53,255
194,36,22,28,59,255
194,37,22,28,59,255
194,38,22,28,59,255
194,39,22,28,59,255
194,40,13,22,56,255
194,41,22,28,59,255
194,42,22,28,59,255
194,43,28,34,59,255
194,44,22,28,56,255
194,45,22,28,56,255
194,46,22,28,56,255
194,47,22,28,59,255
194,48,22,28,59,255
194,49,22,28,59,255
194,50,28,28,56,255
194,51,22,28,53,255
194,52,22,22,53,255
194,53,28,28,56,255
194,54,22,28,56,255
194,55,22,28,56,255
194,56,22,28,56,255
194,57,28,38,69,255
194,58,53,66,91,255
194,59,59,71,98,255
194,60,53,66,91,255
194,61,53,64,91,255
194,62,50,61,90,255
194,63,46,61,88,255
194,64,56,71,96,255
194,65,53,71,96,255
194,66,50,66,95,255
194,67,46,61,93,255
194,68,46,64,96,255
194,69,46,64,96,255
194,70,42,59,93,255
194,71,38,59,91,255
194,72,42,59,91,255
194,73,38,56,90,255
194,74,38,56,88,255
194,75,38,56,90,255
194,76,34,53,85,255
194,77,34,50,81,255
194,78,28,46,79,255
194,79,28,38,73,255
194,80,22,34,69,255
194,81,22,38,69,255
194,82,22,34,66,255
194,83,22,38,69,255
194,84,22,38,69,255
194,85,28,38,64,255
194,86,59,108,112,255
194,87,106,166,172,255
194,88,129,189,200,255
194,89,140,187,204,255
194,90,118,155,174,255
194,91,121,147,165,255
194,92,166,185,201,255
194,93,192,207,220,255
194,94,195,208,219,255
194,95,196,209,218,255
194,96,195,208,217,255
194,97,196,207,217,255
194,98,197,206,217,255
194,99,195,206,217,255
194,100,196,207,217,255
194,101,196,207,217,255
194,102,195,205,215,255
194,103,196,204,214,255
194,104,196,205,215,255
194,105,194,205,215,255
194,106,194,205,215,255
194,107,194,206,215,255
194,108,194,206,217,255
194,109,203,212,221,255
194,110,209,216,223,255
194,111,195,208,219,255
194,112,192,206,216,255
194,113,196,204,214,255
194,114,192,205,215,255
194,115,194,205,215,255
194,116,193,204,215,255
194,117,192,205,215,255
194,118,192,205,215,255
194,119,192,205,215,255
194,120,193,205,215,255
194,121,191,203,214,255
194,122,192,202,213,255
194,123,190,202,213,255
194,124,190,202,213,255
194,125,190,201,211,255
194,126,190,201,212,255
194,127,190,202,212,255
194,128,190,202,211,255
194,129,190,202,211,255
194,130,189,200,210,255
194,131,190,199,210,255
194,132,189,200,210,255
194,133,189,200,210,255
194,134,190,199,210,255
194,135,189,198,208,255
194,136,189,198,208,255
194,137,188,197,208,255
194,138,188,197,208,255
194,139,187,197,208,255
194,140,189,199,209,255
194,141,189,199,209,255
194,142,189,200,210,255
194,143,189,200,210,255
195,0,154,134,112,255
195,1,154,134,112,255
195,2,153,132,109,255
195,3,153,132,109,255
195,4,152,132,108,255
195,5,153,132,108,255
195,6,153,132,108,255
195,7,154,133,110,255
195,8,155,135,114,255
195,9,156,138,119,255
195,10,158,142,126,255
195,11,158,142,126,255
195,12,160,145,131,255
195,13,162,148,134,255
195,14,161,146,131,255
195,15,161,146,131,255
195,16,160,144,127,255
195,17,160,144,127,255
195,18,160,146,129,255
195,19,162,147,132,255
195,20,162,147,132,255
195,21,163,148,133,255
195,22,163,148,132,255
195,23,163,147,130,255
195,24,163,148,133,255
195,25,164,152,140,255
195,26,164,152,140,255
195,27,167,155,144,255
195,28,164,150,137,255
195,29,127,115,104,255
195,30,53,53,53,255
195,31,28,28,38,255
195,32,22,28,53,255
195,33,34,34,53,255
195,34,22,28,53,255
195,35,22,22,53,255
195,36,22,22,59,255
195,37,22,28,59,255
195,38,22,22,59,255
195,39,22,22,59,255
195,40,13,22,56,255
195,41,13,22,56,255
195,42,22,28,56,255
195,43,22,28,56,255
195,44,22,34,59,255
195,45,22,28,56,255
195,46,22,22,56,255
195,47,13,22,59,255
195,48,22,28,59,255
195,49,22,28,59,255
195,50,22,28,56,255
195,51,13,22,53,255
195,52,22,22,53,255
195,53,28,34,56,255
195,54,22,28,59,255
195,55,13,22,56,255
195,56,13,22,56,255
195,57,34,46,73,255
195,58,56,69,93,255
195,59,56,69,95,255
195,60,50,64,91,255
195,61,53,64,91,255
195,62,50,61,90,255
195,63,46,61,88,255
195,64,56,71,96,255
195,65,53,71,96,255
195,66,50,66,95,255
195,67,46,61,93,255
195,68,46,64,96,255
195,69,46,64,96,255
195,70,42,59,93,255
195,71,38,56,91,255
195,72,38,56,90,255
195,73,38,56,90,255
195,74,38,56,88,255
195,75,38,56,90,255
195,76,34,53,85,255
195,77,34,50,81,255
195,78,28,46,79,255
195,79,28,38,73,255
195,80,22,34,69,255
195,81,22,34,66,255
195,82,22,38,69,255
195,83,22,38,66,255
195,84,22,38,69,255
195,85,34,42,64,255
195,86,56,102,106,255
195,87,104,163,169,255
195,88,130,189,200,255
195,89,138,188,205,255
195,90,120,157,178,255
195,91,112,138,159,255
195,92,163,181,197,255
195,93,191,206,218,255
195,94,194,208,219,255
195,95,195,208,218,255
195,96,195,208,217,255
195,97,195,208,217,255
195,98,196,206,216,255
195,99,195,206,217,255
195,100,195,208,217,255
195,101,195,208,217,255
195,102,196,205,215,255
195,103,196,204,214,255
195,104,196,205,214,255
195,105,196,205,214,255
195,106,194,205,214,255
195,107,196,205,215,255
195,108,194,205,217,255
195,109,201,211,221,255
195,110,212,219,226,255
195,111,196,209,220,255
195,112,192,206,216,255
195,113,194,203,214,255
195,114,192,204,214,255
195,115,192,205,215,255
195,116,193,203,214,255
195,117,193,203,214,255
195,118,193,203,214,255
195,119,192,204,214,255
195,120,191,204,214,255
195,121,192,203,214,255
195,122,192,203,213,255
195,123,190,201,211,255
195,124,190,201,211,255
195,125,189,200,211,255
195,126,190,201,212,255
195,127,190,202,213,255
195,128,189,202,211,255
195,129,189,202,211,255
195,130,190,200,210,255
195,131,191,199,209,255
195,132,190,199,209,255
195,133,190,199,209,255
195,134,190,200,209,255
195,135,190,199,208,255
195,136,189,198,208,255
195,137,190,198,208,255
195,138,190,198,208,255
195,139,190,198,208,255
195,140,192,199,210,255
195,141,192,199,210,255
195,142,191,200,210,255
195,143,191,200,210,255
196,0,154,134,112,255
196,1,154,134,112,255
196,2,152,132,109,255
196,3,152,132,109,255
196,4,153,133,109,255
196,5,154,133,110,255
196,6,154,133,110,255
196,7,155,135,114,255
196,8,155,135,114,255
196,9,156,140,122,255
196,10,158,142,128,255
196,11,160,146,133,255
196,12,160,146,133,255
196,13,161,148,135,255
196,14,161,147,132,255
196,15,161,147,132,255
196,16,160,143,127,255
196,17,160,144,127,255
196,18,160,146,129,255
196,19,161,146,131,255
196,20,161,146,131,255
196,21,163,148,133,255
196,22,163,149,134,255
196,23,163,148,132,255
196,24,162,148,132,255
196,25,165,152,138,255
196,26,166,154,142,255
196,27,166,154,142,255
196,28,158,144,131,255
196,29,118,106,96,255
196,30,50,46,50,255
196,31,22,28,38,255
196,32,22,28,53,255
196,33,28,34,53,255
196,34,28,28,53,255
196,35,22,22,56,255
196,36,22,28,59,255
196,37,22,28,59,255
196,38,13,13,56,255
196,39,13,13,56,255
196,40,13,22,56,255
196,41,22,28,56,255
196,42,22,28,56,255
196,43,22,28,56,255
196,44,13,22,53,255
196,45,22,28,56,255
196,46,22,22,56,255
196,47,22,28,59,255
196,48,22,28,59,255
196,49,22,28,56,255
196,50,22,28,56,255
196,51,13,22,53,255
196,52,13,22,53,255
196,53,22,28,53,255
196,54,22,28,56,255
196,55,13,22,53,255
196,56,13,28,56,255
196,57,42,53,79,255
196,58,59,71,96,255
196,59,56,69,96,255
196,60,53,66,91,255
196,61,50,64,91,255
196,62,50,64,90,255
196,63,50,64,90,255
196,64,56,71,96,255
196,65,56,71,98,255
196,66,50,66,95,255
196,67,46,61,93,255
196,68,46,61,93,255
196,69,42,61,93,255
196,70,38,59,91,255
196,71,38,56,91,255
196,72,38,56,90,255
196,73,38,53,88,255
196,74,38,53,88,255
196,75,38,56,90,255
196,76,34,53,86,255
196,77,34,46,81,255
196,78,28,42,77,255
196,79,22,38,71,255
196,80,22,34,66,255
196,81,22,34,66,255
196,82,28,38,66,255
196,83,22,34,66,255
196,84,22,38,69,255
196,85,28,38,64,255
196,86,53,96,102,255
196,87,101,160,167,255
196,88,128,187,199,255
196,89,140,190,206,255
196,90,124,160,180,255
196,91,73,105,130,255
196,92,143,164,182,255
196,93,189,203,216,255
196,94,194,208,219,255
196,95,195,208,218,255
196,96,194,208,217,255
196,97,196,207,217,255
196,98,194,206,216,255
196,99,196,206,217,255
196,100,196,207,217,255
196,101,196,207,217,255
196,102,196,205,215,255
196,103,195,204,213,255
196,104,197,205,214,255
196,105,197,205,214,255
196,106,195,204,214,255
196,107,194,205,215,255
196,108,192,205,216,255
196,109,200,210,220,255
196,110,213,220,226,255
196,111,196,209,220,255
196,112,191,206,217,255
196,113,190,203,214,255
196,114,191,203,213,255
196,115,192,204,214,255
196,116,191,202,213,255
196,117,191,202,213,255
196,118,192,202,212,255
196,119,192,203,213,255
196,120,191,203,213,255
196,121,192,203,214,255
196,122,190,202,213,255
196,123,192,201,210,255
196,124,192,201,210,255
196,125,189,200,211,255
196,126,192,202,213,255
196,127,192,202,213,255
196,128,189,202,211,255
196,129,189,202,211,255
196,130,190,200,210,255
196,131,192,200,209,255
196,132,192,200,209,255
196,133,189,199,208,255
196,134,189,200,209,255
196,135,190,199,208,255
196,136,190,199,208,255
196,137,192,199,209,255
196,138,192,199,209,255
196,139,191,199,209,255
196,140,192,199,210,255
196,141,192,199,210,255
196,142,192,200,210,255
196,143,191,200,210,255
197,0,154,134,112,255
197,1,152,132,109,255
197,2,152,132,109,255
197,3,154,134,113,255
197,4,154,134,113,255
197,5,155,135,114,255
197,6,155,135,114,255
197,7,155,137,117,255
197,8,156,140,122,255
197,9,156,140,122,255
197,10,158,142,128,255
197,11,160,147,135,255
197,12,160,147,135,255
197,13,162,148,136,255
197,14,161,146,131,255
197,15,161,146,131,255
197,16,160,143,126,255
197,17,160,144,127,255
197,18,160,145,128,255
197,19,161,146,131,255
197,20,162,148,132,255
197,21,163,148,134,255
197,22,163,149,136,255
197,23,163,150,135,255
197,24,163,149,134,255
197,25,164,151,138,255
197,26,167,155,143,255
197,27,167,155,143,255
197,28,155,140,128,255
197,29,109,99,88,255
197,30,46,42,46,255
197,31,22,22,42,255
197,32,22,28,53,255
197,33,28,34,53,255
197,34,28,28,53,255
197,35,13,22,53,255
197,36,13,22,53,255
197,37,13,22,56,255
197,38,13,22,56,255
197,39,13,22,56,255
197,40,13,22,56,255
197,41,13,22,53,255
197,42,22,28,56,255
197,43,22,28,53,255
197,44,22,28,53,255
197,45,22,28,53,255
197,46,13,22,53,255
197,47,22,28,61,255
197,48,28,34,59,255
197,49,28,34,56,255
197,50,13,22,53,255
197,51,22,22,53,255
197,52,22,28,53,255
197,53,13,22,53,255
197,54,22,28,56,255
197,55,13,22,56,255
197,56,22,28,61,255
197,57,50,61,88,255
197,58,66,77,102,255
197,59,56,69,96,255
197,60,53,66,91,255
197,61,53,66,93,255
197,62,53,64,91,255
197,63,50,64,90,255
197,64,56,69,96,255
197,65,56,71,98,255
197,66,50,66,93,255
197,67,46,64,91,255
197,68,46,61,91,255
197,69,42,61,91,255
197,70,42,59,91,255
197,71,42,59,91,255
197,72,42,59,91,255
197,73,38,56,88,255
197,74,38,53,86,255
197,75,38,56,90,255
197,76,34,53,86,255
197,77,34,50,83,255
197,78,28,42,77,255
197,79,28,42,73,255
197,80,22,38,69,255
197,81,22,34,64,255
197,82,22,34,64,255
197,83,22,34,64,255
197,84,28,38,66,255
197,85,28,38,64,255
197,86,46,91,98,255
197,87,99,156,163,255
197,88,127,186,196,255
197,89,135,189,206,255
197,90,132,170,189,255
197,91,75,101,120,255
197,92,128,148,165,255
197,93,184,200,214,255
197,94,194,208,219,255
197,95,194,208,217,255
197,96,195,208,217,255
197,97,196,206,217,255
197,98,194,205,215,255
197,99,196,205,216,255
197,100,194,206,216,255
197,101,194,206,216,255
197,102,194,205,215,255
197,103,194,205,214,255
197,104,194,204,213,255
197,105,194,204,213,255
197,106,194,205,214,255
197,107,194,205,215,255
197,108,195,205,215,255
197,109,200,210,220,255
197,110,213,220,226,255
197,111,201,213,222,255
197,112,192,206,217,255
197,113,190,204,214,255
197,114,191,202,213,255
197,115,190,202,213,255
197,116,191,200,212,255
197,117,191,200,212,255
197,118,192,201,211,255
197,119,192,202,213,255
197,120,191,202,213,255
197,121,192,202,213,255
197,122,190,201,212,255
197,123,191,201,210,255
197,124,192,201,210,255
197,125,189,200,211,255
197,126,192,202,213,255
197,127,191,203,213,255
197,128,190,202,213,255
197,129,190,202,213,255
197,130,190,201,211,255
197,131,191,200,210,255
197,132,191,200,210,255
197,133,189,199,208,255
197,134,189,200,209,255
197,135,189,200,209,255
197,136,190,200,209,255
197,137,189,199,208,255
197,138,189,199,208,255
197,139,190,199,209,255
197,140,190,199,209,255
197,141,192,199,210,255
197,142,192,199,210,255
197,143,192,200,210,255
198,0,154,135,114,255
198,1,154,133,112,255
198,2,154,133,112,255
198,3,154,134,113,255
198,4,154,135,114,255
198,5,155,137,118,255
198,6,155,137,118,255
198,7,157,140,122,255
198,8,157,142,127,255
198,9,157,142,127,255
198,10,160,145,131,255
198,11,160,147,135,255
198,12,160,148,137,255
198,13,162,148,135,255
198,14,160,145,129,255
198,15,159,143,126,255
198,16,159,143,126,255
198,17,160,143,126,255
198,18,160,145,128,255
198,19,162,148,132,255
198,20,162,148,132,255
198,21,163,148,134,255
198,22,164,151,138,255
198,23,164,151,138,255
198,24,164,151,137,255
198,25,165,153,141,255
198,26,165,153,142,255
198,27,165,153,142,255
198,28,148,136,124,255
198,29,101,91,85,255
198,30,34,34,46,255
198,31,22,28,46,255
198,32,22,22,53,255
198,33,22,28,53,255
198,34,22,22,53,255
198,35,13,22,53,255
198,36,13,13,53,255
198,37,13,22,53,255
198,38,13,22,53,255
198,39,13,22,53,255
198,40,13,13,53,255
198,41,13,22,53,255
198,42,22,28,53,255
198,43,22,22,53,255
198,44,13,22,50,255
198,45,13,22,53,255
198,46,13,22,56,255
198,47,22,28,59,255
198,48,28,34,59,255
198,49,22,28,56,255
198,50,22,28,53,255
198,51,13,22,53,255
198,52,22,28,56,255
198,53,22,22,53,255
198,54,22,22,53,255
198,55,13,22,53,255
198,56,22,28,61,255
198,57,50,64,91,255
198,58,66,77,104,255
198,59,56,71,96,255
198,60,50,64,91,255
198,61,53,66,91,255
198,62,53,66,91,255
198,63,53,66,91,255
198,64,56,71,96,255
198,65,53,69,96,255
198,66,50,66,93,255
198,67,46,64,93,255
198,68,42,61,91,255
198,69,46,61,93,255
198,70,42,61,93,255
198,71,38,56,90,255
198,72,42,59,91,255
198,73,34,53,90,255
198,74,34,53,88,255
198,75,38,56,88,255
198,76,34,53,86,255
198,77,34,50,83,255
198,78,28,42,75,255
198,79,28,42,73,255
198,80,22,34,71,255
198,81,22,34,66,255
198,82,22,34,64,255
198,83,22,34,64,255
198,84,22,34,64,255
198,85,28,38,61,255
198,86,34,75,83,255
198,87,96,152,158,255
198,88,126,185,194,255
198,89,142,191,207,255
198,90,134,173,193,255
198,91,106,128,145,255
198,92,135,152,169,255
198,93,183,199,213,255
198,94,194,208,219,255
198,95,194,208,217,255
198,96,194,208,217,255
198,97,196,206,217,255
198,98,194,205,215,255
198,99,195,205,215,255
198,100,194,206,216,255
198,101,194,205,216,255
198,102,195,205,215,255
198,103,194,205,213,255
198,104,194,205,213,255
198,105,194,205,213,255
198,106,192,205,214,255
198,107,194,205,215,255
198,108,195,205,215,255
198,109,198,208,218,255
198,110,212,219,226,255
198,111,205,214,223,255
198,112,193,206,216,255
198,113,192,203,213,255
198,114,191,202,212,255
198,115,191,202,213,255
198,116,189,200,212,255
198,117,189,200,212,255
198,118,190,202,211,255
198,119,192,202,212,255
198,120,189,201,213,255
198,121,192,202,213,255
198,122,190,201,212,255
198,123,191,201,210,255
198,124,191,201,210,255
198,125,189,201,211,255
198,126,190,202,213,255
198,127,193,204,214,255
198,128,193,204,214,255
198,129,191,203,213,255
198,130,189,201,211,255
198,131,191,201,211,255
198,132,191,200,210,255
198,133,189,199,208,255
198,134,189,199,208,255
198,135,189,199,208,255
198,136,190,200,209,255
198,137,187,199,209,255
198,138,187,199,209,255
198,139,186,198,208,255
198,140,190,199,209,255
198,141,191,199,209,255
198,142,191,199,209,255
198,143,191,199,209,255
199,0,154,136,117,255
199,1,153,134,113,255
199,2,153,134,113,255
199,3,154,135,114,255
199,4,154,135,114,255
199,5,155,138,121,255
199,6,155,138,121,255
199,7,157,142,127,255
199,8,159,144,131,255
199,9,159,144,131,255
199,10,160,147,135,255
199,11,160,148,137,255
199,12,160,148,137,255
199,13,160,147,134,255
199,14,160,144,128,255
199,15,158,142,125,255
199,16,158,142,125,255
199,17,160,143,127,255
199,18,161,145,128,255
199,19,161,148,132,255
199,20,163,149,136,255
199,21,163,149,136,255
199,22,164,151,138,255
199,23,164,151,139,255
199,24,164,151,139,255
199,25,165,153,141,255
199,26,161,149,139,255
199,27,161,149,139,255
199,28,137,127,118,255
199,29,79,75,71,255
199,30,34,34,46,255
199,31,22,28,50,255
199,32,22,28,53,255
199,33,22,28,53,255
199,34,22,22,53,255
199,35,13,13,50,255
199,36,13,13,53,255
199,37,13,13,50,255
199,38,22,22,53,255
199,39,22,22,56,255
199,40,22,22,56,255
199,41,13,22,53,255
199,42,22,22,53,255
199,43,13,22,53,255
199,44,22,28,53,255
199,45,22,22,53,255
199,46,13,22,56,255
199,47,22,28,59,255
199,48,22,28,59,255
199,49,22,28,56,255
199,50,13,22,53,255
199,51,13,22,53,255
199,52,22,28,53,255
199,53,22,28,53,255
199,54,13,13,50,255
199,55,13,13,50,255
199,56,22,22,59,255
199,57,42,59,90,255
199,58,61,75,102,255
199,59,56,71,96,255
199,60,53,69,91,255
199,61,53,66,91,255
199,62,50,66,90,255
199,63,53,66,91,255
199,64,53,71,96,255
199,65,56,71,96,255
199,66,53,66,93,255
199,67,46,64,93,255
199,68,50,64,93,255
199,69,46,61,91,255
199,70,42,59,91,255
199,71,38,59,90,255
199,72,38,56,91,255
199,73,34,56,90,255
199,74,34,53,88,255
199,75,38,59,90,255
199,76,38,56,88,255
199,77,34,50,81,255
199,78,34,46,77,255
199,79,28,42,73,255
199,80,28,38,71,255
199,81,22,34,66,255
199,82,22,28,64,255
199,83,28,38,66,255
199,84,28,38,66,255
199,85,13,28,59,255
199,86,22,66,71,255
199,87,91,148,154,255
199,88,125,183,193,255
199,89,141,191,207,255
199,90,134,173,193,255
199,91,86,117,140,255
199,92,130,148,168,255
199,93,180,197,213,255
199,94,196,209,221,255
199,95,194,208,217,255
199,96,194,207,215,255
199,97,196,206,216,255
199,98,196,205,215,255
199,99,197,206,215,255
199,100,197,206,216,255
199,101,194,205,216,255
199,102,195,205,214,255
199,103,195,205,213,255
199,104,195,205,213,255
199,105,193,205,213,255
199,106,192,205,214,255
199,107,194,205,215,255
199,108,195,205,216,255
199,109,195,205,216,255
199,110,208,217,224,255
199,111,205,215,223,255
199,112,192,205,216,255
199,113,191,202,211,255
199,114,192,202,211,255
199,115,191,202,212,255
199,116,190,202,213,255
199,117,190,202,213,255
199,118,190,202,212,255
199,119,192,202,211,255
199,120,192,202,213,255
199,121,192,202,213,255
199,122,190,202,212,255
199,123,190,202,212,255
199,124,192,202,210,255
199,125,188,200,210,255
199,126,187,201,211,255
199,127,189,203,213,255
199,128,189,203,213,255
199,129,188,202,213,255
199,130,191,203,212,255
199,131,191,201,211,255
199,132,191,201,211,255
199,133,192,199,209,255
199,134,189,197,207,255
199,135,189,197,207,255
199,136,187,199,209,255
199,137,186,198,209,255
199,138,186,198,209,255
199,139,186,198,208,255
199,140,186,198,208,255
199,141,188,197,208,255
199,142,188,197,208,255
199,143,188,197,208,255
200,0,155,136,117,255
200,1,154,135,115,255
200,2,154,135,115,255
200,3,153,135,117,255
200,4,153,135,117,255
200,5,155,138,121,255
200,6,158,143,130,255
200,7,158,143,130,255
200,8,160,146,134,255
200,9,160,146,134,255
200,10,160,148,136,255
200,11,160,148,136,255
200,12,160,148,136,255
200,13,160,147,134,255
200,14,157,142,125,255
200,15,159,142,125,255
200,16,159,142,125,255
200,17,160,145,128,255
200,18,160,146,130,255
200,19,162,148,133,255
200,20,164,150,138,255
200,21,164,150,138,255
200,22,164,152,140,255
200,23,164,151,139,255
200,24,164,152,140,255
200,25,166,154,142,255
200,26,158,146,135,255
200,27,158,146,135,255
200,28,122,114,106,255
200,29,61,59,61,255
200,30,22,28,42,255
200,31,22,28,50,255
200,32,22,22,53,255
200,33,22,22,50,255
200,34,13,22,50,255
200,35,13,22,50,255
200,36,13,22,50,255
200,37,13,13,50,255
200,38,22,22,53,255
200,39,13,22,53,255
200,40,13,22,53,255
200,41,22,22,53,255
200,42,13,22,50,255
200,43,22,22,53,255
200,44,22,28,53,255
200,45,13,22,53,255
200,46,13,22,56,255
200,47,28,34,59,255
200,48,22,28,56,255
200,49,22,28,53,255
200,50,13,22,53,255
200,51,13,22,50,255
200,52,13,22,53,255
200,53,22,22,50,255
200,54,13,22,50,255
200,55,13,22,50,255
200,56,13,22,56,255
200,57,38,53,85,255
200,58,61,75,101,255
200,59,56,71,95,255
200,60,53,66,91,255
200,61,53,66,91,255
200,62,50,66,90,255
200,63,50,66,90,255
200,64,53,69,95,255
200,65,53,71,96,255
200,66,50,66,95,255
200,67,46,61,91,255
200,68,46,61,93,255
200,69,46,61,91,255
200,70,46,61,93,255
200,71,38,59,90,255
200,72,38,56,91,255
200,73,38,56,90,255
200,74,38,56,90,255
200,75,38,56,90,255
200,76,38,56,88,255
200,77,34,50,83,255
200,78,28,46,77,255
200,79,28,38,73,255
200,80,28,38,71,255
200,81,22,34,69,255
200,82,22,34,64,255
200,83,22,34,66,255
200,84,22,38,66,255
200,85,22,34,61,255
200,86,28,66,71,255
200,87,90,146,150,255
200,88,124,182,190,255
200,89,133,191,206,255
200,90,130,175,194,255
200,91,81,109,129,255
200,92,125,143,161,255
200,93,176,195,211,255
200,94,194,210,222,255
200,95,196,208,218,255
200,96,196,207,216,255
200,97,195,206,215,255
200,98,195,205,214,255
200,99,196,205,215,255
200,100,197,206,215,255
200,101,194,206,216,255
200,102,194,205,214,255
200,103,195,206,214,255
200,104,195,206,214,255
200,105,193,205,213,255
200,106,192,205,214,255
200,107,193,205,215,255
200,108,193,205,215,255
200,109,192,204,215,255
200,110,208,215,223,255
200,111,214,220,226,255
200,112,195,208,218,255
200,113,191,202,211,255
200,114,192,201,211,255
200,115,190,200,211,255
200,116,190,202,213,255
200,117,190,202,213,255
200,118,192,202,213,255
200,119,193,202,212,255
200,120,192,202,213,255
200,121,192,202,213,255
200,122,189,202,212,255
200,123,189,202,212,255
200,124,190,201,211,255
200,125,190,201,211,255
200,126,187,202,211,255
200,127,188,202,212,255
200,128,188,202,212,255
200,129,188,202,211,255
200,130,191,203,212,255
200,131,190,202,211,255
200,132,190,202,211,255
200,133,190,199,209,255
200,134,188,198,208,255
200,135,188,198,208,255
200,136,186,198,209,255
200,137,186,198,209,255
200,138,186,198,209,255
200,139,186,198,208,255
200,140,186,198,208,255
200,141,189,198,208,255
200,142,189,198,208,255
200,143,184,197,209,255
201,0,155,136,117,255
201,1,153,135,115,255
201,2,153,135,115,255
201,3,155,136,118,255
201,4,155,136,118,255
201,5,156,139,124,255
201,6,158,143,130,255
201,7,158,143,130,255
201,8,160,147,135,255
201,9,160,147,135,255
201,10,160,146,134,255
201,11,159,145,132,255
201,12,159,145,130,255
201,13,159,145,130,255
201,14,157,142,125,255
201,15,159,142,125,255
201,16,159,142,125,255
201,17,160,145,129,255
201,18,161,147,132,255
201,19,162,148,135,255
201,20,163,151,140,255
201,21,163,151,140,255
201,22,165,152,141,255
201,23,164,152,140,255
201,24,164,152,140,255
201,25,166,154,142,255
201,26,153,142,131,255
201,27,114,105,98,255
201,28,114,105,98,255
201,29,53,50,50,255
201,30,13,22,38,255
201,31,13,22,50,255
201,32,28,28,53,255
201,33,13,22,50,255
201,34,13,22,50,255
201,35,13,22,50,255
201,36,13,22,50,255
201,37,13,22,50,255
201,38,13,22,53,255
201,39,13,22,53,255
201,40,22,28,53,255
201,41,28,28,53,255
201,42,22,28,53,255
201,43,22,28,53,255
201,44,13,22,53,255
201,45,13,22,53,255
201,46,13,22,56,255
201,47,22,28,59,255
201,48,22,28,56,255
201,49,22,28,53,255
201,50,13,22,53,255
201,51,13,22,50,255
201,52,13,22,50,255
201,53,13,22,50,255
201,54,13,22,50,255
201,55,13,13,50,255
201,56,22,28,59,255
201,57,38,53,83,255
201,58,59,73,99,255
201,59,53,69,93,255
201,60,53,66,91,255
201,61,53,66,91,255
201,62,50,66,90,255
201,63,53,66,90,255
201,64,56,71,95,255
201,65,50,66,93,255
201,66,46,64,93,255
201,67,42,61,91,255
201,68,46,64,93,255
201,69,42,61,91,255
201,70,42,61,91,255
201,71,38,59,91,255
201,72,38,56,90,255
201,73,34,53,88,255
201,74,38,56,90,255
201,75,38,59,91,255
201,76,38,59,90,255
201,77,34,53,83,255
201,78,34,46,79,255
201,79,28,46,75,255
201,80,28,38,71,255
201,81,22,38,69,255
201,82,22,34,66,255
201,83,22,34,66,255
201,84,22,38,66,255
201,85,22,38,66,255
201,86,22,53,64,255
201,87,83,138,143,255
201,88,120,180,187,255
201,89,132,190,205,255
201,90,130,175,195,255
201,91,104,129,147,255
201,92,79,106,130,255
201,93,170,189,206,255
201,94,194,209,221,255
201,95,195,208,218,255
201,96,194,206,216,255
201,97,195,206,215,255
201,98,195,205,214,255
201,99,196,206,215,255
201,100,195,205,215,255
201,101,195,206,216,255
201,102,194,206,214,255
201,103,194,206,214,255
201,104,195,206,214,255
201,105,193,204,213,255
201,106,193,205,214,255
201,107,194,204,215,255
201,108,193,204,215,255
201,109,192,204,214,255
201,110,205,214,222,255
201,111,214,221,228,255
201,112,196,208,219,255
201,113,190,202,212,255
201,114,192,201,211,255
201,115,190,200,211,255
201,116,190,200,211,255
201,117,190,203,213,255
201,118,192,202,213,255
201,119,193,202,212,255
201,120,193,203,213,255
201,121,193,203,214,255
201,122,193,203,213,255
201,123,193,203,213,255
201,124,191,202,212,255
201,125,190,202,212,255
201,126,189,202,212,255
201,127,189,202,212,255
201,128,188,202,212,255
201,129,188,202,211,255
201,130,187,201,211,255
201,131,187,201,211,255
201,132,189,200,210,255
201,133,189,199,209,255
201,134,191,199,208,255
201,135,191,199,208,255
201,136,186,198,209,255
201,137,186,198,209,255
201,138,186,197,209,255
201,139,189,199,210,255
201,140,189,199,210,255
201,141,189,198,209,255
201,142,189,198,209,255
201,143,184,197,209,255
202,0,155,137,119,255
202,1,153,135,115,255
202,2,153,135,117,255
202,3,154,136,119,255
202,4,156,140,126,255
202,5,156,140,126,255
202,6,158,144,132,255
202,7,158,144,132,255
202,8,160,147,135,255
202,9,158,144,130,255
202,10,158,144,130,255
202,11,158,142,127,255
202,12,157,141,125,255
202,13,157,141,125,255
202,14,157,140,122,255
202,15,159,142,125,255
202,16,159,142,125,255
202,17,160,145,129,255
202,18,162,148,134,255
202,19,163,151,140,255
202,20,167,155,144,255
202,21,167,155,144,255
202,22,166,155,145,255
202,23,165,153,141,255
202,24,165,152,141,255
202,25,165,153,142,255
202,26,153,142,131,255
202,27,105,96,90,255
202,28,105,96,90,255
202,29,46,46,50,255
202,30,22,22,42,255
202,31,22,28,53,255
202,32,28,34,53,255
202,33,28,28,53,255
202,34,13,22,50,255
202,35,13,22,50,255
202,36,22,22,53,255
202,37,13,22,50,255
202,38,13,22,53,255
202,39,22,28,53,255
202,40,22,28,53,255
202,41,28,28,53,255
202,42,22,28,53,255
202,43,22,28,56,255
202,44,22,22,53,255
202,45,13,22,53,255
202,46,22,28,59,255
202,47,28,34,59,255
202,48,28,34,59,255
202,49,28,28,56,255
202,50,22,28,53,255
202,51,13,22,53,255
202,52,22,28,53,255
202,53,22,28,53,255
202,54,13,22,50,255
202,55,22,22,53,255
202,56,22,28,61,255
202,57,42,53,86,255
202,58,56,71,96,255
202,59,53,66,91,255
202,60,50,66,91,255
202,61,50,64,90,255
202,62,50,66,90,255
202,63,50,66,91,255
202,64,50,69,95,255
202,65,50,66,93,255
202,66,42,59,90,255
202,67,42,59,90,255
202,68,38,59,91,255
202,69,42,61,93,255
202,70,38,59,93,255
202,71,38,56,90,255
202,72,38,56,90,255
202,73,38,56,88,255
202,74,38,56,90,255
202,75,38,59,90,255
202,76,42,61,91,255
202,77,38,56,85,255
202,78,28,50,79,255
202,79,28,46,75,255
202,80,28,42,73,255
202,81,28,38,69,255
202,82,22,34,66,255
202,83,22,38,66,255
202,84,22,38,66,255
202,85,22,38,66,255
202,86,28,50,64,255
202,87,79,133,136,255
202,88,118,178,184,255
202,89,130,189,203,255
202,90,130,176,196,255
202,91,106,138,159,255
202,92,75,90,105,255
202,93,167,185,201,255
202,94,193,208,221,255
202,95,195,207,218,255
202,96,194,205,216,255
202,97,193,205,215,255
202,98,195,205,215,255
202,99,196,206,215,255
202,100,194,205,215,255
202,101,195,207,216,255
202,102,194,206,214,255
202,103,194,206,214,255
202,104,194,206,214,255
202,105,192,204,213,255
202,106,193,204,214,255
202,107,192,204,215,255
202,108,196,204,215,255
202,109,194,204,215,255
202,110,200,211,220,255
202,111,213,220,227,255
202,112,196,209,220,255
202,113,190,202,213,255
202,114,192,202,212,255
202,115,192,201,211,255
202,116,192,201,211,255
202,117,190,203,213,255
202,118,193,203,212,255
202,119,194,203,213,255
202,120,193,203,214,255
202,121,190,202,213,255
202,122,191,202,213,255
202,123,191,202,213,255
202,124,191,201,212,255
202,125,189,201,212,255
202,126,188,202,213,255
202,127,189,202,212,255
202,128,189,202,212,255
202,129,186,201,211,255
202,130,185,200,210,255
202,131,185,200,210,255
202,132,187,200,210,255
202,133,187,200,210,255
202,134,187,200,210,255
202,135,191,199,208,255
202,136,189,199,209,255
202,137,189,199,209,255
202,138,189,199,209,255
202,139,189,199,209,255
202,140,190,199,210,255
202,141,189,198,209,255
202,142,189,198,209,255
202,143,185,198,210,255
203,0,153,135,117,255
203,1,153,135,117,255
203,2,154,136,119,255
203,3,155,138,121,255
203,4,156,141,126,255
203,5,156,141,126,255
203,6,158,144,131,255
203,7,158,144,131,255
203,8,160,146,133,255
203,9,158,144,130,255
203,10,158,142,127,255
203,11,157,141,124,255
203,12,156,139,120,255
203,13,156,139,120,255
203,14,157,139,120,255
203,15,157,141,124,255
203,16,160,145,129,255
203,17,160,145,129,255
203,18,162,149,137,255
203,19,166,155,146,255
203,20,168,160,152,255
203,21,168,160,152,255
203,22,169,160,151,255
203,23,167,155,145,255
203,24,165,152,141,255
203,25,165,152,141,255
203,26,151,138,128,255
203,27,105,96,90,255
203,28,85,81,79,255
203,29,34,38,46,255
203,30,28,28,46,255
203,31,22,28,53,255
203,32,28,34,53,255
203,33,22,28,50,255
203,34,22,22,53,255
203,35,22,22,53,255
203,36,22,28,56,255
203,37,22,22,53,255
203,38,22,28,53,255
203,39,22,28,53,255
203,40,22,28,53,255
203,41,22,28,53,255
203,42,22,28,53,255
203,43,22,28,56,255
203,44,28,34,59,255
203,45,28,28,59,255
203,46,28,28,59,255
203,47,22,28,59,255
203,48,28,34,59,255
203,49,28,34,56,255
203,50,22,28,56,255
203,51,22,28,56,255
203,52,28,34,59,255
203,53,28,34,56,255
203,54,28,28,56,255
203,55,22,28,56,255
203,56,22,34,66,255
203,57,46,61,91,255
203,58,53,69,96,255
203,59,50,64,90,255
203,60,46,64,88,255
203,61,42,61,88,255
203,62,46,61,88,255
203,63,50,66,91,255
203,64,46,66,95,255
203,65,46,64,93,255
203,66,42,59,90,255
203,67,42,59,91,255
203,68,42,59,91,255
203,69,42,61,93,255
203,70,42,59,91,255
203,71,38,59,90,255
203,72,38,56,88,255
203,73,38,56,88,255
203,74,38,56,88,255
203,75,38,59,90,255
203,76,38,59,90,255
203,77,38,56,86,255
203,78,34,50,81,255
203,79,34,46,77,255
203,80,28,42,73,255
203,81,22,38,69,255
203,82,28,38,69,255
203,83,22,38,66,255
203,84,22,34,64,255
203,85,22,38,66,255
203,86,28,46,61,255
203,87,77,130,132,255
203,88,118,175,183,255
203,89,129,186,200,255
203,90,127,175,194,255
203,91,106,141,161,255
203,92,71,88,105,255
203,93,165,183,199,255
203,94,192,207,220,255
203,95,194,206,218,255
203,96,193,205,215,255
203,97,194,205,214,255
203,98,194,205,214,255
203,99,196,206,214,255
203,100,196,206,216,255
203,101,195,207,216,255
203,102,193,206,215,255
203,103,193,206,215,255
203,104,194,206,214,255
203,105,192,204,213,255
203,106,191,203,214,255
203,107,191,203,215,255
203,108,194,204,215,255
203,109,192,204,215,255
203,110,196,208,218,255
203,111,214,221,227,255
203,112,200,211,221,255
203,113,190,203,214,255
203,114,190,202,212,255
203,115,191,201,211,255
203,116,192,201,211,255
203,117,192,203,212,255
203,118,193,203,212,255
203,119,193,202,212,255
203,120,191,202,211,255
203,121,190,201,212,255
203,122,188,200,211,255
203,123,188,200,211,255
203,124,189,200,211,255
203,125,189,200,212,255
203,126,188,202,213,255
203,127,188,202,213,255
203,128,189,201,212,255
203,129,186,200,211,255
203,130,186,200,211,255
203,131,186,200,211,255
203,132,186,200,210,255
203,133,186,199,209,255
203,134,187,200,210,255
203,135,188,198,208,255
203,136,188,198,209,255
203,137,188,198,209,255
203,138,188,199,210,255
203,139,188,199,210,255
203,140,187,198,209,255
203,141,190,199,210,255
203,142,189,198,209,255
203,143,189,198,209,255
204,0,153,136,118,255
204,1,153,136,118,255
204,2,155,138,121,255
204,3,155,138,121,255
204,4,156,141,126,255
204,5,156,140,125,255
204,6,158,142,128,255
204,7,158,142,128,255
204,8,158,143,129,255
204,9,158,142,127,255
204,10,158,142,127,255
204,11,157,139,120,255
204,12,157,139,119,255
204,13,157,139,119,255
204,14,156,138,118,255
204,15,158,141,122,255
204,16,160,145,129,255
204,17,160,145,129,255
204,18,162,149,137,255
204,19,167,158,151,255
204,20,170,163,160,255
204,21,171,164,159,255
204,22,171,164,159,255
204,23,169,158,149,255
204,24,164,152,140,255
204,25,164,151,139,255
204,26,144,132,124,255
204,27,85,81,79,255
204,28,85,81,79,255
204,29,38,38,46,255
204,30,28,28,46,255
204,31,34,34,53,255
204,32,34,34,53,255
204,33,28,28,53,255
204,34,22,28,56,255
204,35,28,34,59,255
204,36,28,28,56,255
204,37,28,34,59,255
204,38,28,34,59,255
204,39,28,34,56,255
204,40,28,34,56,255
204,41,28,34,56,255
204,42,22,28,53,255
204,43,22,28,56,255
204,44,28,34,59,255
204,45,28,34,59,255
204,46,28,34,59,255
204,47,34,34,59,255
204,48,28,34,59,255
204,49,34,34,59,255
204,50,28,34,59,255
204,51,22,28,59,255
204,52,28,38,61,255
204,53,38,38,61,255
204,54,28,34,59,255
204,55,28,34,59,255
204,56,28,38,71,255
204,57,50,66,96,255
204,58,53,69,96,255
204,59,46,61,88,255
204,60,46,61,88,255
204,61,38,56,85,255
204,62,46,59,88,255
204,63,46,61,90,255
204,64,46,64,95,255
204,65,38,59,91,255
204,66,38,56,90,255
204,67,38,56,90,255
204,68,38,56,90,255
204,69,42,59,91,255
204,70,42,61,91,255
204,71,42,61,91,255
204,72,42,61,91,255
204,73,42,59,90,255
204,74,38,56,88,255
204,75,38,59,90,255
204,76,38,59,90,255
204,77,38,53,86,255
204,78,34,50,81,255
204,79,28,46,77,255
204,80,28,42,73,255
204,81,28,38,71,255
204,82,28,38,69,255
204,83,22,38,66,255
204,84,22,38,66,255
204,85,22,38,64,255
204,86,22,42,59,255
204,87,75,126,129,255
204,88,114,171,180,255
204,89,129,186,199,255
204,90,135,181,196,255
204,91,104,140,160,255
204,92,105,121,134,255
204,93,160,180,197,255
204,94,189,205,218,255
204,95,194,206,217,255
204,96,194,204,215,255
204,97,194,205,214,255
204,98,194,204,213,255
204,99,196,206,214,255
204,100,196,206,216,255
204,101,194,206,216,255
204,102,193,206,216,255
204,103,193,206,216,255
204,104,194,205,214,255
204,105,194,205,214,255
204,106,192,203,214,255
204,107,192,203,214,255
204,108,194,203,214,255
204,109,191,203,214,255
204,110,192,206,216,255
204,111,214,221,227,255
204,112,208,216,224,255
204,113,190,204,215,255
204,114,190,202,211,255
204,115,191,201,211,255
204,116,191,201,211,255
204,117,190,203,212,255
204,118,194,204,213,255
204,119,194,203,212,255
204,120,191,201,211,255
204,121,188,200,210,255
204,122,188,200,210,255
204,123,186,200,210,255
204,124,187,199,210,255
204,125,189,200,212,255
204,126,187,200,212,255
204,127,187,200,212,255
204,128,184,200,211,255
204,129,186,200,210,255
204,130,186,201,210,255
204,131,186,201,210,255
204,132,189,202,211,255
204,133,186,199,209,255
204,134,186,199,209,255
204,135,185,197,208,255
204,136,186,197,208,255
204,137,186,197,208,255
204,138,187,198,209,255
204,139,188,199,210,255
204,140,187,198,209,255
204,141,187,198,209,255
204,142,187,197,208,255
204,143,187,197,208,255
205,0,152,135,117,255
205,1,152,135,117,255
205,2,154,137,120,255
205,3,154,137,120,255
205,4,156,140,125,255
205,5,156,140,125,255
205,6,156,141,126,255
205,7,156,141,126,255
205,8,157,141,125,255
205,9,156,140,122,255
205,10,156,140,122,255
205,11,157,139,120,255
205,12,157,139,119,255
205,13,156,138,118,255
205,14,156,139,119,255
205,15,158,141,124,255
205,16,160,146,131,255
205,17,160,146,131,255
205,18,163,150,140,255
205,19,167,158,151,255
205,20,170,163,160,255
205,21,170,165,162,255
205,22,170,165,162,255
205,23,168,160,151,255
205,24,165,153,141,255
205,25,163,149,137,255
205,26,130,120,113,255
205,27,56,59,61,255
205,28,38,38,46,255
205,29,38,38,46,255
205,30,28,28,46,255
205,31,34,34,56,255
205,32,34,34,56,255
205,33,34,34,53,255
205,34,28,34,56,255
205,35,28,28,59,255
205,36,28,34,61,255
205,37,28,28,59,255
205,38,28,34,56,255
205,39,34,34,56,255
205,40,28,34,53,255
205,41,28,34,53,255
205,42,28,34,53,255
205,43,28,34,56,255
205,44,28,34,56,255
205,45,28,34,59,255
205,46,28,34,59,255
205,47,38,34,53,255
205,48,38,38,56,255
205,49,42,38,56,255
205,50,28,28,56,255
205,51,22,28,59,255
205,52,28,34,59,255
205,53,38,42,61,255
205,54,34,34,59,255
205,55,28,34,59,255
205,56,38,46,75,255
205,57,56,71,101,255
205,58,56,71,98,255
205,59,46,61,88,255
205,60,42,59,86,255
205,61,46,59,86,255
205,62,42,56,86,255
205,63,42,59,88,255
205,64,42,61,93,255
205,65,42,61,93,255
205,66,38,56,90,255
205,67,38,56,90,255
205,68,38,56,90,255
205,69,38,59,90,255
205,70,42,59,91,255
205,71,42,61,90,255
205,72,46,61,91,255
205,73,42,59,90,255
205,74,38,56,88,255
205,75,42,59,90,255
205,76,38,59,90,255
205,77,38,56,88,255
205,78,34,50,83,255
205,79,34,50,81,255
205,80,22,42,75,255
205,81,28,38,71,255
205,82,22,34,66,255
205,83,22,38,66,255
205,84,22,34,64,255
205,85,22,38,64,255
205,86,22,42,59,255
205,87,71,121,126,255
205,88,109,167,174,255
205,89,127,184,196,255
205,90,132,182,197,255
205,91,108,144,163,255
205,92,85,110,132,255
205,93,148,169,188,255
205,94,187,203,216,255
205,95,194,206,217,255
205,96,192,204,214,255
205,97,194,205,214,255
205,98,194,204,213,255
205,99,194,205,214,255
205,100,194,206,215,255
205,101,192,206,215,255
205,102,193,206,216,255
205,103,193,206,216,255
205,104,194,205,214,255
205,105,195,205,214,255
205,106,192,203,214,255
205,107,192,203,214,255
205,108,192,203,213,255
205,109,190,202,213,255
205,110,191,204,215,255
205,111,211,219,226,255
205,112,214,221,227,255
205,113,190,204,215,255
205,114,190,202,211,255
205,115,190,202,211,255
205,116,190,201,210,255
205,117,190,202,211,255
205,118,194,204,213,255
205,119,192,202,212,255
205,120,189,201,211,255
205,121,187,200,210,255
205,122,187,200,210,255
205,123,186,200,210,255
205,124,187,199,210,255
205,125,189,200,211,255
205,126,187,200,212,255
205,127,187,200,212,255
205,128,185,199,211,255
205,129,186,200,211,255
205,130,186,201,211,255
205,131,186,201,210,255
205,132,189,202,211,255
205,133,186,199,210,255
205,134,186,199,210,255
205,135,184,196,208,255
205,136,185,196,207,255
205,137,185,196,207,255
205,138,187,198,209,255
205,139,187,198,209,255
205,140,187,198,209,255
205,141,187,198,209,255
205,142,187,197,207,255
205,143,187,197,207,255
206,0,152,135,117,255
206,1,152,134,115,255
206,2,154,136,119,255
206,3,154,136,119,255
206,4,156,139,122,255
206,5,156,139,122,255
206,6,156,141,126,255
206,7,157,142,125,255
206,8,157,142,125,255
206,9,156,140,121,255
206,10,156,140,121,255
206,11,156,138,119,255
206,12,156,138,118,255
206,13,156,138,118,255
206,14,158,140,121,255
206,15,159,143,126,255
206,16,160,146,132,255
206,17,160,146,132,255
206,18,163,152,143,255
206,19,168,160,155,255
206,20,171,165,163,255
206,21,170,165,162,255
206,22,171,166,163,255
206,23,170,161,154,255
206,24,165,152,142,255
206,25,159,146,134,255
206,26,126,115,108,255
206,27,61,53,53,255
206,28,22,22,34,255
206,29,22,22,34,255
206,30,34,34,46,255
206,31,34,34,56,255
206,32,38,38,59,255
206,33,38,38,56,255
206,34,28,34,53,255
206,35,22,28,56,255
206,36,22,28,56,255
206,37,28,34,53,255
206,38,22,28,46,255
206,39,28,28,46,255
206,40,34,34,50,255
206,41,34,34,50,255
206,42,34,34,46,255
206,43,22,22,38,255
206,44,34,34,50,255
206,45,42,38,56,255
206,46,38,38,53,255
206,47,38,34,53,255
206,48,38,38,56,255
206,49,53,46,53,255
206,50,34,34,53,255
206,51,22,28,59,255
206,52,28,34,61,255
206,53,34,38,61,255
206,54,28,34,59,255
206,55,28,34,59,255
206,56,38,46,73,255
206,57,59,75,104,255
206,58,56,71,98,255
206,59,46,59,86,255
206,60,42,56,85,255
206,61,42,59,86,255
206,62,42,59,86,255
206,63,42,59,88,255
206,64,46,61,91,255
206,65,42,61,91,255
206,66,42,59,90,255
206,67,38,56,88,255
206,68,42,59,91,255
206,69,42,59,90,255
206,70,42,61,91,255
206,71,46,61,91,255
206,72,42,59,90,255
206,73,42,59,88,255
206,74,42,56,88,255
206,75,42,59,90,255
206,76,38,56,90,255
206,77,38,56,88,255
206,78,28,50,83,255
206,79,34,50,81,255
206,80,28,46,77,255
206,81,28,42,73,255
206,82,22,34,66,255
206,83,28,38,66,255
206,84,28,38,66,255
206,85,22,34,64,255
206,86,22,42,59,255
206,87,64,114,120,255
206,88,106,163,170,255
206,89,127,184,194,255
206,90,134,184,199,255
206,91,115,150,169,255
206,92,71,91,110,255
206,93,132,152,170,255
206,94,182,199,213,255
206,95,194,206,217,255
206,96,192,204,214,255
206,97,194,204,214,255
206,98,194,203,213,255
206,99,194,205,214,255
206,100,194,205,215,255
206,101,192,205,215,255
206,102,192,205,215,255
206,103,192,205,215,255
206,104,192,203,214,255
206,105,193,203,213,255
206,106,192,203,213,255
206,107,192,203,213,255
206,108,193,203,213,255
206,109,190,202,211,255
206,110,190,203,213,255
206,111,205,215,223,255
206,112,214,221,227,255
206,113,196,209,219,255
206,114,190,203,213,255
206,115,190,203,213,255
206,116,190,202,210,255
206,117,190,202,211,255
206,118,190,203,212,255
206,119,192,203,212,255
206,120,189,201,211,255
206,121,189,200,211,255
206,122,187,200,210,255
206,123,187,199,209,255
206,124,187,199,210,255
206,125,186,199,210,255
206,126,186,200,211,255
206,127,186,200,211,255
206,128,185,199,211,255
206,129,186,200,211,255
206,130,186,201,211,255
206,131,186,201,211,255
206,132,188,200,211,255
206,133,185,199,210,255
206,134,185,199,210,255
206,135,184,196,208,255
206,136,184,196,208,255
206,137,185,196,207,255
206,138,185,197,209,255
206,139,185,197,209,255
206,140,186,197,209,255
206,141,186,197,209,255
206,142,187,196,207,255
206,143,187,197,207,255
207,0,152,134,115,255
207,1,152,134,115,255
207,2,154,136,119,255
207,3,152,135,117,255
207,4,154,138,121,255
207,5,154,138,121,255
207,6,155,140,125,255
207,7,157,142,125,255
207,8,159,144,129,255
207,9,157,140,121,255
207,10,155,137,117,255
207,11,155,137,117,255
207,12,156,138,118,255
207,13,158,140,121,255
207,14,158,140,121,255
207,15,160,145,129,255
207,16,161,148,136,255
207,17,161,148,136,255
207,18,165,155,148,255
207,19,170,163,159,255
207,20,171,166,164,255
207,21,171,166,163,255
207,22,171,166,163,255
207,23,170,163,156,255
207,24,166,155,145,255
207,25,163,150,139,255
207,26,143,129,119,255
207,27,88,77,69,255
207,28,22,22,22,255
207,29,22,22,22,255
207,30,22,22,34,255
207,31,34,34,50,255
207,32,38,38,59,255
207,33,38,38,56,255
207,34,34,34,53,255
207,35,22,28,53,255
207,36,28,34,56,255
207,37,22,28,50,255
207,38,22,22,34,255
207,39,22,22,22,255
207,40,22,22,34,255
207,41,34,28,34,255
207,42,34,28,34,255
207,43,13,13,22,255
207,44,22,22,34,255
207,45,22,22,34,255
207,46,34,28,34,255
207,47,34,28,34,255
207,48,38,34,42,255
207,49,53,46,53,255
207,50,34,34,53,255
207,51,28,34,56,255
207,52,22,28,59,255
207,53,28,34,59,255
207,54,34,34,59,255
207,55,28,34,56,255
207,56,38,46,69,255
207,57,56,73,101,255
207,58,56,71,98,255
207,59,46,59,86,255
207,60,46,59,86,255
207,61,46,59,86,255
207,62,46,59,86,255
207,63,42,59,86,255
207,64,46,59,88,255
207,65,42,59,90,255
207,66,42,59,90,255
207,67,38,56,88,255
207,68,42,59,90,255
207,69,42,59,90,255
207,70,42,59,90,255
207,71,46,64,93,255
207,72,46,61,91,255
207,73,42,59,88,255
207,74,38,56,86,255
207,75,42,59,91,255
207,76,42,59,91,255
207,77,38,53,86,255
207,78,34,50,83,255
207,79,28,46,79,255
207,80,28,46,77,255
207,81,28,42,73,255
207,82,28,38,71,255
207,83,22,34,66,255
207,84,22,34,66,255
207,85,22,34,64,255
207,86,28,38,61,255
207,87,59,106,112,255
207,88,104,160,167,255
207,89,127,183,194,255
207,90,136,186,200,255
207,91,128,161,178,255
207,92,71,93,110,255
207,93,132,152,170,255
207,94,182,199,213,255
207,95,193,205,216,255
207,96,192,203,214,255
207,97,194,203,213,255
207,98,192,203,213,255
207,99,194,204,214,255
207,100,192,205,215,255
207,101,192,204,215,255
207,102,192,204,215,255
207,103,192,205,214,255
207,104,193,203,214,255
207,105,194,203,213,255
207,106,193,203,214,255
207,107,192,203,214,255
207,108,193,204,214,255
207,109,190,203,213,255
207,110,190,203,213,255
207,111,205,215,223,255
207,112,213,221,228,255
207,113,197,210,221,255
207,114,190,203,213,255
207,115,190,203,213,255
207,116,189,202,210,255
207,117,191,202,211,255
207,118,189,203,211,255
207,119,192,202,211,255
207,120,190,200,211,255
207,121,189,200,211,255
207,122,189,200,211,255
207,123,187,200,210,255
207,124,187,199,210,255
207,125,186,199,210,255
207,126,189,201,211,255
207,127,189,201,211,255
207,128,188,200,211,255
207,129,186,200,211,255
207,130,186,200,211,255
207,131,186,200,210,255
207,132,188,200,210,255
207,133,188,200,210,255
207,134,184,198,209,255
207,135,184,196,208,255
207,136,184,196,208,255
207,137,185,196,208,255
207,138,186,197,209,255
207,139,186,197,209,255
207,140,186,199,209,255
207,141,186,197,209,255
207,142,187,196,207,255
207,143,187,196,207,255
208,0,152,133,113,255
208,1,152,133,113,255
208,2,152,135,117,255
208,3,152,135,117,255
208,4,154,137,120,255
208,5,157,142,127,255
208,6,157,142,127,255
208,7,159,144,129,255
208,8,159,144,129,255
208,9,157,140,121,255
208,10,155,138,118,255
208,11,155,138,118,255
208,12,158,140,120,255
208,13,158,141,124,255
208,14,158,141,124,255
208,15,160,145,129,255
208,16,162,149,139,255
208,17,165,156,150,255
208,18,165,156,150,255
208,19,169,163,160,255
208,20,172,167,165,255
208,21,172,166,163,255
208,22,170,163,156,255
208,23,170,163,156,255
208,24,167,159,151,255
208,25,167,156,148,255
208,26,160,148,138,255
208,27,128,112,101,255
208,28,46,34,28,255
208,29,46,34,28,255
208,30,0,13,13,255
208,31,34,34,42,255
208,32,34,38,56,255
208,33,34,38,59,255
208,34,34,34,53,255
208,35,34,34,53,255
208,36,22,28,53,255
208,37,28,34,53,255
208,38,13,13,28,255
208,39,13,13,13,255
208,40,13,13,13,255
208,41,13,22,22,255
208,42,13,22,22,255
208,43,13,13,13,255
208,44,13,13,13,255
208,45,13,13,13,255
208,46,13,13,13,255
208,47,22,13,13,255
208,48,22,22,22,255
208,49,38,34,42,255
208,50,38,38,50,255
208,51,28,34,56,255
208,52,22,28,59,255
208,53,22,28,56,255
208,54,34,38,59,255
208,55,22,28,53,255
208,56,34,42,71,255
208,57,53,69,98,255
208,58,53,66,95,255
208,59,42,59,86,255
208,60,46,59,86,255
208,61,50,61,88,255
208,62,46,59,86,255
208,63,50,61,88,255
208,64,50,61,88,255
208,65,46,59,88,255
208,66,38,56,86,255
208,67,38,56,86,255
208,68,42,61,91,255
208,69,42,61,91,255
208,70,42,59,91,255
208,71,42,61,91,255
208,72,42,59,90,255
208,73,42,59,88,255
208,74,42,56,88,255
208,75,38,59,90,255
208,76,42,59,91,255
208,77,34,53,86,255
208,78,34,50,83,255
208,79,28,46,79,255
208,80,28,46,79,255
208,81,28,46,75,255
208,82,28,38,71,255
208,83,28,38,69,255
208,84,22,34,64,255
208,85,22,34,64,255
208,86,28,38,61,255
208,87,56,101,106,255
208,88,101,156,164,255
208,89,124,181,192,255
208,90,137,186,201,255
208,91,128,161,178,255
208,92,71,93,110,255
208,93,118,137,154,255
208,94,177,195,210,255
208,95,193,205,216,255
208,96,193,203,214,255
208,97,193,203,213,255
208,98,194,204,213,255
208,99,194,205,214,255
208,100,194,206,215,255
208,101,192,204,214,255
208,102,192,204,214,255
208,103,193,203,214,255
208,104,192,204,215,255
208,105,196,205,214,255
208,106,193,203,214,255
208,107,191,203,214,255
208,108,192,205,214,255
208,109,190,203,213,255
208,110,190,203,213,255
208,111,202,211,220,255
208,112,211,219,226,255
208,113,196,209,220,255
208,114,192,204,214,255
208,115,192,204,214,255
208,116,189,202,211,255
208,117,190,202,211,255
208,118,188,202,211,255
208,119,190,201,210,255
208,120,190,200,211,255
208,121,190,200,211,255
208,122,189,200,210,255
208,123,189,201,211,255
208,124,189,200,211,255
208,125,186,200,210,255
208,126,186,200,210,255
208,127,188,200,211,255
208,128,188,200,211,255
208,129,188,200,211,255
208,130,188,200,211,255
208,131,186,200,210,255
208,132,188,201,210,255
208,133,188,201,210,255
208,134,184,198,209,255
208,135,184,196,208,255
208,136,184,196,208,255
208,137,187,198,209,255
208,138,187,198,209,255
208,139,186,198,209,255
208,140,186,199,209,255
208,141,186,199,209,255
208,142,186,197,207,255
208,143,186,197,207,255
209,0,151,131,109,255
209,1,151,133,114,255
209,2,151,133,114,255
209,3,154,137,120,255
209,4,154,137,120,255
209,5,156,142,129,255
209,6,156,142,129,255
209,7,160,146,132,255
209,8,160,146,132,255
209,9,158,142,125,255
209,10,155,138,118,255
209,11,157,140,121,255
209,12,157,141,124,255
209,13,159,144,128,255
209,14,159,144,128,255
209,15,160,146,132,255
209,16,162,149,139,255
209,17,165,156,150,255
209,18,166,157,152,255
209,19,169,163,162,255
209,20,171,167,165,255
209,21,171,167,165,255
209,22,170,164,160,255
209,23,170,164,160,255
209,24,167,159,151,255
209,25,167,156,148,255
209,26,169,160,153,255
209,27,159,143,131,255
209,28,117,96,79,255
209,29,28,22,22,255
209,30,28,22,22,255
209,31,22,28,34,255
209,32,34,34,50,255
209,33,34,34,56,255
209,34,34,34,56,255
209,35,34,34,53,255
209,36,22,28,53,255
209,37,22,28,53,255
209,38,22,22,42,255
209,39,13,13,22,255
209,40,0,0,13,255
209,41,0,0,13,255
209,42,0,0,13,255
209,43,13,13,13,255
209,44,0,13,13,255
209,45,13,13,22,255
209,46,13,22,22,255
209,47,13,13,13,255
209,48,13,13,13,255
209,49,22,22,34,255
209,50,34,34,46,255
209,51,34,34,56,255
209,52,28,34,59,255
209,53,22,28,56,255
209,54,34,38,59,255
209,55,22,28,53,255
209,56,34,46,75,255
209,57,56,71,96,255
209,58,53,66,93,255
209,59,46,59,86,255
209,60,50,61,88,255
209,61,46,59,86,255
209,62,46,59,88,255
209,63,50,61,88,255
209,64,50,61,88,255
209,65,46,59,86,255
209,66,42,56,86,255
209,67,42,56,88,255
209,68,38,59,90,255
209,69,42,61,91,255
209,70,42,61,93,255
209,71,42,61,91,255
209,72,42,59,90,255
209,73,38,56,86,255
209,74,38,56,86,255
209,75,38,56,90,255
209,76,38,59,90,255
209,77,34,53,86,255
209,78,34,53,85,255
209,79,28,46,79,255
209,80,28,46,79,255
209,81,28,42,75,255
209,82,28,42,73,255
209,83,22,38,69,255
209,84,22,34,66,255
209,85,22,34,61,255
209,86,22,38,61,255
209,87,46,91,99,255
209,88,101,156,164,255
209,89,124,181,192,255
209,90,137,186,201,255
209,91,133,170,187,255
209,92,90,113,129,255
209,93,118,135,150,255
209,94,175,193,208,255
209,95,193,208,218,255
209,96,193,204,214,255
209,97,193,203,213,255
209,98,193,203,213,255
209,99,192,205,215,255
209,100,193,206,215,255
209,101,192,205,215,255
209,102,192,205,215,255
209,103,193,203,213,255
209,104,192,203,214,255
209,105,192,203,213,255
209,106,192,202,213,255
209,107,191,203,214,255
209,108,192,205,214,255
209,109,190,205,214,255
209,110,190,203,212,255
209,111,197,208,217,255
209,112,211,219,226,255
209,113,200,211,221,255
209,114,200,211,221,255
209,115,190,203,214,255
209,116,189,202,212,255
209,117,189,201,211,255
209,118,188,202,211,255
209,119,190,201,210,255
209,120,190,200,210,255
209,121,190,200,210,255
209,122,189,200,210,255
209,123,188,200,211,255
209,124,189,200,211,255
209,125,186,200,210,255
209,126,186,200,210,255
209,127,188,200,211,255
209,128,186,200,211,255
209,129,186,200,212,255
209,130,186,200,212,255
209,131,186,200,211,255
209,132,186,200,210,255
209,133,188,201,210,255
209,134,185,199,210,255
209,135,184,197,209,255
209,136,184,197,209,255
209,137,185,197,209,255
209,138,185,197,209,255
209,139,186,198,209,255
209,140,186,198,209,255
209,141,185,199,209,255
209,142,185,199,209,255
209,143,186,197,208,255
210,0,151,131,109,255
210,1,151,133,113,255
210,2,151,133,113,255
210,3,154,137,120,255
210,4,154,137,120,255
210,5,156,142,129,255
210,6,158,144,131,255
210,7,161,148,136,255
210,8,161,148,136,255
210,9,160,143,128,255
210,10,157,140,121,255
210,11,157,140,121,255
210,12,159,142,127,255
210,13,160,145,130,255
210,14,160,145,130,255
210,15,161,148,135,255
210,16,163,151,142,255
210,17,166,157,152,255
210,18,166,157,152,255
210,19,169,163,162,255
210,20,171,167,167,255
210,21,171,167,167,255
210,22,171,166,163,255
210,23,171,166,163,255
210,24,170,163,159,255
210,25,170,163,156,255
210,26,169,160,153,255
210,27,168,157,148,255
210,28,152,133,118,255
210,29,99,79,61,255
210,30,99,79,61,255
210,31,0,13,13,255
210,32,22,28,34,255
210,33,38,38,53,255
210,34,34,38,56,255
210,35,34,34,53,255
210,36,28,34,53,255
210,37,22,28,53,255
210,38,22,28,53,255
210,39,22,28,46,255
210,40,22,22,34,255
210,41,13,13,34,255
210,42,22,22,38,255
210,43,22,22,38,255
210,44,13,22,34,255
210,45,13,13,34,255
210,46,13,22,34,255
210,47,22,22,38,255
210,48,13,22,34,255
210,49,22,22,42,255
210,50,28,34,53,255
210,51,34,38,59,255
210,52,22,28,56,255
210,53,22,28,56,255
210,54,28,34,56,255
210,55,22,28,56,255
210,56,34,46,75,255
210,57,56,71,96,255
210,58,53,66,93,255
210,59,50,61,88,255
210,60,50,61,88,255
210,61,42,56,86,255
210,62,46,59,86,255
210,63,50,61,88,255
210,64,50,64,90,255
210,65,46,59,86,255
210,66,42,56,86,255
210,67,42,59,90,255
210,68,38,59,90,255
210,69,42,59,91,255
210,70,42,59,93,255
210,71,38,56,88,255
210,72,38,56,88,255
210,73,38,56,88,255
210,74,38,53,85,255
210,75,38,56,90,255
210,76,38,56,90,255
210,77,38,56,88,255
210,78,34,50,83,255
210,79,34,50,81,255
210,80,28,46,77,255
210,81,28,46,77,255
210,82,28,42,75,255
210,83,28,42,71,255
210,84,28,38,66,255
210,85,22,34,61,255
210,86,22,38,61,255
210,87,46,91,99,255
210,88,98,151,159,255
210,89,122,180,190,255
210,90,136,186,202,255
210,91,133,173,191,255
210,92,90,118,137,255
210,93,121,139,155,255
210,94,173,192,208,255
210,95,194,208,220,255
210,96,192,205,215,255
210,97,194,203,213,255
210,98,193,203,213,255
210,99,193,204,215,255
210,100,193,205,215,255
210,101,193,205,215,255
210,102,192,204,214,255
210,103,194,202,213,255
210,104,192,203,214,255
210,105,192,203,213,255
210,106,192,202,213,255
210,107,193,203,213,255
210,108,191,204,213,255
210,109,190,205,214,255
210,110,191,203,213,255
210,111,193,205,214,255
210,112,211,219,225,255
210,113,202,213,222,255
210,114,202,213,222,255
210,115,191,203,215,255
210,116,189,202,212,255
210,117,189,201,211,255
210,118,189,201,211,255
210,119,190,201,210,255
210,120,190,200,210,255
210,121,190,200,210,255
210,122,189,200,210,255
210,123,188,200,210,255
210,124,189,200,210,255
210,125,186,200,210,255
210,126,186,200,210,255
210,127,187,199,210,255
210,128,188,200,211,255
210,129,186,200,213,255
210,130,186,200,213,255
210,131,186,200,211,255
210,132,186,200,210,255
210,133,186,200,210,255
210,134,185,199,210,255
210,135,184,199,209,255
210,136,184,199,209,255
210,137,184,197,208,255
210,138,185,197,209,255
210,139,186,199,209,255
210,140,186,199,209,255
210,141,184,198,209,255
210,142,184,198,209,255
210,143,186,197,208,255
211,0,151,131,109,255
211,1,151,133,113,255
211,2,151,133,113,255
211,3,154,138,121,255
211,4,154,138,121,255
211,5,158,144,131,255
211,6,158,144,131,255
211,7,161,148,136,255
211,8,158,144,129,255
211,9,158,144,129,255
211,10,157,140,124,255
211,11,157,140,124,255
211,12,159,142,127,255
211,13,160,145,130,255
211,14,161,149,138,255
211,15,161,149,138,255
211,16,163,153,144,255
211,17,166,158,153,255
211,18,166,158,153,255
211,19,169,163,162,255
211,20,170,167,166,255
211,21,171,167,167,255
211,22,171,167,165,255
211,23,171,167,165,255
211,24,170,165,162,255
211,25,170,163,160,255
211,26,170,163,158,255
211,27,168,157,148,255
211,28,152,133,118,255
211,29,138,117,99,255
211,30,138,117,99,255
211,31,42,28,22,255
211,32,0,0,13,255
211,33,28,28,38,255
211,34,34,34,50,255
211,35,34,34,56,255
211,36,34,34,53,255
211,37,28,34,53,255
211,38,22,28,53,255
211,39,22,28,46,255
211,40,28,28,53,255
211,41,28,28,53,255
211,42,28,34,56,255
211,43,28,34,56,255
211,44,28,28,53,255
211,45,22,28,53,255
211,46,22,22,50,255
211,47,22,28,53,255
211,48,28,34,59,255
211,49,28,28,56,255
211,50,28,34,59,255
211,51,28,34,56,255
211,52,22,28,56,255
211,53,22,28,56,255
211,54,28,34,56,255
211,55,28,34,61,255
211,56,38,53,81,255
211,57,59,73,99,255
211,58,53,66,93,255
211,59,50,61,88,255
211,60,50,61,88,255
211,61,42,56,86,255
211,62,46,59,86,255
211,63,50,61,88,255
211,64,53,66,91,255
211,65,50,61,88,255
211,66,46,59,88,255
211,67,42,59,88,255
211,68,38,56,88,255
211,69,38,59,90,255
211,70,38,56,90,255
211,71,38,53,88,255
211,72,38,56,88,255
211,73,38,56,88,255
211,74,34,50,83,255
211,75,38,56,88,255
211,76,38,56,90,255
211,77,34,50,86,255
211,78,34,50,83,255
211,79,28,50,81,255
211,80,28,46,77,255
211,81,28,46,77,255
211,82,28,42,75,255
211,83,28,42,71,255
211,84,28,38,66,255
211,85,22,34,64,255
211,86,22,34,61,255
211,87,42,83,93,255
211,88,93,147,155,255
211,89,122,178,189,255
211,90,138,186,201,255
211,91,132,173,191,255
211,92,81,112,132,255
211,93,114,133,150,255
211,94,170,189,205,255
211,95,192,207,220,255
211,96,193,205,215,255
211,97,192,203,212,255
211,98,192,203,213,255
211,99,192,203,214,255
211,100,192,205,215,255
211,101,192,205,215,255
211,102,193,205,215,255
211,103,192,203,213,255
211,104,192,203,214,255
211,105,192,203,213,255
211,106,192,202,213,255
211,107,189,202,213,255
211,108,189,203,213,255
211,109,190,203,213,255
211,110,190,202,212,255
211,111,192,203,213,255
211,112,208,215,223,255
211,113,208,215,223,255
211,114,208,215,223,255
211,115,191,203,215,255
211,116,189,202,212,255
211,117,190,201,212,255
211,118,189,201,211,255
211,119,188,200,210,255
211,120,190,200,210,255
211,121,190,200,210,255
211,122,190,200,210,255
211,123,190,200,210,255
211,124,189,200,210,255
211,125,186,200,210,255
211,126,186,200,210,255
211,127,187,199,210,255
211,128,187,199,211,255
211,129,187,199,211,255
211,130,186,200,213,255
211,131,186,200,211,255
211,132,189,200,210,255
211,133,189,200,210,255
211,134,186,199,210,255
211,135,186,199,210,255
211,136,184,199,209,255
211,137,184,197,208,255
211,138,184,197,208,255
211,139,186,198,209,255
211,140,186,198,209,255
211,141,184,198,209,255
211,142,184,198,209,255
211,143,184,196,207,255
212,0,150,131,109,255
212,1,151,133,113,255
212,2,151,133,113,255
212,3,154,138,121,255
212,4,155,138,122,255
212,5,158,144,132,255
212,6,158,144,132,255
212,7,160,147,136,255
212,8,158,144,129,255
212,9,156,141,126,255
212,10,156,140,122,255
212,11,158,143,128,255
212,12,158,143,128,255
212,13,160,147,134,255
212,14,161,149,138,255
212,15,163,150,141,255
212,16,164,155,147,255
212,17,167,160,155,255
212,18,169,163,162,255
212,19,169,163,162,255
212,20,170,167,166,255
212,21,171,167,167,255
212,22,170,166,164,255
212,23,170,166,164,255
212,24,167,163,160,255
212,25,167,162,158,255
212,26,169,163,158,255
212,27,168,160,151,255
212,28,162,148,133,255
212,29,138,117,99,255
212,30,160,141,122,255
212,31,121,98,77,255
212,32,28,22,22,255
212,33,0,13,22,255
212,34,28,28,42,255
212,35,34,34,53,255
212,36,28,34,53,255
212,37,28,28,50,255
212,38,28,28,53,255
212,39,28,34,56,255
212,40,28,28,53,255
212,41,28,28,53,255
212,42,28,34,56,255
212,43,28,34,56,255
212,44,28,34,56,255
212,45,28,34,56,255
212,46,22,28,53,255
212,47,22,28,56,255
212,48,28,34,61,255
212,49,28,28,59,255
212,50,28,34,59,255
212,51,28,34,56,255
212,52,28,28,50,255
212,53,22,28,46,255
212,54,22,28,53,255
212,55,34,38,64,255
212,56,50,61,88,255
212,57,59,73,101,255
212,58,56,66,93,255
212,59,50,61,86,255
212,60,50,61,86,255
212,61,46,59,86,255
212,62,46,59,86,255
212,63,50,61,88,255
212,64,53,66,91,255
212,65,50,61,88,255
212,66,46,59,88,255
212,67,42,59,88,255
212,68,38,56,88,255
212,69,38,59,90,255
212,70,38,56,90,255
212,71,38,53,88,255
212,72,38,56,88,255
212,73,38,56,88,255
212,74,34,50,83,255
212,75,38,56,88,255
212,76,38,56,90,255
212,77,34,50,86,255
212,78,34,50,83,255
212,79,28,50,81,255
212,80,28,46,77,255
212,81,34,46,77,255
212,82,28,42,75,255
212,83,28,42,73,255
212,84,28,38,69,255
212,85,22,34,64,255
212,86,28,34,61,255
212,87,34,71,81,255
212,88,90,143,151,255
212,89,119,176,187,255
212,90,134,186,200,255
212,91,132,175,192,255
212,92,83,112,130,255
212,93,73,99,121,255
212,94,163,182,198,255
212,95,190,206,218,255
212,96,192,204,215,255
212,97,192,203,212,255
212,98,192,203,213,255
212,99,192,203,214,255
212,100,190,203,214,255
212,101,190,203,214,255
212,102,193,205,215,255
212,103,192,203,213,255
212,104,192,204,214,255
212,105,192,203,213,255
212,106,192,203,213,255
212,107,191,202,213,255
212,108,189,202,213,255
212,109,190,202,212,255
212,110,192,202,211,255
212,111,192,202,212,255
212,112,206,214,221,255
212,113,209,217,224,255
212,114,208,215,223,255
212,115,192,205,216,255
212,116,189,200,212,255
212,117,190,201,212,255
212,118,188,201,211,255
212,119,188,200,210,255
212,120,190,200,210,255
212,121,190,200,210,255
212,122,190,200,210,255
212,123,190,200,210,255
212,124,189,200,211,255
212,125,189,200,211,255
212,126,186,199,210,255
212,127,185,198,210,255
212,128,187,199,210,255
212,129,187,199,211,255
212,130,183,199,211,255
212,131,185,199,210,255
212,132,185,199,210,255
212,133,189,200,210,255
212,134,186,199,210,255
212,135,186,199,210,255
212,136,182,198,209,255
212,137,185,198,209,255
212,138,185,198,209,255
212,139,186,197,208,255
212,140,186,198,209,255
212,141,184,198,209,255
212,142,184,198,209,255
212,143,181,196,208,255
213,0,151,134,115,255
213,1,151,134,115,255
213,2,151,134,115,255
213,3,155,138,122,255
213,4,155,138,122,255
213,5,157,143,130,255
213,6,158,145,132,255
213,7,158,145,132,255
213,8,156,141,126,255
213,9,156,141,126,255
213,10,156,139,122,255
213,11,158,143,129,255
213,12,158,143,129,255
213,13,160,147,134,255
213,14,163,150,141,255
213,15,163,150,141,255
213,16,165,155,149,255
213,17,167,160,155,255
213,18,170,165,163,255
213,19,170,165,163,255
213,20,170,167,166,255
213,21,171,167,166,255
213,22,170,166,164,255
213,23,166,161,158,255
213,24,166,161,158,255
213,25,163,159,155,255
213,26,163,157,151,255
213,27,167,158,148,255
213,28,163,151,137,255
213,29,160,141,122,255
213,30,121,98,77,255
213,31,155,134,115,255
213,32,106,85,66,255
213,33,0,0,0,255
213,34,13,13,28,255
213,35,42,38,53,255
213,36,28,28,50,255
213,37,28,28,50,255
213,38,28,28,50,255
213,39,28,28,56,255
213,40,28,34,59,255
213,41,28,34,59,255
213,42,28,34,56,255
213,43,22,22,50,255
213,44,22,28,50,255
213,45,28,28,50,255
213,46,13,22,42,255
213,47,22,22,46,255
213,48,28,28,50,255
213,49,28,34,56,255
213,50,34,34,53,255
213,51,38,34,53,255
213,52,42,34,42,255
213,53,34,28,34,255
213,54,22,28,50,255
213,55,34,38,64,255
213,56,61,69,91,255
213,57,59,71,98,255
213,58,53,66,91,255
213,59,50,61,86,255
213,60,50,61,88,255
213,61,46,61,86,255
213,62,46,59,85,255
213,63,50,64,88,255
213,64,53,66,91,255
213,65,53,66,90,255
213,66,46,61,88,255
213,67,38,53,85,255
213,68,42,56,88,255
213,69,38,59,88,255
213,70,38,56,90,255
213,71,38,56,88,255
213,72,38,56,86,255
213,73,34,53,86,255
213,74,34,53,85,255
213,75,34,53,88,255
213,76,34,56,90,255
213,77,28,50,85,255
213,78,34,50,83,255
213,79,34,50,81,255
213,80,28,46,77,255
213,81,28,42,77,255
213,82,28,42,75,255
213,83,28,42,73,255
213,84,28,38,69,255
213,85,22,34,66,255
213,86,28,34,61,255
213,87,22,64,71,255
213,88,86,140,148,255
213,89,117,174,184,255
213,90,130,185,199,255
213,91,132,177,194,255
213,92,99,125,142,255
213,93,73,86,99,255
213,94,161,179,194,255
213,95,189,205,217,255
213,96,192,203,214,255
213,97,192,203,212,255
213,98,191,204,213,255
213,99,192,203,213,255
213,100,190,203,213,255
213,101,190,203,214,255
213,102,190,203,214,255
213,103,190,203,213,255
213,104,191,203,214,255
213,105,192,203,213,255
213,106,192,203,213,255
213,107,190,202,213,255
213,108,190,201,212,255
213,109,190,201,211,255
213,110,192,202,211,255
213,111,192,202,211,255
213,112,205,213,220,255
213,113,206,214,221,255
213,114,209,217,224,255
213,115,195,207,218,255
213,116,190,202,213,255
213,117,190,201,212,255
213,118,189,201,211,255
213,119,189,200,211,255
213,120,189,200,211,255
213,121,190,200,210,255
213,122,190,200,210,255
213,123,190,200,210,255
213,124,187,199,210,255
213,125,187,199,210,255
213,126,185,199,210,255
213,127,185,198,210,255
213,128,187,199,210,255
213,129,187,199,210,255
213,130,185,198,210,255
213,131,188,198,210,255
213,132,188,198,210,255
213,133,188,199,209,255
213,134,186,199,210,255
213,135,186,199,210,255
213,136,183,198,209,255
213,137,183,198,209,255
213,138,184,199,209,255
213,139,186,197,208,255
213,140,186,197,208,255
213,141,186,198,209,255
213,142,186,198,209,255
213,143,186,198,209,255
214,0,151,134,115,255
214,1,151,134,115,255
214,2,154,138,122,255
214,3,154,138,122,255
214,4,157,143,130,255
214,5,157,143,130,255
214,6,156,141,127,255
214,7,156,141,127,255
214,8,155,139,121,255
214,9,155,139,121,255
214,10,156,139,122,255
214,11,158,143,129,255
214,12,158,143,129,255
214,13,160,147,135,255
214,14,162,151,143,255
214,15,162,151,143,255
214,16,165,155,149,255
214,17,167,160,156,255
214,18,169,164,163,255
214,19,169,164,163,255
214,20,170,167,165,255
214,21,170,165,164,255
214,22,170,165,163,255
214,23,166,161,158,255
214,24,163,159,155,255
214,25,161,155,151,255
214,26,163,154,145,255
214,27,165,155,144,255
214,28,162,150,136,255
214,29,163,149,133,255
214,30,155,134,115,255
214,31,155,134,115,255
214,32,106,85,66,255
214,33,88,64,42,255
214,34,0,0,13,255
214,35,38,34,42,255
214,36,28,28,46,255
214,37,28,34,53,255
214,38,28,28,50,255
214,39,28,28,53,255
214,40,22,28,56,255
214,41,22,28,53,255
214,42,22,22,50,255
214,43,22,28,50,255
214,44,22,28,50,255
214,45,13,13,28,255
214,46,13,13,22,255
214,47,13,13,28,255
214,48,0,13,22,255
214,49,13,13,28,255
214,50,13,13,28,255
214,51,13,22,28,255
214,52,42,38,42,255
214,53,34,34,50,255
214,54,22,28,50,255
214,55,22,34,59,255
214,56,42,59,86,255
214,57,56,71,95,255
214,58,50,64,88,255
214,59,46,61,85,255
214,60,50,61,86,255
214,61,50,61,86,255
214,62,46,59,85,255
214,63,53,64,88,255
214,64,56,66,91,255
214,65,50,64,90,255
214,66,46,59,86,255
214,67,38,56,85,255
214,68,42,56,86,255
214,69,38,53,86,255
214,70,38,56,86,255
214,71,34,53,86,255
214,72,38,56,86,255
214,73,34,53,85,255
214,74,34,50,85,255
214,75,34,53,88,255
214,76,38,53,88,255
214,77,34,50,85,255
214,78,28,50,83,255
214,79,28,46,81,255
214,80,28,46,77,255
214,81,28,42,75,255
214,82,28,42,75,255
214,83,28,42,73,255
214,84,28,38,71,255
214,85,22,34,66,255
214,86,22,34,64,255
214,87,22,61,71,255
214,88,83,135,144,255
214,89,115,173,183,255
214,90,129,184,198,255
214,91,131,175,192,255
214,92,109,135,154,255
214,93,71,86,102,255
214,94,158,178,192,255
214,95,187,204,216,255
214,96,192,204,214,255
214,97,192,203,212,255
214,98,190,203,213,255
214,99,192,203,213,255
214,100,192,203,213,255
214,101,190,203,213,255
214,102,191,203,214,255
214,103,190,202,213,255
214,104,190,202,212,255
214,105,191,202,212,255
214,106,192,203,213,255
214,107,191,202,213,255
214,108,190,200,211,255
214,109,191,200,211,255
214,110,191,201,210,255
214,111,192,202,211,255
214,112,205,213,220,255
214,113,205,213,220,255
214,114,211,219,225,255
214,115,195,209,219,255
214,116,190,202,214,255
214,117,191,202,213,255
214,118,190,201,211,255
214,119,190,200,211,255
214,120,189,200,211,255
214,121,188,200,211,255
214,122,189,199,210,255
214,123,189,199,210,255
214,124,185,199,210,255
214,125,185,199,210,255
214,126,184,199,210,255
214,127,185,198,210,255
214,128,185,198,209,255
214,129,185,198,209,255
214,130,185,198,209,255
214,131,186,199,210,255
214,132,186,199,210,255
214,133,188,199,209,255
214,134,187,199,209,255
214,135,187,199,209,255
214,136,186,200,210,255
214,137,186,200,210,255
214,138,184,199,209,255
214,139,184,199,209,255
214,140,184,197,209,255
214,141,184,197,209,255
214,142,186,198,209,255
214,143,186,198,209,255
215,0,151,134,115,255
215,1,151,134,115,255
215,2,154,138,122,255
215,3,154,138,121,255
215,4,155,141,127,255
215,5,155,141,127,255
215,6,156,141,127,255
215,7,156,141,127,255
215,8,154,137,119,255
215,9,154,137,119,255
215,10,155,138,121,255
215,11,158,143,129,255
215,12,158,143,129,255
215,13,159,147,135,255
215,14,162,152,144,255
215,15,162,152,144,255
215,16,165,156,150,255
215,17,167,160,156,255
215,18,169,164,163,255
215,19,169,163,161,255
215,20,169,165,163,255
215,21,170,164,163,255
215,22,169,164,162,255
215,23,163,159,155,255
215,24,163,159,155,255
215,25,161,155,151,255
215,26,163,153,143,255
215,27,163,153,140,255
215,28,162,150,136,255
215,29,163,151,136,255
215,30,163,148,131,255
215,31,163,148,131,255
215,32,151,127,106,255
215,33,88,64,42,255
215,34,13,13,13,255
215,35,34,34,34,255
215,36,28,28,38,255
215,37,28,34,53,255
215,38,28,34,50,255
215,39,28,34,50,255
215,40,22,28,53,255
215,41,22,28,50,255
215,42,22,22,42,255
215,43,13,13,28,255
215,44,13,13,28,255
215,45,13,13,28,255
215,46,13,13,22,255
215,47,13,13,13,255
215,48,28,22,22,255
215,49,28,22,22,255
215,50,28,22,22,255
215,51,34,28,28,255
215,52,38,34,42,255
215,53,42,38,50,255
215,54,22,22,46,255
215,55,28,34,59,255
215,56,42,56,81,255
215,57,56,69,93,255
215,58,50,64,88,255
215,59,50,61,86,255
215,60,50,61,86,255
215,61,50,61,86,255
215,62,46,59,85,255
215,63,53,64,88,255
215,64,53,64,90,255
215,65,50,64,90,255
215,66,46,59,86,255
215,67,38,56,85,255
215,68,38,53,85,255
215,69,34,53,85,255
215,70,34,53,85,255
215,71,34,53,86,255
215,72,34,53,86,255
215,73,34,53,85,255
215,74,34,50,83,255
215,75,34,50,85,255
215,76,34,53,86,255
215,77,28,46,81,255
215,78,34,50,83,255
215,79,28,46,77,255
215,80,22,42,73,255
215,81,22,38,73,255
215,82,28,42,73,255
215,83,22,38,71,255
215,84,28,38,71,255
215,85,22,34,66,255
215,86,22,34,64,255
215,87,28,53,69,255
215,88,79,129,139,255
215,89,114,170,182,255
215,90,127,182,196,255
215,91,120,175,190,255
215,92,95,129,151,255
215,93,73,86,102,255
215,94,154,173,190,255
215,95,186,203,215,255
215,96,191,203,214,255
215,97,192,203,212,255
215,98,190,203,213,255
215,99,192,203,214,255
215,100,192,203,214,255
215,101,190,202,213,255
215,102,190,202,212,255
215,103,190,202,211,255
215,104,190,201,211,255
215,105,190,201,211,255
215,106,192,202,212,255
215,107,191,202,211,255
215,108,190,200,211,255
215,109,189,200,211,255
215,110,191,201,210,255
215,111,190,200,210,255
215,112,200,209,218,255
215,113,200,209,218,255
215,114,211,218,225,255
215,115,196,209,220,255
215,116,188,202,213,255
215,117,191,201,212,255
215,118,190,201,211,255
215,119,190,200,211,255
215,120,190,200,211,255
215,121,187,199,210,255
215,122,189,199,210,255
215,123,189,199,210,255
215,124,186,199,210,255
215,125,185,199,210,255
215,126,184,199,210,255
215,127,185,198,209,255
215,128,184,198,208,255
215,129,184,198,208,255
215,130,185,199,209,255
215,131,186,199,210,255
215,132,186,199,210,255
215,133,189,199,210,255
215,134,187,199,209,255
215,135,187,199,209,255
215,136,186,200,210,255
215,137,186,200,210,255
215,138,182,198,209,255
215,139,182,198,209,255
215,140,184,197,208,255
215,141,184,197,209,255
215,142,186,197,209,255
215,143,186,197,209,255
216,0,150,133,114,255
216,1,150,133,114,255
216,2,154,138,121,255
216,3,154,138,121,255
216,4,155,139,124,255
216,5,155,139,124,255
216,6,155,138,121,255
216,7,155,138,121,255
216,8,154,137,119,255
216,9,155,138,121,255
216,10,155,138,121,255
216,11,157,142,127,255
216,12,157,142,127,255
216,13,159,147,135,255
216,14,163,153,145,255
216,15,165,157,151,255
216,16,165,157,151,255
216,17,167,160,156,255
216,18,169,163,161,255
216,19,169,163,161,255
216,20,168,163,162,255
216,21,170,164,162,255
216,22,168,160,156,255
216,23,136,134,135,255
216,24,136,134,135,255
216,25,88,117,125,255
216,26,163,153,143,255
216,27,163,151,138,255
216,28,163,150,136,255
216,29,163,152,138,255
216,30,163,151,135,255
216,31,163,151,135,255
216,32,162,145,126,255
216,33,133,109,86,255
216,34,13,13,13,255
216,35,34,34,34,255
216,36,34,34,38,255
216,37,34,34,50,255
216,38,22,28,50,255
216,39,28,28,50,255
216,40,22,28,50,255
216,41,28,28,53,255
216,42,22,22,38,255
216,43,13,0,13,255
216,44,13,0,13,255
216,45,0,0,0,255
216,46,0,0,0,255
216,47,13,13,13,255
216,48,28,22,22,255
216,49,13,22,38,255
216,50,13,22,34,255
216,51,28,28,34,255
216,52,28,28,34,255
216,53,34,34,42,255
216,54,28,28,42,255
216,55,28,34,61,255
216,56,46,56,83,255
216,57,53,66,91,255
216,58,46,61,86,255
216,59,46,59,85,255
216,60,46,59,85,255
216,61,46,59,85,255
216,62,46,61,85,255
216,63,53,64,88,255
216,64,53,66,90,255
216,65,50,61,88,255
216,66,46,59,86,255
216,67,38,56,85,255
216,68,38,53,85,255
216,69,38,53,85,255
216,70,34,53,85,255
216,71,34,53,85,255
216,72,34,53,85,255
216,73,34,53,85,255
216,74,34,50,81,255
216,75,34,53,85,255
216,76,34,53,86,255
216,77,28,46,81,255
216,78,28,46,79,255
216,79,28,42,77,255
216,80,28,42,73,255
216,81,28,42,73,255
216,82,28,42,75,255
216,83,28,38,73,255
216,84,22,38,71,255
216,85,22,34,66,255
216,86,22,34,64,255
216,87,13,38,59,255
216,88,73,125,134,255
216,89,112,169,180,255
216,90,125,181,194,255
216,91,126,175,190,255
216,92,98,129,148,255
216,93,83,96,110,255
216,94,146,166,183,255
216,95,186,203,215,255
216,96,191,203,214,255
216,97,192,202,212,255
216,98,190,203,213,255
216,99,191,203,213,255
216,100,191,203,213,255
216,101,190,202,213,255
216,102,190,202,212,255
216,103,190,200,210,255
216,104,191,200,210,255
216,105,189,200,211,255
216,106,191,201,211,255
216,107,191,201,211,255
216,108,190,200,211,255
216,109,189,200,211,255
216,110,191,200,210,255
216,111,190,200,209,255
216,112,198,206,215,255
216,113,198,206,215,255
216,114,212,218,224,255
216,115,202,212,221,255
216,116,188,202,213,255
216,117,191,201,212,255
216,118,191,200,210,255
216,119,189,200,211,255
216,120,189,200,211,255
216,121,187,199,210,255
216,122,187,199,210,255
216,123,187,199,210,255
216,124,186,199,210,255
216,125,186,199,210,255
216,126,185,198,209,255
216,127,184,198,209,255
216,128,184,198,209,255
216,129,184,199,209,255
216,130,185,199,209,255
216,131,186,198,209,255
216,132,186,198,209,255
216,133,186,198,209,255
216,134,186,198,209,255
216,135,187,199,209,255
216,136,186,200,210,255
216,137,186,200,210,255
216,138,184,199,209,255
216,139,184,199,209,255
216,140,184,197,208,255
216,141,184,197,208,255
216,142,185,196,208,255
216,143,185,196,208,255
217,0,150,133,114,255
217,1,151,133,114,255
217,2,154,138,121,255
217,3,154,138,121,255
217,4,155,139,124,255
217,5,154,137,120,255
217,6,154,136,118,255
217,7,154,136,118,255
217,8,154,136,117,255
217,9,155,138,121,255
217,10,155,138,121,255
217,11,157,142,127,255
217,12,160,147,136,255
217,13,160,147,136,255
217,14,163,153,145,255
217,15,165,157,151,255
217,16,165,157,151,255
217,17,167,160,156,255
217,18,168,162,160,255
217,19,168,163,162,255
217,20,168,163,162,255
217,21,168,163,160,255
217,22,155,150,147,255
217,23,122,118,113,255
217,24,117,112,108,255
217,25,117,112,108,255
217,26,148,144,136,255
217,27,163,151,138,255
217,28,160,149,136,255
217,29,163,151,138,255
217,30,164,152,138,255
217,31,163,150,135,255
217,32,163,150,135,255
217,33,161,139,115,255
217,34,46,34,28,255
217,35,34,28,34,255
217,36,34,34,38,255
217,37,34,34,50,255
217,38,22,28,50,255
217,39,22,28,50,255
217,40,22,22,50,255
217,41,13,22,46,255
217,42,22,22,38,255
217,43,22,22,22,255
217,44,22,22,22,255
217,45,13,13,13,255
217,46,13,13,13,255
217,47,22,22,28,255
217,48,28,28,42,255
217,49,13,22,38,255
217,50,13,22,34,255
217,51,28,28,34,255
217,52,22,22,34,255
217,53,22,22,38,255
217,54,28,28,42,255
217,55,34,38,64,255
217,56,46,59,85,255
217,57,53,66,91,255
217,58,50,61,86,255
217,59,46,61,85,255
217,60,42,59,83,255
217,61,46,59,85,255
217,62,50,61,86,255
217,63,53,66,90,255
217,64,53,64,90,255
217,65,50,61,88,255
217,66,42,59,86,255
217,67,38,56,85,255
217,68,34,53,83,255
217,69,34,50,83,255
217,70,34,53,85,255
217,71,34,50,85,255
217,72,34,50,83,255
217,73,34,50,83,255
217,74,28,46,79,255
217,75,28,50,83,255
217,76,34,50,85,255
217,77,34,50,83,255
217,78,28,46,79,255
217,79,28,42,75,255
217,80,28,42,73,255
217,81,28,42,73,255
217,82,28,42,73,255
217,83,22,38,71,255
217,84,28,38,71,255
217,85,22,34,66,255
217,86,22,34,64,255
217,87,13,34,50,255
217,88,71,120,130,255
217,89,109,167,178,255
217,90,122,179,192,255
217,91,122,174,190,255
217,92,98,129,148,255
217,93,83,96,110,255
217,94,146,166,183,255
217,95,184,200,214,255
217,96,191,204,215,255
217,97,192,203,212,255
217,98,190,202,213,255
217,99,193,203,214,255
217,100,193,203,214,255
217,101,191,203,213,255
217,102,190,202,213,255
217,103,189,200,210,255
217,104,191,200,210,255
217,105,189,200,211,255
217,106,191,201,211,255
217,107,191,201,211,255
217,108,190,200,210,255
217,109,190,200,211,255
217,110,189,200,210,255
217,111,190,199,209,255
217,112,190,199,209,255
217,113,191,201,211,255
217,114,208,215,222,255
217,115,205,214,222,255
217,116,188,202,213,255
217,117,187,199,210,255
217,118,190,200,210,255
217,119,190,200,210,255
217,120,189,199,210,255
217,121,187,199,210,255
217,122,188,199,210,255
217,123,187,199,210,255
217,124,187,199,210,255
217,125,189,199,210,255
217,126,188,199,210,255
217,127,184,198,209,255
217,128,184,198,209,255
217,129,184,199,209,255
217,130,185,199,210,255
217,131,185,199,210,255
217,132,186,199,210,255
217,133,184,198,209,255
217,134,186,198,209,255
217,135,186,197,208,255
217,136,186,198,209,255
217,137,186,198,209,255
217,138,186,199,208,255
217,139,184,199,209,255
217,140,184,197,208,255
217,141,184,197,208,255
217,142,183,196,208,255
217,143,185,196,208,255
218,0,151,133,114,255
218,1,154,138,121,255
218,2,153,136,119,255
218,3,153,136,119,255
218,4,154,137,120,255
218,5,154,137,120,255
218,6,154,136,118,255
218,7,154,136,117,255
218,8,154,136,117,255
218,9,155,138,121,255
218,10,155,138,121,255
218,11,156,142,128,255
218,12,160,147,137,255
218,13,160,147,137,255
218,14,163,153,146,255
218,15,165,157,151,255
218,16,165,157,151,255
218,17,167,160,157,255
218,18,167,162,159,255
218,19,168,163,161,255
218,20,168,163,161,255
218,21,168,163,160,255
218,22,155,150,147,255
218,23,104,101,99,255
218,24,71,88,95,255
218,25,71,88,95,255
218,26,119,122,120,255
218,27,153,145,133,255
218,28,160,149,136,255
218,29,163,151,138,255
218,30,154,145,133,255
218,31,152,143,130,255
218,32,152,143,130,255
218,33,127,122,113,255
218,34,64,56,50,255
218,35,34,28,34,255
218,36,28,28,38,255
218,37,28,28,42,255
218,38,22,28,50,255
218,39,28,28,53,255
218,40,13,22,50,255
218,41,13,22,46,255
218,42,13,22,42,255
218,43,13,22,38,255
218,44,22,22,38,255
218,45,22,22,38,255
218,46,28,28,38,255
218,47,28,28,38,255
218,48,22,22,46,255
218,49,13,22,42,255
218,50,22,22,38,255
218,51,22,22,34,255
218,52,22,22,34,255
218,53,22,22,38,255
218,54,13,22,46,255
218,55,28,34,64,255
218,56,50,61,86,255
218,57,50,64,90,255
218,58,46,61,86,255
218,59,46,59,83,255
218,60,42,56,83,255
218,61,42,56,83,255
218,62,46,61,85,255
218,63,53,64,90,255
218,64,53,66,90,255
218,65,50,61,88,255
218,66,42,56,86,255
218,67,38,53,83,255
218,68,34,50,83,255
218,69,34,53,83,255
218,70,28,50,83,255
218,71,34,50,83,255
218,72,34,50,83,255
218,73,34,50,83,255
218,74,34,50,81,255
218,75,34,50,83,255
218,76,34,50,85,255
218,77,28,46,81,255
218,78,28,46,79,255
218,79,28,42,75,255
218,80,28,42,73,255
218,81,22,38,71,255
218,82,28,38,73,255
218,83,28,38,73,255
218,84,28,38,71,255
218,85,22,34,64,255
218,86,22,34,61,255
218,87,0,28,50,255
218,88,66,115,127,255
218,89,108,164,176,255
218,90,122,179,192,255
218,91,122,174,190,255
218,92,102,135,153,255
218,93,69,88,109,255
218,94,133,154,173,255
218,95,181,198,212,255
218,96,191,203,215,255
218,97,192,202,212,255
218,98,191,202,213,255
218,99,191,202,213,255
218,100,191,202,213,255
218,101,188,203,213,255
218,102,190,203,213,255
218,103,190,200,211,255
218,104,190,200,211,255
218,105,189,200,211,255
218,106,190,201,211,255
218,107,190,200,211,255
218,108,190,200,210,255
218,109,190,202,211,255
218,110,189,201,211,255
218,111,189,200,209,255
218,112,189,200,209,255
218,113,190,199,208,255
218,114,208,215,222,255
218,115,205,214,222,255
218,116,191,204,215,255
218,117,187,200,211,255
218,118,189,199,210,255
218,119,189,199,210,255
218,120,186,198,209,255
218,121,187,199,210,255
218,122,188,199,210,255
218,123,188,199,210,255
218,124,188,199,210,255
218,125,188,199,210,255
218,126,188,200,210,255
218,127,184,198,209,255
218,128,184,198,209,255
218,129,184,199,209,255
218,130,184,200,210,255
218,131,184,200,210,255
218,132,186,199,210,255
218,133,184,198,209,255
218,134,184,198,209,255
218,135,185,197,208,255
218,136,185,197,208,255
218,137,186,198,209,255
218,138,186,199,208,255
218,139,186,199,208,255
218,140,183,196,206,255
218,141,183,196,206,255
218,142,184,197,208,255
218,143,183,196,208,255
219,0,151,133,114,255
219,1,153,136,119,255
219,2,153,136,119,255
219,3,154,137,120,255
219,4,153,136,117,255
219,5,154,135,115,255
219,6,154,135,115,255
219,7,154,136,117,255
219,8,154,136,117,255
219,9,155,138,120,255
219,10,155,138,120,255
219,11,156,142,128,255
219,12,160,147,137,255
219,13,160,148,138,255
219,14,163,153,147,255
219,15,165,157,152,255
219,16,165,157,152,255
219,17,167,160,157,255
219,18,168,163,160,255
219,19,167,163,160,255
219,20,167,163,160,255
219,21,167,160,157,255
219,22,152,143,137,255
219,23,104,101,99,255
219,24,61,64,69,255
219,25,61,64,69,255
219,26,81,90,93,255
219,27,110,117,114,255
219,28,128,128,124,255
219,29,140,137,129,255
219,30,154,145,133,255
219,31,105,108,106,255
219,32,105,108,106,255
219,33,69,77,81,255
219,34,22,34,50,255
219,35,28,28,42,255
219,36,22,28,46,255
219,37,22,28,46,255
219,38,22,28,50,255
219,39,28,28,53,255
219,40,13,22,50,255
219,41,13,22,50,255
219,42,13,22,46,255
219,43,13,22,46,255
219,44,13,22,50,255
219,45,13,22,50,255
219,46,22,28,50,255
219,47,28,34,50,255
219,48,22,28,50,255
219,49,13,22,50,255
219,50,13,13,42,255
219,51,22,28,38,255
219,52,13,22,42,255
219,53,13,22,42,255
219,54,13,22,46,255
219,55,28,34,64,255
219,56,50,61,86,255
219,57,50,64,90,255
219,58,46,59,85,255
219,59,46,56,83,255
219,60,46,56,83,255
219,61,42,56,83,255
219,62,42,56,83,255
219,63,50,61,88,255
219,64,53,64,90,255
219,65,50,61,86,255
219,66,42,56,85,255
219,67,38,53,83,255
219,68,34,50,83,255
219,69,34,50,83,255
219,70,34,50,83,255
219,71,34,50,83,255
219,72,28,50,81,255
219,73,34,50,83,255
219,74,34,50,81,255
219,75,28,50,83,255
219,76,28,50,83,255
219,77,34,46,79,255
219,78,28,42,75,255
219,79,28,42,73,255
219,80,22,38,71,255
219,81,22,38,71,255
219,82,22,38,73,255
219,83,28,38,73,255
219,84,22,38,71,255
219,85,22,34,66,255
219,86,22,34,61,255
219,87,0,28,50,255
219,88,66,115,127,255
219,89,108,164,176,255
219,90,121,178,190,255
219,91,125,175,189,255
219,92,109,143,160,255
219,93,66,83,101,255
219,94,113,134,154,255
219,95,174,192,208,255
219,96,192,205,216,255
219,97,192,203,213,255
219,98,190,202,212,255
219,99,190,202,212,255
219,100,191,202,212,255
219,101,188,202,212,255
219,102,189,203,213,255
219,103,190,200,211,255
219,104,190,200,211,255
219,105,192,201,211,255
219,106,194,202,211,255
219,107,192,201,211,255
219,108,190,200,211,255
219,109,187,202,211,255
219,110,188,202,212,255
219,111,189,200,210,255
219,112,189,200,210,255
219,113,190,199,208,255
219,114,203,211,220,255
219,115,205,214,222,255
219,116,190,205,215,255
219,117,186,200,211,255
219,118,186,198,209,255
219,119,186,198,209,255
219,120,186,198,209,255
219,121,184,198,209,255
219,122,186,199,210,255
219,123,184,199,210,255
219,124,184,199,210,255
219,125,187,199,210,255
219,126,188,200,210,255
219,127,184,198,209,255
219,128,184,198,209,255
219,129,183,199,210,255
219,130,184,200,211,255
219,131,184,200,210,255
219,132,186,199,210,255
219,133,186,199,209,255
219,134,186,199,209,255
219,135,184,197,209,255
219,136,185,197,208,255
219,137,185,197,206,255
219,138,185,197,206,255
219,139,186,197,206,255
219,140,186,199,208,255
219,141,183,196,206,255
219,142,183,196,206,255
219,143,183,195,205,255
220,0,151,133,114,255
220,1,153,135,118,255
220,2,153,135,118,255
220,3,153,136,117,255
220,4,153,136,117,255
220,5,153,135,114,255
220,6,153,135,114,255
220,7,154,136,117,255
220,8,154,136,117,255
220,9,155,138,120,255
220,10,155,138,120,255
220,11,156,142,129,255
220,12,160,148,138,255
220,13,160,148,138,255
220,14,163,154,148,255
220,15,165,159,154,255
220,16,165,159,154,255
220,17,167,161,158,255
220,18,168,163,160,255
220,19,167,162,160,255
220,20,167,162,160,255
220,21,167,160,155,255
220,22,148,138,131,255
220,23,98,90,85,255
220,24,61,64,69,255
220,25,61,64,69,255
220,26,34,50,64,255
220,27,38,64,75,255
220,28,53,79,90,255
220,29,79,96,102,255
220,30,105,112,112,255
220,31,105,108,106,255
220,32,105,108,106,255
220,33,13,28,50,255
220,34,22,22,46,255
220,35,22,28,50,255
220,36,22,22,50,255
220,37,22,28,53,255
220,38,22,28,53,255
220,39,22,28,53,255
220,40,22,28,50,255
220,41,13,22,50,255
220,42,13,22,46,255
220,43,13,22,50,255
220,44,13,22,50,255
220,45,13,22,50,255
220,46,22,22,50,255
220,47,22,28,53,255
220,48,22,22,50,255
220,49,13,13,46,255
220,50,13,22,50,255
220,51,28,28,50,255
220,52,13,22,50,255
220,53,13,22,50,255
220,54,13,22,50,255
220,55,28,34,66,255
220,56,53,66,91,255
220,57,50,64,90,255
220,58,46,59,85,255
220,59,46,56,83,255
220,60,46,56,83,255
220,61,42,56,83,255
220,62,46,56,83,255
220,63,46,61,88,255
220,64,50,64,90,255
220,65,50,61,88,255
220,66,42,56,85,255
220,67,38,53,83,255
220,68,38,53,85,255
220,69,38,50,83,255
220,70,28,46,81,255
220,71,34,50,83,255
220,72,34,50,83,255
220,73,28,46,81,255
220,74,28,42,79,255
220,75,28,46,79,255
220,76,28,46,81,255
220,77,28,42,77,255
220,78,28,42,75,255
220,79,28,42,73,255
220,80,22,38,71,255
220,81,28,38,73,255
220,82,22,38,73,255
220,83,28,38,73,255
220,84,22,38,71,255
220,85,22,34,66,255
220,86,22,34,64,255
220,87,22,38,56,255
220,88,64,112,124,255
220,89,105,160,173,255
220,90,120,177,189,255
220,91,128,177,190,255
220,92,118,150,168,255
220,93,66,86,105,255
220,94,106,122,139,255
220,95,170,186,203,255
220,96,192,206,219,255
220,97,192,204,215,255
220,98,190,202,212,255
220,99,190,202,212,255
220,100,190,202,212,255
220,101,188,202,212,255
220,102,189,203,213,255
220,103,189,201,212,255
220,104,190,200,211,255
220,105,192,202,211,255
220,106,193,202,212,255
220,107,190,200,211,255
220,108,190,200,211,255
220,109,189,201,211,255
220,110,187,200,211,255
220,111,189,200,210,255
220,112,189,200,210,255
220,113,190,199,208,255
220,114,200,209,217,255
220,115,204,213,221,255
220,116,192,206,216,255
220,117,187,200,212,255
220,118,186,198,209,255
220,119,186,198,209,255
220,120,186,197,208,255
220,121,187,197,209,255
220,122,187,199,209,255
220,123,186,199,210,255
220,124,186,199,210,255
220,125,187,199,210,255
220,126,188,199,210,255
220,127,188,200,210,255
220,128,188,200,210,255
220,129,184,198,210,255
220,130,184,200,211,255
220,131,184,200,211,255
220,132,184,200,210,255
220,133,186,199,210,255
220,134,186,199,210,255
220,135,184,197,209,255
220,136,184,197,209,255
220,137,185,196,207,255
220,138,185,196,207,255
220,139,186,197,206,255
220,140,186,197,206,255
220,141,185,196,206,255
220,142,185,196,206,255
220,143,183,195,205,255
221,0,151,133,114,255
221,1,153,135,118,255
221,2,151,135,115,255
221,3,153,135,115,255
221,4,153,135,115,255
221,5,153,135,114,255
221,6,151,133,112,255
221,7,153,135,115,255
221,8,153,135,115,255
221,9,155,138,120,255
221,10,156,142,129,255
221,11,157,143,130,255
221,12,161,148,140,255
221,13,161,148,140,255
221,14,163,154,148,255
221,15,165,159,155,255
221,16,167,161,159,255
221,17,167,161,159,255
221,18,167,163,160,255
221,19,167,162,160,255
221,20,167,160,155,255
221,21,166,158,153,255
221,22,141,132,127,255
221,23,83,77,75,255
221,24,38,42,53,255
221,25,34,50,64,255
221,26,34,50,64,255
221,27,22,28,50,255
221,28,22,28,53,255
221,29,22,38,61,255
221,30,13,46,71,255
221,31,0,42,66,255
221,32,13,28,50,255
221,33,13,28,50,255
221,34,22,22,46,255
221,35,22,22,53,255
221,36,22,28,53,255
221,37,22,22,50,255
221,38,22,22,53,255
221,39,22,28,53,255
221,40,22,22,50,255
221,41,13,22,46,255
221,42,13,13,46,255
221,43,13,22,50,255
221,44,13,22,50,255
221,45,13,22,50,255
221,46,22,22,50,255
221,47,22,28,50,255
221,48,13,13,46,255
221,49,13,13,46,255
221,50,22,22,50,255
221,51,28,34,53,255
221,52,22,28,53,255
221,53,13,22,50,255
221,54,22,28,53,255
221,55,34,42,71,255
221,56,53,71,96,255
221,57,50,66,93,255
221,58,38,56,83,255
221,59,42,56,81,255
221,60,42,56,81,255
221,61,46,56,83,255
221,62,46,56,83,255
221,63,46,61,88,255
221,64,50,64,90,255
221,65,50,61,88,255
221,66,42,56,85,255
221,67,38,53,83,255
221,68,38,53,85,255
221,69,34,50,83,255
221,70,34,50,83,255
221,71,28,46,81,255
221,72,34,50,83,255
221,73,34,46,81,255
221,74,28,46,79,255
221,75,28,46,79,255
221,76,28,46,81,255
221,77,28,42,77,255
221,78,28,42,75,255
221,79,28,42,73,255
221,80,22,38,71,255
221,81,28,38,73,255
221,82,28,42,73,255
221,83,28,38,71,255
221,84,28,38,71,255
221,85,22,34,66,255
221,86,28,38,66,255
221,87,22,38,61,255
221,88,59,106,120,255
221,89,102,157,170,255
221,90,120,177,188,255
221,91,128,178,192,255
221,92,121,156,173,255
221,93,71,91,110,255
221,94,99,115,132,255
221,95,162,180,197,255
221,96,190,206,219,255
221,97,192,205,217,255
221,98,190,202,213,255
221,99,190,202,212,255
221,100,190,202,212,255
221,101,189,201,211,255
221,102,190,202,212,255
221,103,189,201,212,255
221,104,189,201,210,255
221,105,191,202,211,255
221,106,192,202,211,255
221,107,189,200,210,255
221,108,189,200,211,255
221,109,189,201,211,255
221,110,187,200,211,255
221,111,187,200,211,255
221,112,189,200,210,255
221,113,190,199,208,255
221,114,198,206,215,255
221,115,205,213,220,255
221,116,192,206,216,255
221,117,187,200,212,255
221,118,187,200,212,255
221,119,186,199,210,255
221,120,187,198,209,255
221,121,187,197,209,255
221,122,187,197,209,255
221,123,187,199,209,255
221,124,186,199,210,255
221,125,186,199,211,255
221,126,185,197,210,255
221,127,185,197,210,255
221,128,186,199,210,255
221,129,184,198,210,255
221,130,186,200,210,255
221,131,186,200,210,255
221,132,185,200,210,255
221,133,184,200,210,255
221,134,186,199,210,255
221,135,186,197,209,255
221,136,186,197,209,255
221,137,184,196,208,255
221,138,185,196,207,255
221,139,189,197,207,255
221,140,189,197,207,255
221,141,186,197,206,255
221,142,185,196,206,255
221,143,186,196,205,255
222,0,151,135,115,255
222,1,151,135,115,255
222,2,151,135,115,255
222,3,153,135,115,255
222,4,150,133,113,255
222,5,151,133,112,255
222,6,151,133,112,255
222,7,153,135,115,255
222,8,153,135,115,255
222,9,155,138,122,255
222,10,157,143,130,255
222,11,157,143,130,255
222,12,160,149,141,255
222,13,163,155,148,255
222,14,163,155,148,255
222,15,165,159,155,255
222,16,167,161,159,255
222,17,167,162,160,255
222,18,167,163,160,255
222,19,167,162,160,255
222,20,166,158,153,255
222,21,166,158,153,255
222,22,121,117,113,255
222,23,50,53,56,255
222,24,28,28,42,255
222,25,22,22,46,255
222,26,22,22,46,255
222,27,22,28,50,255
222,28,22,28,46,255
222,29,13,22,42,255
222,30,13,13,46,255
222,31,13,22,50,255
222,32,13,13,50,255
222,33,13,13,50,255
222,34,13,22,50,255
222,35,22,22,53,255
222,36,22,28,53,255
222,37,13,22,53,255
222,38,13,22,53,255
222,39,22,22,53,255
222,40,22,22,50,255
222,41,22,22,50,255
222,42,13,22,46,255
222,43,13,13,50,255
222,44,13,22,50,255
222,45,22,22,50,255
222,46,22,22,50,255
222,47,28,28,50,255
222,48,13,13,46,255
222,49,13,13,42,255
222,50,28,28,53,255
222,51,28,34,53,255
222,52,28,34,53,255
222,53,13,22,50,255
222,54,22,28,56,255
222,55,34,42,75,255
222,56,53,73,101,255
222,57,46,64,91,255
222,58,42,56,83,255
222,59,42,53,79,255
222,60,46,59,83,255
222,61,46,56,81,255
222,62,42,56,81,255
222,63,46,61,86,255
222,64,50,64,90,255
222,65,46,61,88,255
222,66,42,56,85,255
222,67,38,53,83,255
222,68,38,53,85,255
222,69,34,50,83,255
222,70,34,50,83,255
222,71,28,46,81,255
222,72,34,50,83,255
222,73,34,46,81,255
222,74,28,46,79,255
222,75,28,42,77,255
222,76,28,42,77,255
222,77,28,42,77,255
222,78,28,38,75,255
222,79,28,38,73,255
222,80,28,38,73,255
222,81,28,42,75,255
222,82,28,42,75,255
222,83,28,38,73,255
222,84,28,38,71,255
222,85,22,38,69,255
222,86,22,34,66,255
222,87,22,42,64,255
222,88,56,102,115,255
222,89,98,154,166,255
222,90,119,176,187,255
222,91,128,180,192,255
222,92,124,163,179,255
222,93,79,102,120,255
222,94,69,90,112,255
222,95,155,174,191,255
222,96,189,205,218,255
222,97,192,205,217,255
222,98,192,205,217,255
222,99,190,202,213,255
222,100,190,202,212,255
222,101,189,202,212,255
222,102,190,202,211,255
222,103,190,202,212,255
222,104,189,201,210,255
222,105,190,202,211,255
222,106,190,200,211,255
222,107,187,200,210,255
222,108,189,200,211,255
222,109,188,200,211,255
222,110,185,200,210,255
222,111,185,200,210,255
222,112,186,200,210,255
222,113,190,199,208,255
222,114,196,205,213,255
222,115,206,213,220,255
222,116,192,206,216,255
222,117,186,200,212,255
222,118,186,200,212,255
222,119,186,199,211,255
222,120,187,199,210,255
222,121,186,197,209,255
222,122,187,197,209,255
222,123,187,197,209,255
222,124,184,197,209,255
222,125,185,197,209,255
222,126,187,198,209,255
222,127,185,197,210,255
222,128,186,199,210,255
222,129,184,198,210,255
222,130,184,198,210,255
222,131,184,199,210,255
222,132,185,200,210,255
222,133,185,200,210,255
222,134,186,199,209,255
222,135,183,197,209,255
222,136,186,197,209,255
222,137,184,196,208,255
222,138,184,196,208,255
222,139,188,197,208,255
222,140,189,197,207,255
222,141,186,197,206,255
222,142,186,197,206,255
222,143,186,197,206,255
223,0,151,135,115,255
223,1,150,133,113,255
223,2,150,133,113,255
223,3,150,133,113,255
223,4,150,133,113,255
223,5,151,133,112,255
223,6,151,133,112,255
223,7,153,135,115,255
223,8,155,138,122,255
223,9,155,139,124,255
223,10,158,145,133,255
223,11,158,145,133,255
223,12,160,149,141,255
223,13,163,155,148,255
223,14,163,155,148,255
223,15,166,159,155,255
223,16,167,162,160,255
223,17,167,162,160,255
223,18,167,163,160,255
223,19,167,160,157,255
223,20,159,150,147,255
223,21,159,150,147,255
223,22,121,117,113,255
223,23,50,53,56,255
223,24,28,28,38,255
223,25,22,22,46,255
223,26,22,22,46,255
223,27,22,22,46,255
223,28,22,28,46,255
223,29,13,22,42,255
223,30,13,22,46,255
223,31,22,28,56,255
223,32,28,28,53,255
223,33,28,28,53,255
223,34,22,28,53,255
223,35,22,28,53,255
223,36,22,28,53,255
223,37,13,22,53,255
223,38,13,13,50,255
223,39,13,22,50,255
223,40,13,13,42,255
223,41,13,22,46,255
223,42,22,28,50,255
223,43,22,28,53,255
223,44,22,22,50,255
223,45,28,28,53,255
223,46,28,28,53,255
223,47,28,28,50,255
223,48,13,13,46,255
223,49,13,13,46,255
223,50,13,22,46,255
223,51,22,28,50,255
223,52,22,28,53,255
223,53,13,22,50,255
223,54,13,22,53,255
223,55,28,42,77,255
223,56,53,71,99,255
223,57,46,64,91,255
223,58,38,53,81,255
223,59,42,53,79,255
223,60,46,56,81,255
223,61,46,56,79,255
223,62,42,53,79,255
223,63,46,59,86,255
223,64,46,61,86,255
223,65,42,59,85,255
223,66,38,53,83,255
223,67,38,50,83,255
223,68,38,53,85,255
223,69,38,53,85,255
223,70,34,50,83,255
223,71,34,46,81,255
223,72,28,46,81,255
223,73,28,46,79,255
223,74,28,42,77,255
223,75,28,42,77,255
223,76,28,42,77,255
223,77,28,42,75,255
223,78,28,38,75,255
223,79,22,38,71,255
223,80,28,42,75,255
223,81,28,42,75,255
223,82,28,42,75,255
223,83,28,42,73,255
223,84,28,38,71,255
223,85,28,38,69,255
223,86,28,38,69,255
223,87,22,38,61,255
223,88,50,96,109,255
223,89,96,150,163,255
223,90,119,176,187,255
223,91,124,180,192,255
223,92,121,167,181,255
223,93,83,109,126,255
223,94,66,79,93,255
223,95,155,174,191,255
223,96,189,205,218,255
223,97,192,204,216,255
223,98,192,204,216,255
223,99,190,200,211,255
223,100,189,202,212,255
223,101,189,202,212,255
223,102,191,201,211,255
223,103,190,202,212,255
223,104,190,202,211,255
223,105,188,201,210,255
223,106,190,200,211,255
223,107,187,200,210,255
223,108,189,200,210,255
223,109,186,200,210,255
223,110,184,200,210,255
223,111,184,200,210,255
223,112,186,200,209,255
223,113,188,199,208,255
223,114,196,205,213,255
223,115,206,213,220,255
223,116,197,208,218,255
223,117,186,201,212,255
223,118,186,201,212,255
223,119,186,199,210,255
223,120,187,199,210,255
223,121,186,197,209,255
223,122,187,197,208,255
223,123,187,197,208,255
223,124,185,196,207,255
223,125,184,196,207,255
223,126,187,198,209,255
223,127,187,198,209,255
223,128,185,199,209,255
223,129,182,198,209,255
223,130,182,198,209,255
223,131,184,199,210,255
223,132,185,199,209,255
223,133,185,199,209,255
223,134,185,199,209,255
223,135,186,199,209,255
223,136,183,197,209,255
223,137,184,196,208,255
223,138,184,196,208,255
223,139,188,197,208,255
223,140,188,197,208,255
223,141,186,196,206,255
223,142,186,196,206,255
223,143,186,197,206,255
224,0,150,133,113,255
224,1,150,133,113,255
224,2,151,133,112,255
224,3,151,133,112,255
224,4,151,133,112,255
224,5,151,133,112,255
224,6,153,135,115,255
224,7,153,135,115,255
224,8,155,139,124,255
224,9,155,139,124,255
224,10,159,146,135,255
224,11,159,146,135,255
224,12,161,150,142,255
224,13,163,155,148,255
224,14,163,155,148,255
224,15,166,160,156,255
224,16,167,162,160,255
224,17,167,162,160,255
224,18,167,163,160,255
224,19,167,160,155,255
224,20,155,146,140,255
224,21,155,146,140,255
224,22,114,106,101,255
224,23,53,46,46,255
224,24,28,28,38,255
224,25,22,28,46,255
224,26,22,28,46,255
224,27,22,28,50,255
224,28,22,22,46,255
224,29,13,13,42,255
224,30,13,22,46,255
224,31,22,28,53,255
224,32,22,28,53,255
224,33,22,28,53,255
224,34,28,28,56,255
224,35,22,28,56,255
224,36,22,28,53,255
224,37,22,22,53,255
224,38,13,13,50,255
224,39,13,22,50,255
224,40,13,13,46,255
224,41,13,22,46,255
224,42,13,22,50,255
224,43,22,22,53,255
224,44,22,22,50,255
224,45,22,28,50,255
224,46,22,28,50,255
224,47,22,28,50,255
224,48,13,13,46,255
224,49,13,13,46,255
224,50,13,22,46,255
224,51,22,28,50,255
224,52,13,22,46,255
224,53,13,22,50,255
224,54,22,22,53,255
224,55,34,46,75,255
224,56,46,66,95,255
224,57,46,61,90,255
224,58,42,56,81,255
224,59,38,53,79,255
224,60,42,53,79,255
224,61,38,53,77,255
224,62,42,53,79,255
224,63,46,59,85,255
224,64,46,59,86,255
224,65,42,56,83,255
224,66,42,53,85,255
224,67,38,53,85,255
224,68,34,50,83,255
224,69,34,50,83,255
224,70,34,50,83,255
224,71,28,46,79,255
224,72,34,46,79,255
224,73,28,46,79,255
224,74,22,38,75,255
224,75,28,42,75,255
224,76,28,38,75,255
224,77,28,38,75,255
224,78,22,38,73,255
224,79,28,38,71,255
224,80,22,38,73,255
224,81,22,38,75,255
224,82,28,42,75,255
224,83,22,38,71,255
224,84,22,38,69,255
224,85,22,38,69,255
224,86,22,38,66,255
224,87,22,34,59,255
224,88,46,90,105,255
224,89,96,148,160,255
224,90,119,175,186,255
224,91,122,178,190,255
224,92,121,167,181,255
224,93,83,109,126,255
224,94,66,79,93,255
224,95,156,173,189,255
224,96,186,203,217,255
224,97,191,203,215,255
224,98,191,203,215,255
224,99,190,202,212,255
224,100,188,201,211,255
224,101,189,201,211,255
224,102,191,201,211,255
224,103,189,202,211,255
224,104,190,202,211,255
224,105,188,201,210,255
224,106,191,200,210,255
224,107,186,199,209,255
224,108,186,199,210,255
224,109,186,200,211,255
224,110,184,200,210,255
224,111,184,200,210,255
224,112,186,199,209,255
224,113,188,199,208,255
224,114,191,201,210,255
224,115,206,213,220,255
224,116,203,212,220,255
224,117,189,202,213,255
224,118,189,202,213,255
224,119,186,199,210,255
224,120,187,198,210,255
224,121,185,197,209,255
224,122,186,199,209,255
224,123,186,199,209,255
224,124,185,198,208,255
224,125,184,196,207,255
224,126,186,198,208,255
224,127,186,198,208,255
224,128,185,198,209,255
224,129,182,198,209,255
224,130,182,198,209,255
224,131,184,198,209,255
224,132,184,198,208,255
224,133,184,198,208,255
224,134,185,199,209,255
224,135,185,199,209,255
224,136,184,196,208,255
224,137,184,196,208,255
224,138,184,196,208,255
224,139,184,196,208,255
224,140,186,197,208,255
224,141,186,197,208,255
224,142,186,196,206,255
224,143,186,196,206,255
225,0,150,133,113,255
225,1,150,133,113,255
225,2,151,133,112,255
225,3,151,133,112,255
225,4,151,132,110,255
225,5,151,132,110,255
225,6,153,135,115,255
225,7,152,135,115,255
225,8,155,140,125,255
225,9,155,140,125,255
225,10,159,146,135,255
225,11,161,150,142,255
225,12,161,152,145,255
225,13,164,155,150,255
225,14,164,155,150,255
225,15,166,160,156,255
225,16,167,162,160,255
225,17,167,162,160,255
225,18,167,162,160,255
225,19,167,160,155,255
225,20,155,146,140,255
225,21,104,96,91,255
225,22,104,96,91,255
225,23,42,38,42,255
225,24,28,28,42,255
225,25,22,28,46,255
225,26,34,34,50,255
225,27,34,34,50,255
225,28,22,28,46,255
225,29,13,22,42,255
225,30,13,22,50,255
225,31,22,28,53,255
225,32,22,28,53,255
225,33,13,22,53,255
225,34,13,22,53,255
225,35,22,28,53,255
225,36,13,22,50,255
225,37,22,22,53,255
225,38,22,22,53,255
225,39,13,22,50,255
225,40,13,13,46,255
225,41,13,22,46,255
225,42,13,22,50,255
225,43,13,22,50,255
225,44,22,22,50,255
225,45,22,28,50,255
225,46,22,28,50,255
225,47,13,22,50,255
225,48,13,13,46,255
225,49,13,13,46,255
225,50,13,22,42,255
225,51,13,22,46,255
225,52,13,22,46,255
225,53,13,22,50,255
225,54,22,22,53,255
225,55,34,42,71,255
225,56,46,61,90,255
225,57,42,59,86,255
225,58,42,56,81,255
225,59,42,56,81,255
225,60,38,53,79,255
225,61,38,50,77,255
225,62,38,50,77,255
225,63,42,56,85,255
225,64,42,56,85,255
225,65,38,53,83,255
225,66,38,53,85,255
225,67,38,53,85,255
225,68,34,50,83,255
225,69,34,50,83,255
225,70,28,46,81,255
225,71,28,42,77,255
225,72,28,42,77,255
225,73,28,42,75,255
225,74,22,38,73,255
225,75,28,42,75,255
225,76,28,42,75,255
225,77,28,42,75,255
225,78,22,34,71,255
225,79,22,34,69,255
225,80,22,38,73,255
225,81,22,38,73,255
225,82,28,42,75,255
225,83,28,38,71,255
225,84,22,38,69,255
225,85,22,34,66,255
225,86,22,38,66,255
225,87,22,34,56,255
225,88,42,79,93,255
225,89,96,148,160,255
225,90,119,175,186,255
225,91,122,178,190,255
225,92,114,168,180,255
225,93,85,112,128,255
225,94,69,81,93,255
225,95,155,173,190,255
225,96,186,202,215,255
225,97,189,203,215,255
225,98,189,203,215,255
225,99,189,201,212,255
225,100,190,200,211,255
225,101,190,200,210,255
225,102,191,201,211,255
225,103,189,202,211,255
225,104,188,201,211,255
225,105,188,200,210,255
225,106,189,200,209,255
225,107,187,199,209,255
225,108,188,200,210,255
225,109,188,200,211,255
225,110,188,200,211,255
225,111,184,200,210,255
225,112,186,199,209,255
225,113,186,198,208,255
225,114,189,199,208,255
225,115,207,214,220,255
225,116,206,215,222,255
225,117,206,215,222,255
225,118,189,202,213,255
225,119,186,198,210,255
225,120,187,198,209,255
225,121,185,197,209,255
225,122,185,197,209,255
225,123,186,199,209,255
225,124,185,198,208,255
225,125,185,197,208,255
225,126,185,197,208,255
225,127,184,197,208,255
225,128,185,198,209,255
225,129,182,197,208,255
225,130,182,197,208,255
225,131,182,197,208,255
225,132,184,198,209,255
225,133,184,198,208,255
225,134,182,197,208,255
225,135,182,197,208,255
225,136,185,196,207,255
225,137,184,196,208,255
225,138,182,195,207,255
225,139,182,195,207,255
225,140,186,197,208,255
225,141,186,197,208,255
225,142,184,195,206,255
225,143,184,195,206,255
226,0,150,133,113,255
226,1,150,133,113,255
226,2,150,131,109,255
226,3,150,131,109,255
226,4,151,132,110,255
226,5,150,132,110,255
226,6,152,135,115,255
226,7,152,135,115,255
226,8,155,140,125,255
226,9,155,141,128,255
226,10,160,148,138,255
226,11,161,152,145,255
226,12,161,152,145,255
226,13,164,156,152,255
226,14,165,160,156,255
226,15,165,160,156,255
226,16,167,162,160,255
226,17,167,162,160,255
226,18,167,162,160,255
226,19,166,159,154,255
226,20,149,141,135,255
226,21,104,96,91,255
226,22,91,86,81,255
226,23,34,28,34,255
226,24,13,22,34,255
226,25,22,22,46,255
226,26,34,34,50,255
226,27,34,34,50,255
226,28,22,22,46,255
226,29,13,22,46,255
226,30,13,22,46,255
226,31,22,22,50,255
226,32,22,28,53,255
226,33,13,22,53,255
226,34,13,22,53,255
226,35,13,13,46,255
226,36,13,22,50,255
226,37,13,22,50,255
226,38,22,22,50,255
226,39,22,22,50,255
226,40,13,22,50,255
226,41,13,13,46,255
226,42,13,22,50,255
226,43,13,22,50,255
226,44,13,13,46,255
226,45,22,28,50,255
226,46,22,22,50,255
226,47,22,22,50,255
226,48,13,22,50,255
226,49,13,22,46,255
226,50,22,22,46,255
226,51,13,22,46,255
226,52,13,22,46,255
226,53,22,22,50,255
226,54,22,28,53,255
226,55,34,42,71,255
226,56,46,61,90,255
226,57,42,59,86,255
226,58,42,56,83,255
226,59,42,56,81,255
226,60,42,53,79,255
226,61,38,53,77,255
226,62,38,50,77,255
226,63,42,53,85,255
226,64,38,53,83,255
226,65,38,50,81,255
226,66,38,50,83,255
226,67,38,53,83,255
226,68,38,50,83,255
226,69,34,50,83,255
226,70,28,46,81,255
226,71,28,42,77,255
226,72,28,42,75,255
226,73,28,42,73,255
226,74,28,38,73,255
226,75,28,42,75,255
226,76,28,42,75,255
226,77,28,38,75,255
226,78,28,38,71,255
226,79,22,34,69,255
226,80,22,34,71,255
226,81,28,38,73,255
226,82,22,38,71,255
226,83,22,38,69,255
226,84,22,34,69,255
226,85,22,34,66,255
226,86,22,38,66,255
226,87,22,34,56,255
226,88,42,79,93,255
226,89,95,144,156,255
226,90,114,171,183,255
226,91,121,177,188,255
226,92,129,170,182,255
226,93,102,128,141,255
226,94,69,83,96,255
226,95,151,170,187,255
226,96,184,201,215,255
226,97,184,201,215,255
226,98,189,202,214,255
226,99,189,201,211,255
226,100,190,200,211,255
226,101,190,200,210,255
226,102,191,201,211,255
226,103,189,200,211,255
226,104,188,200,211,255
226,105,189,200,210,255
226,106,189,200,209,255
226,107,189,199,210,255
226,108,189,200,210,255
226,109,188,200,211,255
226,110,188,200,211,255
226,111,184,200,211,255
226,112,186,200,210,255
226,113,186,197,208,255
226,114,186,197,207,255
226,115,206,213,220,255
226,116,206,215,222,255
226,117,206,215,222,255
226,118,189,203,215,255
226,119,186,199,210,255
226,120,187,198,209,255
226,121,185,197,209,255
226,122,185,197,209,255
226,123,186,198,209,255
226,124,183,198,209,255
226,125,183,197,208,255
226,126,183,197,208,255
226,127,184,197,208,255
226,128,186,197,209,255
226,129,186,197,209,255
226,130,186,198,209,255
226,131,182,197,208,255
226,132,182,197,208,255
226,133,183,197,208,255
226,134,182,196,208,255
226,135,182,197,208,255
226,136,185,196,207,255
226,137,185,196,207,255
226,138,184,196,207,255
226,139,182,195,207,255
226,140,184,196,208,255
226,141,184,196,208,255
226,142,184,195,206,255
226,143,184,195,206,255
227,0,150,132,110,255
227,1,150,131,109,255
227,2,150,131,109,255
227,3,149,131,108,255
227,4,150,132,110,255
227,5,150,132,110,255
227,6,152,135,118,255
227,7,152,135,118,255
227,8,155,141,128,255
227,9,155,141,128,255
227,10,160,149,141,255
227,11,162,153,147,255
227,12,162,153,147,255
227,13,164,156,152,255
227,14,164,159,155,255
227,15,164,159,155,255
227,16,167,161,160,255
227,17,167,162,160,255
227,18,167,162,160,255
227,19,164,157,152,255
227,20,144,135,129,255
227,21,91,86,81,255
227,22,91,86,81,255
227,23,34,28,34,255
227,24,22,22,38,255
227,25,22,22,46,255
227,26,28,28,46,255
227,27,28,28,46,255
227,28,22,22,46,255
227,29,13,13,46,255
227,30,13,22,46,255
227,31,13,22,46,255
227,32,13,22,50,255
227,33,22,22,50,255
227,34,22,22,50,255
227,35,13,13,46,255
227,36,13,13,46,255
227,37,13,22,46,255
227,38,22,22,50,255
227,39,13,22,50,255
227,40,22,22,50,255
227,41,22,22,50,255
227,42,13,22,50,255
227,43,13,13,46,255
227,44,13,13,46,255
227,45,22,28,50,255
227,46,13,13,46,255
227,47,13,13,46,255
227,48,13,13,46,255
227,49,13,22,46,255
227,50,22,22,46,255
227,51,22,22,50,255
227,52,22,22,50,255
227,53,13,22,50,255
227,54,22,22,53,255
227,55,28,42,71,255
227,56,46,61,88,255
227,57,42,59,85,255
227,58,42,56,83,255
227,59,42,56,81,255
227,60,42,53,79,255
227,61,38,53,77,255
227,62,38,50,77,255
227,63,38,53,83,255
227,64,42,53,85,255
227,65,34,50,81,255
227,66,38,50,81,255
227,67,38,50,81,255
227,68,38,50,83,255
227,69,38,50,83,255
227,70,34,50,83,255
227,71,28,46,79,255
227,72,28,46,77,255
227,73,28,42,75,255
227,74,22,38,71,255
227,75,22,38,73,255
227,76,34,42,77,255
227,77,22,38,71,255
227,78,22,34,69,255
227,79,28,38,69,255
227,80,22,34,71,255
227,81,28,38,73,255
227,82,22,38,71,255
227,83,22,38,69,255
227,84,22,34,69,255
227,85,22,34,66,255
227,86,22,38,66,255
227,87,22,34,59,255
227,88,22,61,75,255
227,89,88,137,149,255
227,90,112,167,179,255
227,91,117,173,184,255
227,92,125,169,184,255
227,93,112,138,155,255
227,94,66,83,98,255
227,95,147,165,182,255
227,96,182,199,213,255
227,97,182,199,213,255
227,98,189,202,214,255
227,99,189,201,211,255
227,100,189,200,210,255
227,101,190,200,210,255
227,102,190,200,210,255
227,103,189,200,210,255
227,104,189,200,211,255
227,105,190,200,211,255
227,106,189,200,210,255
227,107,190,199,210,255
227,108,189,200,210,255
227,109,187,200,210,255
227,110,187,200,210,255
227,111,184,200,211,255
227,112,186,200,210,255
227,113,185,199,209,255
227,114,185,197,207,255
227,115,206,213,220,255
227,116,211,218,224,255
227,117,211,218,224,255
227,118,192,205,217,255
227,119,185,198,210,255
227,120,187,198,209,255
227,121,185,197,209,255
227,122,185,197,209,255
227,123,186,198,209,255
227,124,183,198,209,255
227,125,183,197,208,255
227,126,183,197,208,255
227,127,182,197,207,255
227,128,184,196,208,255
227,129,184,196,208,255
227,130,186,198,209,255
227,131,183,197,208,255
227,132,183,197,208,255
227,133,182,197,208,255
227,134,182,196,208,255
227,135,182,196,208,255
227,136,182,196,208,255
227,137,182,196,208,255
227,138,184,196,207,255
227,139,184,196,207,255
227,140,182,196,207,255
227,141,184,196,208,255
227,142,184,196,208,255
227,143,184,196,207,255
228,0,150,132,110,255
228,1,149,131,108,255
228,2,149,131,108,255
228,3,150,132,110,255
228,4,149,132,110,255
228,5,149,132,110,255
228,6,152,135,118,255
228,7,152,135,118,255
228,8,156,143,131,255
228,9,160,149,141,255
228,10,160,149,141,255
228,11,162,154,148,255
228,12,162,154,148,255
228,13,163,157,153,255
228,14,164,159,155,255
228,15,164,159,155,255
228,16,166,161,159,255
228,17,166,160,158,255
228,18,166,160,158,255
228,19,164,157,152,255
228,20,130,122,119,255
228,21,50,56,61,255
228,22,50,56,61,255
228,23,28,28,34,255
228,24,22,22,38,255
228,25,13,22,46,255
228,26,22,28,46,255
228,27,22,28,46,255
228,28,22,22,46,255
228,29,13,13,46,255
228,30,13,22,46,255
228,31,13,13,46,255
228,32,22,22,50,255
228,33,13,22,50,255
228,34,13,22,50,255
228,35,22,22,50,255
228,36,13,13,46,255
228,37,13,22,46,255
228,38,13,13,46,255
228,39,13,22,50,255
228,40,13,22,50,255
228,41,22,22,50,255
228,42,22,22,50,255
228,43,13,22,50,255
228,44,13,13,46,255
228,45,22,22,50,255
228,46,13,13,46,255
228,47,13,13,46,255
228,48,13,13,42,255
228,49,13,13,42,255
228,50,22,22,46,255
228,51,22,22,50,255
228,52,13,22,46,255
228,53,13,13,46,255
228,54,13,22,53,255
228,55,34,46,75,255
228,56,46,61,88,255
228,57,42,59,85,255
228,58,38,53,81,255
228,59,42,56,81,255
228,60,42,53,79,255
228,61,38,50,77,255
228,62,38,50,77,255
228,63,38,53,83,255
228,64,42,53,85,255
228,65,34,50,81,255
228,66,38,50,81,255
228,67,38,50,81,255
228,68,38,50,83,255
228,69,38,50,83,255
228,70,34,50,83,255
228,71,28,46,79,255
228,72,28,46,77,255
228,73,28,42,75,255
228,74,22,38,71,255
228,75,22,38,73,255
228,76,34,42,77,255
228,77,22,38,71,255
228,78,22,34,69,255
228,79,28,38,69,255
228,80,22,34,71,255
228,81,28,38,73,255
228,82,22,38,69,255
228,83,28,38,69,255
228,84,22,34,66,255
228,85,22,34,66,255
228,86,22,34,64,255
228,87,22,34,59,255
228,88,22,50,64,255
228,89,81,131,144,255
228,90,108,164,175,255
228,91,115,171,183,255
228,92,135,174,186,255
228,93,115,145,161,255
228,94,93,106,119,255
228,95,141,160,178,255
228,96,182,199,213,255
228,97,182,199,213,255
228,98,189,202,214,255
228,99,190,200,211,255
228,100,189,200,210,255
228,101,189,199,209,255
228,102,189,199,209,255
228,103,189,199,209,255
228,104,189,200,211,255
228,105,190,200,211,255
228,106,189,200,210,255
228,107,190,199,210,255
228,108,189,200,210,255
228,109,187,199,210,255
228,110,187,199,210,255
228,111,184,199,211,255
228,112,187,199,209,255
228,113,185,199,209,255
228,114,185,197,207,255
228,115,203,211,219,255
228,116,213,220,226,255
228,117,213,220,226,255
228,118,196,208,219,255
228,119,185,198,210,255
228,120,186,198,209,255
228,121,186,197,209,255
228,122,186,197,209,255
228,123,184,199,209,255
228,124,183,198,209,255
228,125,184,199,209,255
228,126,184,199,209,255
228,127,182,197,208,255
228,128,184,196,208,255
228,129,184,196,208,255
228,130,189,198,209,255
228,131,184,198,209,255
228,132,184,198,209,255
228,133,182,197,208,255
228,134,182,197,208,255
228,135,180,196,208,255
228,136,182,196,208,255
228,137,182,196,208,255
228,138,182,195,207,255
228,139,182,195,207,255
228,140,184,196,207,255
228,141,182,196,207,255
228,142,182,196,207,255
228,143,184,196,207,255
229,0,150,131,109,255
229,1,149,131,108,255
229,2,149,130,108,255
229,3,149,132,110,255
229,4,149,132,110,255
229,5,152,135,118,255
229,6,153,136,120,255
229,7,156,143,131,255
229,8,156,143,131,255
229,9,160,150,143,255
229,10,160,150,143,255
229,11,162,154,148,255
229,12,162,154,148,255
229,13,164,157,153,255
229,14,164,159,155,255
229,15,164,159,155,255
229,16,166,161,159,255
229,17,165,160,157,255
229,18,163,155,148,255
229,19,163,155,148,255
229,20,130,122,119,255
229,21,38,38,42,255
229,22,22,28,38,255
229,23,22,28,38,255
229,24,22,22,42,255
229,25,13,22,46,255
229,26,22,28,46,255
229,27,13,13,42,255
229,28,13,13,42,255
229,29,13,13,42,255
229,30,13,22,46,255
229,31,13,13,46,255
229,32,22,22,50,255
229,33,13,22,50,255
229,34,22,22,50,255
229,35,22,22,50,255
229,36,13,13,46,255
229,37,13,13,42,255
229,38,13,13,46,255
229,39,13,22,50,255
229,40,13,22,50,255
229,41,13,22,50,255
229,42,13,22,50,255
229,43,13,22,50,255
229,44,22,22,50,255
229,45,28,28,50,255
229,46,13,13,46,255
229,47,13,13,46,255
229,48,13,13,42,255
229,49,13,13,42,255
229,50,22,22,46,255
229,51,13,22,46,255
229,52,0,13,42,255
229,53,13,13,46,255
229,54,13,22,53,255
229,55,34,46,77,255
229,56,46,61,88,255
229,57,42,56,85,255
229,58,42,53,81,255
229,59,38,53,81,255
229,60,38,53,79,255
229,61,38,50,77,255
229,62,38,50,77,255
229,63,42,53,83,255
229,64,42,53,83,255
229,65,34,46,79,255
229,66,38,50,81,255
229,67,34,46,79,255
229,68,38,53,83,255
229,69,34,50,83,255
229,70,28,46,81,255
229,71,34,46,81,255
229,72,28,42,79,255
229,73,22,38,75,255
229,74,28,42,73,255
229,75,28,42,75,255
229,76,28,42,75,255
229,77,22,38,71,255
229,78,28,34,71,255
229,79,22,34,69,255
229,80,22,38,71,255
229,81,28,38,71,255
229,82,22,34,66,255
229,83,22,34,64,255
229,84,22,34,64,255
229,85,22,34,64,255
229,86,22,38,66,255
229,87,22,34,59,255
229,88,28,56,69,255
229,89,75,126,137,255
229,90,106,163,173,255
229,91,121,174,184,255
229,92,130,175,189,255
229,93,115,145,161,255
229,94,93,106,119,255
229,95,141,160,178,255
229,96,180,197,211,255
229,97,180,197,211,255
229,98,188,200,212,255
229,99,190,199,210,255
229,100,189,199,209,255
229,101,190,200,210,255
229,102,190,199,208,255
229,103,189,198,208,255
229,104,189,200,211,255
229,105,190,200,211,255
229,106,189,199,210,255
229,107,188,199,209,255
229,108,186,199,210,255
229,109,186,199,210,255
229,110,185,198,209,255
229,111,184,199,211,255
229,112,187,199,209,255
229,113,185,199,209,255
229,114,186,197,208,255
229,115,199,208,217,255
229,116,199,208,217,255
229,117,213,220,226,255
229,118,196,208,219,255
229,119,185,199,210,255
229,120,184,198,209,255
229,121,184,198,209,255
229,122,184,197,208,255
229,123,184,199,209,255
229,124,183,199,210,255
229,125,183,199,210,255
229,126,184,199,210,255
229,127,182,197,208,255
229,128,182,196,207,255
229,129,182,196,207,255
229,130,184,196,208,255
229,131,184,198,209,255
229,132,184,198,209,255
229,133,182,198,209,255
229,134,182,198,209,255
229,135,180,196,208,255
229,136,180,196,208,255
229,137,181,195,208,255
229,138,182,196,208,255
229,139,182,195,207,255
229,140,182,195,207,255
229,141,181,194,206,255
229,142,182,196,207,255
229,143,181,195,207,255
230,0,149,130,108,255
230,1,149,130,108,255
230,2,149,130,108,255
230,3,149,132,110,255
230,4,151,133,113,255
230,5,153,136,120,255
230,6,153,136,120,255
230,7,158,146,135,255
230,8,158,146,135,255
230,9,160,150,143,255
230,10,162,152,146,255
230,11,163,155,150,255
230,12,164,157,153,255
230,13,164,157,153,255
230,14,164,159,155,255
230,15,164,159,155,255
230,16,166,160,157,255
230,17,165,160,157,255
230,18,156,148,144,255
230,19,156,148,144,255
230,20,114,108,104,255
230,21,38,38,42,255
230,22,22,28,38,255
230,23,34,28,38,255
230,24,22,22,42,255
230,25,22,22,46,255
230,26,22,28,50,255
230,27,13,13,42,255
230,28,13,13,42,255
230,29,13,22,46,255
230,30,13,13,46,255
230,31,13,22,50,255
230,32,13,22,50,255
230,33,13,22,50,255
230,34,13,13,46,255
230,35,13,13,46,255
230,36,13,22,46,255
230,37,13,13,46,255
230,38,13,13,46,255
230,39,13,13,46,255
230,40,13,22,50,255
230,41,13,22,50,255
230,42,22,22,50,255
230,43,22,22,50,255
230,44,28,28,50,255
230,45,28,28,50,255
230,46,22,22,46,255
230,47,22,22,46,255
230,48,22,22,46,255
230,49,22,22,46,255
230,50,22,22,46,255
230,51,13,22,46,255
230,52,0,13,42,255
230,53,13,13,46,255
230,54,13,13,50,255
230,55,34,50,79,255
230,56,46,61,90,255
230,57,38,53,83,255
230,58,34,50,77,255
230,59,38,53,79,255
230,60,38,50,79,255
230,61,38,53,77,255
230,62,42,53,77,255
230,63,42,53,81,255
230,64,38,50,81,255
230,65,38,46,79,255
230,66,34,46,77,255
230,67,38,50,79,255
230,68,34,50,81,255
230,69,34,50,81,255
230,70,28,46,81,255
230,71,28,46,83,255
230,72,28,42,81,255
230,73,28,42,77,255
230,74,28,42,77,255
230,75,28,42,75,255
230,76,34,46,77,255
230,77,22,38,71,255
230,78,28,38,71,255
230,79,22,38,71,255
230,80,28,38,71,255
230,81,22,38,69,255
230,82,22,28,64,255
230,83,22,34,61,255
230,84,22,28,61,255
230,85,13,28,61,255
230,86,22,34,64,255
230,87,13,28,59,255
230,88,28,50,69,255
230,89,71,120,132,255
230,90,106,163,173,255
230,91,121,174,184,255
230,92,130,175,189,255
230,93,113,146,163,255
230,94,71,98,119,255
230,95,125,146,165,255
230,96,125,146,165,255
230,97,176,192,208,255
230,98,189,202,213,255
230,99,189,199,210,255
230,100,190,200,210,255
230,101,189,200,210,255
230,102,190,199,208,255
230,103,189,198,208,255
230,104,187,200,210,255
230,105,190,199,210,255
230,106,189,199,210,255
230,107,188,199,209,255
230,108,186,199,209,255
230,109,186,199,209,255
230,110,185,198,209,255
230,111,186,199,210,255
230,112,188,199,209,255
230,113,186,199,209,255
230,114,186,197,208,255
230,115,194,205,214,255
230,116,199,208,217,255
230,117,212,219,226,255
230,118,202,211,221,255
230,119,186,200,212,255
230,120,184,199,209,255
230,121,184,198,209,255
230,122,184,197,208,255
230,123,186,199,208,255
230,124,182,197,209,255
230,125,182,197,209,255
230,126,184,199,210,255
230,127,182,198,208,255
230,128,184,196,206,255
230,129,184,196,206,255
230,130,184,196,208,255
230,131,184,196,208,255
230,132,182,197,208,255
230,133,184,199,209,255
230,134,182,198,209,255
230,135,180,196,209,255
230,136,180,196,209,255
230,137,181,195,208,255
230,138,181,195,208,255
230,139,182,194,206,255
230,140,182,195,207,255
230,141,181,194,206,255
230,142,181,194,206,255
230,143,181,194,206,255
231,0,149,130,108,255
231,1,149,130,108,255
231,2,149,131,109,255
231,3,151,133,113,255
231,4,151,133,113,255
231,5,155,139,125,255
231,6,155,139,125,255
231,7,158,146,135,255
231,8,159,148,139,255
231,9,162,152,146,255
231,10,162,152,146,255
231,11,163,155,150,255
231,12,164,158,154,255
231,13,164,158,154,255
231,14,164,159,155,255
231,15,166,160,157,255
231,16,165,159,156,255
231,17,165,158,155,255
231,18,156,148,144,255
231,19,156,148,144,255
231,20,104,98,91,255
231,21,38,34,38,255
231,22,34,28,38,255
231,23,34,28,38,255
231,24,22,22,42,255
231,25,22,22,46,255
231,26,22,22,42,255
231,27,13,13,42,255
231,28,13,13,42,255
231,29,13,22,46,255
231,30,0,13,46,255
231,31,13,22,50,255
231,32,13,13,46,255
231,33,13,22,50,255
231,34,13,13,46,255
231,35,13,13,46,255
231,36,13,13,46,255
231,37,13,13,46,255
231,38,13,13,46,255
231,39,13,13,46,255
231,40,13,13,46,255
231,41,13,22,46,255
231,42,22,22,50,255
231,43,22,22,50,255
231,44,28,28,53,255
231,45,22,28,50,255
231,46,13,22,46,255
231,47,13,22,42,255
231,48,13,22,42,255
231,49,13,22,46,255
231,50,22,22,46,255
231,51,13,22,46,255
231,52,0,13,42,255
231,53,13,13,42,255
231,54,13,13,50,255
231,55,34,50,79,255
231,56,46,61,90,255
231,57,38,56,83,255
231,58,38,50,77,255
231,59,38,50,77,255
231,60,38,53,79,255
231,61,38,53,77,255
231,62,38,50,77,255
231,63,38,50,79,255
231,64,38,50,79,255
231,65,34,46,77,255
231,66,34,46,77,255
231,67,34,50,79,255
231,68,34,50,79,255
231,69,34,46,79,255
231,70,34,46,81,255
231,71,34,46,83,255
231,72,28,46,81,255
231,73,28,42,79,255
231,74,28,42,77,255
231,75,34,46,79,255
231,76,34,46,79,255
231,77,28,42,75,255
231,78,22,38,71,255
231,79,22,38,71,255
231,80,28,38,71,255
231,81,28,38,69,255
231,82,22,34,64,255
231,83,13,28,59,255
231,84,13,28,56,255
231,85,13,28,56,255
231,86,13,28,59,255
231,87,13,28,59,255
231,88,28,50,69,255
231,89,71,120,132,255
231,90,109,163,173,255
231,91,120,175,184,255
231,92,121,173,185,255
231,93,108,143,160,255
231,94,61,83,101,255
231,95,109,127,144,255
231,96,109,127,144,255
231,97,170,187,203,255
231,98,190,203,215,255
231,99,189,200,211,255
231,100,190,200,210,255
231,101,189,200,210,255
231,102,190,199,208,255
231,103,189,198,208,255
231,104,188,199,209,255
231,105,188,199,209,255
231,106,188,199,209,255
231,107,189,199,209,255
231,108,186,199,209,255
231,109,186,199,209,255
231,110,185,199,209,255
231,111,186,200,210,255
231,112,189,200,209,255
231,113,188,199,209,255
231,114,186,197,208,255
231,115,194,205,214,255
231,116,194,205,214,255
231,117,211,218,224,255
231,118,209,216,223,255
231,119,190,203,214,255
231,120,184,199,209,255
231,121,184,199,209,255
231,122,186,198,208,255
231,123,182,197,208,255
231,124,182,197,209,255
231,125,182,197,209,255
231,126,184,199,209,255
231,127,182,198,208,255
231,128,182,198,208,255
231,129,184,196,206,255
231,130,182,194,206,255
231,131,182,194,206,255
231,132,182,197,208,255
231,133,184,199,209,255
231,134,184,199,209,255
231,135,182,197,209,255
231,136,180,196,209,255
231,137,181,194,207,255
231,138,181,194,207,255
231,139,182,194,206,255
231,140,182,194,206,255
231,141,183,195,207,255
231,142,181,194,206,255
231,143,181,194,206,255
232,0,149,131,109,255
232,1,149,131,109,255
232,2,151,133,113,255
232,3,150,134,115,255
232,4,150,134,115,255
232,5,155,139,125,255
232,6,155,142,129,255
232,7,159,148,139,255
232,8,159,148,139,255
232,9,162,152,146,255
232,10,163,156,152,255
232,11,163,156,152,255
232,12,164,158,154,255
232,13,164,158,155,255
232,14,163,158,155,255
232,15,165,159,156,255
232,16,165,159,156,255
232,17,165,156,152,255
232,18,149,141,135,255
232,19,149,141,135,255
232,20,104,98,91,255
232,21,22,28,34,255
232,22,13,22,34,255
232,23,13,22,34,255
232,24,22,22,42,255
232,25,22,22,46,255
232,26,22,22,42,255
232,27,0,13,38,255
232,28,0,13,38,255
232,29,13,13,42,255
232,30,0,13,46,255
232,31,0,13,46,255
232,32,13,13,46,255
232,33,13,22,46,255
232,34,13,13,46,255
232,35,13,13,46,255
232,36,13,13,46,255
232,37,13,13,46,255
232,38,22,22,50,255
232,39,13,13,46,255
232,40,13,13,46,255
232,41,13,13,46,255
232,42,13,22,50,255
232,43,13,22,50,255
232,44,28,28,53,255
232,45,22,28,50,255
232,46,13,22,46,255
232,47,0,13,42,255
232,48,0,13,42,255
232,49,22,22,46,255
232,50,13,22,46,255
232,51,13,13,42,255
232,52,0,13,42,255
232,53,0,13,42,255
232,54,13,22,50,255
232,55,34,50,79,255
232,56,42,59,88,255
232,57,38,56,83,255
232,58,38,50,77,255
232,59,38,50,77,255
232,60,38,53,79,255
232,61,34,50,77,255
232,62,38,50,79,255
232,63,38,50,81,255
232,64,38,50,79,255
232,65,34,46,75,255
232,66,34,46,75,255
232,67,34,46,75,255
232,68,34,46,77,255
232,69,34,50,79,255
232,70,34,46,81,255
232,71,34,46,83,255
232,72,28,42,81,255
232,73,28,46,81,255
232,74,28,46,81,255
232,75,28,42,79,255
232,76,28,46,79,255
232,77,28,46,77,255
232,78,28,42,75,255
232,79,22,38,73,255
232,80,22,38,71,255
232,81,22,34,69,255
232,82,22,34,64,255
232,83,13,28,59,255
232,84,13,28,56,255
232,85,13,28,56,255
232,86,13,28,59,255
232,87,22,28,56,255
232,88,13,34,59,255
232,89,69,115,128,255
232,90,106,162,173,255
232,91,119,175,184,255
232,92,125,175,184,255
232,93,112,145,160,255
232,94,66,83,99,255
232,95,96,113,129,255
232,96,96,113,129,255
232,97,170,187,203,255
232,98,190,203,215,255
232,99,189,200,211,255
232,100,188,199,210,255
232,101,186,200,210,255
232,102,188,199,209,255
232,103,189,199,209,255
232,104,186,199,209,255
232,105,186,199,209,255
232,106,188,199,209,255
232,107,189,199,209,255
232,108,188,199,209,255
232,109,188,199,209,255
232,110,184,199,208,255
232,111,186,200,209,255
232,112,188,200,209,255
232,113,188,199,209,255
232,114,186,198,209,255
232,115,188,200,211,255
232,116,188,200,211,255
232,117,209,215,222,255
232,118,209,216,223,255
232,119,190,203,214,255
232,120,186,199,209,255
232,121,186,199,209,255
232,122,184,198,208,255
232,123,182,197,208,255
232,124,184,197,208,255
232,125,184,197,208,255
232,126,184,197,208,255
232,127,182,198,208,255
232,128,182,198,208,255
232,129,183,196,206,255
232,130,182,195,206,255
232,131,182,194,206,255
232,132,182,196,208,255
232,133,182,196,208,255
232,134,184,199,209,255
232,135,182,197,209,255
232,136,182,197,209,255
232,137,180,196,208,255
232,138,181,194,207,255
232,139,183,195,207,255
232,140,183,195,207,255
232,141,182,194,206,255
232,142,183,195,207,255
232,143,183,195,207,255
233,0,149,131,109,255
233,1,151,132,110,255
233,2,150,134,115,255
233,3,150,134,115,255
233,4,155,142,129,255
233,5,155,142,129,255
233,6,155,142,129,255
233,7,159,148,139,255
233,8,161,153,148,255
233,9,161,153,148,255
233,10,163,156,152,255
233,11,163,156,153,255
233,12,164,158,155,255
233,13,164,158,155,255
233,14,164,158,154,255
233,15,165,158,155,255
233,16,165,158,155,255
233,17,165,156,152,255
233,18,143,134,128,255
233,19,88,83,79,255
233,20,88,83,79,255
233,21,22,28,34,255
233,22,13,22,34,255
233,23,13,22,42,255
233,24,13,22,42,255
233,25,28,28,46,255
233,26,22,22,42,255
233,27,0,13,38,255
233,28,13,22,46,255
233,29,13,22,46,255
233,30,13,13,46,255
233,31,0,13,46,255
233,32,13,13,46,255
233,33,13,13,42,255
233,34,13,13,42,255
233,35,13,22,46,255
233,36,13,22,46,255
233,37,13,22,50,255
233,38,22,22,50,255
233,39,13,13,46,255
233,40,13,22,46,255
233,41,13,13,46,255
233,42,13,22,50,255
233,43,13,22,50,255
233,44,22,28,50,255
233,45,22,28,50,255
233,46,13,13,46,255
233,47,0,13,42,255
233,48,0,13,42,255
233,49,13,22,46,255
233,50,22,22,46,255
233,51,13,22,46,255
233,52,13,13,46,255
233,53,13,13,42,255
233,54,13,22,53,255
233,55,34,50,79,255
233,56,38,56,85,255
233,57,34,50,79,255
233,58,38,50,77,255
233,59,34,50,77,255
233,60,38,50,79,255
233,61,34,50,77,255
233,62,38,50,79,255
233,63,38,50,81,255
233,64,38,50,79,255
233,65,34,46,75,255
233,66,34,46,75,255
233,67,34,46,75,255
233,68,34,46,77,255
233,69,34,50,79,255
233,70,34,46,81,255
233,71,34,46,83,255
233,72,28,42,81,255
233,73,28,46,81,255
233,74,28,46,81,255
233,75,28,42,79,255
233,76,28,46,79,255
233,77,28,46,77,255
233,78,28,42,75,255
233,79,22,38,73,255
233,80,22,38,71,255
233,81,22,34,69,255
233,82,22,34,64,255
233,83,13,28,56,255
233,84,13,22,53,255
233,85,13,22,53,255
233,86,13,28,53,255
233,87,22,28,56,255
233,88,13,28,50,255
233,89,61,110,122,255
233,90,110,161,172,255
233,91,120,176,184,255
233,92,125,176,184,255
233,93,115,149,163,255
233,94,69,86,104,255
233,95,96,113,129,255
233,96,96,113,129,255
233,97,162,180,197,255
233,98,189,203,216,255
233,99,189,201,213,255
233,100,186,198,209,255
233,101,184,200,209,255
233,102,187,199,209,255
233,103,189,198,208,255
233,104,186,199,209,255
233,105,186,199,209,255
233,106,186,197,209,255
233,107,187,199,209,255
233,108,187,199,209,255
233,109,188,200,210,255
233,110,186,199,209,255
233,111,186,200,209,255
233,112,188,200,209,255
233,113,187,199,209,255
233,114,188,198,209,255
233,115,188,198,209,255
233,116,188,200,211,255
233,117,209,215,222,255
233,118,211,219,225,255
233,119,192,205,216,255
233,120,192,205,216,255
233,121,186,199,209,255
233,122,184,198,208,255
233,123,183,197,207,255
233,124,183,197,207,255
233,125,184,197,207,255
233,126,184,197,208,255
233,127,182,197,207,255
233,128,182,197,207,255
233,129,181,195,205,255
233,130,182,195,206,255
233,131,182,195,206,255
233,132,182,194,206,255
233,133,182,196,208,255
233,134,184,198,208,255
233,135,184,198,208,255
233,136,182,197,209,255
233,137,180,196,208,255
233,138,180,196,208,255
233,139,180,196,208,255
233,140,183,195,207,255
233,141,183,195,207,255
233,142,184,196,207,255
233,143,183,195,207,255
234,0,151,132,110,255
234,1,151,132,110,255
234,2,150,134,115,255
234,3,152,136,119,255
234,4,155,142,129,255
234,5,155,142,129,255
234,6,160,148,141,255
234,7,160,148,141,255
234,8,161,153,148,255
234,9,162,154,149,255
234,10,163,156,153,255
234,11,163,156,153,255
234,12,163,158,154,255
234,13,164,158,154,255
234,14,164,158,154,255
234,15,165,158,155,255
234,16,163,157,153,255
234,17,163,154,148,255
234,18,143,134,128,255
234,19,88,83,79,255
234,20,79,73,69,255
234,21,28,22,28,255
234,22,0,13,28,255
234,23,13,22,42,255
234,24,22,22,46,255
234,25,28,28,46,255
234,26,28,28,46,255
234,27,13,13,42,255
234,28,13,22,46,255
234,29,13,13,46,255
234,30,13,13,46,255
234,31,0,13,42,255
234,32,13,22,46,255
234,33,13,13,42,255
234,34,13,13,42,255
234,35,13,22,46,255
234,36,13,22,46,255
234,37,13,22,46,255
234,38,13,13,46,255
234,39,13,22,46,255
234,40,13,22,46,255
234,41,13,13,46,255
234,42,13,22,50,255
234,43,13,22,50,255
234,44,22,22,50,255
234,45,22,28,50,255
234,46,13,22,46,255
234,47,13,13,42,255
234,48,13,22,46,255
234,49,13,22,46,255
234,50,22,22,46,255
234,51,13,22,46,255
234,52,22,22,50,255
234,53,13,13,46,255
234,54,13,22,56,255
234,55,38,50,79,255
234,56,38,56,85,255
234,57,34,50,79,255
234,58,38,50,77,255
234,59,38,50,77,255
234,60,34,50,77,255
234,61,34,50,75,255
234,62,38,53,79,255
234,63,38,50,81,255
234,64,34,46,77,255
234,65,34,46,75,255
234,66,34,46,75,255
234,67,34,46,77,255
234,68,34,46,77,255
234,69,28,46,79,255
234,70,34,46,81,255
234,71,28,46,81,255
234,72,34,46,83,255
234,73,28,46,83,255
234,74,28,46,81,255
234,75,28,46,81,255
234,76,34,50,81,255
234,77,28,46,79,255
234,78,28,42,75,255
234,79,28,38,73,255
234,80,22,34,69,255
234,81,28,34,69,255
234,82,13,28,61,255
234,83,22,28,56,255
234,84,13,22,53,255
234,85,13,22,53,255
234,86,13,28,53,255
234,87,13,22,50,255
234,88,13,28,46,255
234,89,59,108,119,255
234,90,109,160,170,255
234,91,118,175,182,255
234,92,125,176,184,255
234,93,115,149,163,255
234,94,69,86,104,255
234,95,69,86,104,255
234,96,93,104,117,255
234,97,151,171,189,255
234,98,186,202,215,255
234,99,189,202,213,255
234,100,186,199,209,255
234,101,184,199,209,255
234,102,187,199,209,255
234,103,189,198,208,255
234,104,186,199,209,255
234,105,186,199,210,255
234,106,187,198,209,255
234,107,187,199,209,255
234,108,187,199,209,255
234,109,188,200,210,255
234,110,186,199,209,255
234,111,186,200,210,255
234,112,187,199,209,255
234,113,187,199,208,255
234,114,186,197,207,255
234,115,188,198,209,255
234,116,187,197,208,255
234,117,208,215,221,255
234,118,214,220,226,255
234,119,195,207,217,255
234,120,192,205,216,255
234,121,184,198,209,255
234,122,185,197,208,255
234,123,183,197,208,255
234,124,183,197,207,255
234,125,184,197,207,255
234,126,183,196,208,255
234,127,183,197,207,255
234,128,182,197,207,255
234,129,181,195,205,255
234,130,181,195,205,255
234,131,182,194,205,255
234,132,182,194,206,255
234,133,182,194,206,255
234,134,188,197,208,255
234,135,184,198,208,255
234,136,183,197,209,255
234,137,183,197,209,255
234,138,180,196,208,255
234,139,180,196,208,255
234,140,182,196,208,255
234,141,183,195,207,255
234,142,184,196,207,255
234,143,184,196,207,255
235,0,151,132,110,255
235,1,152,136,119,255
235,2,152,136,119,255
235,3,152,136,119,255
235,4,157,144,133,255
235,5,157,144,133,255
235,6,160,148,141,255
235,7,160,149,143,255
235,8,162,154,149,255
235,9,162,154,149,255
235,10,163,157,154,255
235,11,163,157,154,255
235,12,163,158,154,255
235,13,164,158,154,255
235,14,163,156,152,255
235,15,163,157,153,255
235,16,163,154,148,255
235,17,161,151,145,255
235,18,138,128,121,255
235,19,79,73,69,255
235,20,79,73,69,255
235,21,28,28,34,255
235,22,22,22,34,255
235,23,22,22,46,255
235,24,22,22,46,255
235,25,28,28,46,255
235,26,22,28,46,255
235,27,22,22,46,255
235,28,13,13,46,255
235,29,13,13,46,255
235,30,13,13,46,255
235,31,13,13,46,255
235,32,13,13,42,255
235,33,13,13,46,255
235,34,13,13,46,255
235,35,13,22,46,255
235,36,13,22,46,255
235,37,13,22,46,255
235,38,13,13,46,255
235,39,13,22,46,255
235,40,22,22,50,255
235,41,22,22,50,255
235,42,13,22,50,255
235,43,13,22,50,255
235,44,28,28,50,255
235,45,22,28,50,255
235,46,13,22,46,255
235,47,13,22,46,255
235,48,22,22,50,255
235,49,22,22,50,255
235,50,22,22,46,255
235,51,22,22,46,255
235,52,22,22,50,255
235,53,13,13,46,255
235,54,13,22,56,255
235,55,34,50,79,255
235,56,42,56,85,255
235,57,38,53,79,255
235,58,34,50,77,255
235,59,38,50,77,255
235,60,38,50,77,255
235,61,34,46,75,255
235,62,34,50,77,255
235,63,38,53,81,255
235,64,34,46,77,255
235,65,34,46,75,255
235,66,34,46,75,255
235,67,34,46,75,255
235,68,28,46,77,255
235,69,28,46,77,255
235,70,28,42,79,255
235,71,28,46,81,255
235,72,34,46,81,255
235,73,28,42,81,255
235,74,28,42,81,255
235,75,34,50,83,255
235,76,34,50,83,255
235,77,34,50,81,255
235,78,28,42,75,255
235,79,22,38,71,255
235,80,22,34,69,255
235,81,22,34,66,255
235,82,13,28,59,255
235,83,13,22,53,255
235,84,13,22,53,255
235,85,22,22,53,255
235,86,13,22,50,255
235,87,13,22,50,255
235,88,13,28,50,255
235,89,59,108,119,255
235,90,109,160,170,255
235,91,118,175,182,255
235,92,121,175,183,255
235,93,120,154,167,255
235,94,73,91,108,255
235,95,73,91,108,255
235,96,64,85,99,255
235,97,146,165,181,255
235,98,184,201,214,255
235,99,189,202,214,255
235,100,186,199,209,255
235,101,184,199,209,255
235,102,186,199,208,255
235,103,188,198,207,255
235,104,185,197,208,255
235,105,185,198,209,255
235,106,186,197,209,255
235,107,187,199,209,255
235,108,187,199,209,255
235,109,187,199,210,255
235,110,186,199,210,255
235,111,184,200,210,255
235,112,186,199,209,255
235,113,187,199,208,255
235,114,186,197,207,255
235,115,186,197,207,255
235,116,187,197,207,255
235,117,207,214,221,255
235,118,214,220,226,255
235,119,195,207,217,255
235,120,195,207,217,255
235,121,185,197,208,255
235,122,183,197,206,255
235,123,183,197,208,255
235,124,183,197,208,255
235,125,183,197,208,255
235,126,183,196,207,255
235,127,183,196,208,255
235,128,183,197,207,255
235,129,184,196,205,255
235,130,181,195,205,255
235,131,182,194,205,255
235,132,184,195,206,255
235,133,184,195,206,255
235,134,188,197,208,255
235,135,188,197,208,255
235,136,186,198,209,255
235,137,183,197,209,255
235,138,181,197,209,255
235,139,181,197,209,255
235,140,182,196,208,255
235,141,182,196,208,255
235,142,182,196,208,255
235,143,184,196,207,255
236,0,150,133,114,255
236,1,152,136,119,255
236,2,152,136,119,255
236,3,154,139,124,255
236,4,157,144,133,255
236,5,157,146,136,255
236,6,160,149,143,255
236,7,160,149,143,255
236,8,162,155,150,255
236,9,162,155,150,255
236,10,163,157,154,255
236,11,163,157,154,255
236,12,163,158,155,255
236,13,163,156,152,255
236,14,163,156,152,255
236,15,163,156,151,255
236,16,161,151,145,255
236,17,161,151,145,255
236,18,138,128,121,255
236,19,46,50,53,255
236,20,46,50,53,255
236,21,28,28,34,255
236,22,22,22,34,255
236,23,22,22,46,255
236,24,22,22,46,255
236,25,22,28,46,255
236,26,22,28,46,255
236,27,13,22,46,255
236,28,13,22,46,255
236,29,13,22,46,255
236,30,13,13,46,255
236,31,13,13,46,255
236,32,13,13,46,255
236,33,13,13,46,255
236,34,22,22,50,255
236,35,22,22,50,255
236,36,22,22,50,255
236,37,13,22,46,255
236,38,13,13,46,255
236,39,13,22,46,255
236,40,13,13,42,255
236,41,22,22,50,255
236,42,22,22,50,255
236,43,22,22,50,255
236,44,28,28,50,255
236,45,22,28,50,255
236,46,13,13,42,255
236,47,13,13,42,255
236,48,22,28,50,255
236,49,22,28,50,255
236,50,22,22,46,255
236,51,13,22,46,255
236,52,13,22,46,255
236,53,13,13,42,255
236,54,13,28,56,255
236,55,34,50,79,255
236,56,42,56,85,255
236,57,38,53,79,255
236,58,34,50,77,255
236,59,38,50,77,255
236,60,34,46,75,255
236,61,34,46,75,255
236,62,34,46,77,255
236,63,38,50,81,255
236,64,34,50,77,255
236,65,34,46,75,255
236,66,28,42,73,255
236,67,34,46,75,255
236,68,28,46,77,255
236,69,28,46,77,255
236,70,28,42,79,255
236,71,28,46,81,255
236,72,28,42,81,255
236,73,28,42,81,255
236,74,28,46,81,255
236,75,28,46,83,255
236,76,34,53,83,255
236,77,34,50,79,255
236,78,28,42,75,255
236,79,22,34,69,255
236,80,28,34,69,255
236,81,22,34,64,255
236,82,13,28,56,255
236,83,13,22,53,255
236,84,22,28,56,255
236,85,22,22,53,255
236,86,13,22,50,255
236,87,13,22,50,255
236,88,13,28,50,255
236,89,59,105,117,255
236,90,101,156,167,255
236,91,115,173,181,255
236,92,125,178,184,255
236,93,120,159,170,255
236,94,77,99,114,255
236,95,77,99,114,255
236,96,61,73,86,255
236,97,144,163,178,255
236,98,184,201,214,255
236,99,189,202,214,255
236,100,185,199,210,255
236,101,184,199,210,255
236,102,184,198,208,255
236,103,186,197,207,255
236,104,186,197,208,255
236,105,185,198,209,255
236,106,186,197,209,255
236,107,186,197,209,255
236,108,186,197,209,255
236,109,187,197,209,255
236,110,185,198,209,255
236,111,184,199,209,255
236,112,186,199,209,255
236,113,186,198,208,255
236,114,185,197,207,255
236,115,185,197,207,255
236,116,186,196,206,255
236,117,207,214,221,255
236,118,217,222,228,255
236,119,199,210,219,255
236,120,199,210,219,255
236,121,185,197,208,255
236,122,183,197,206,255
236,123,184,197,207,255
236,124,184,197,207,255
236,125,183,197,208,255
236,126,183,196,207,255
236,127,183,196,207,255
236,128,184,197,208,255
236,129,184,196,205,255
236,130,184,196,205,255
236,131,185,195,205,255
236,132,184,195,206,255
236,133,184,195,206,255
236,134,185,196,208,255
236,135,185,196,208,255
236,136,186,198,209,255
236,137,186,198,209,255
236,138,180,197,209,255
236,139,181,197,209,255
236,140,182,196,208,255
236,141,182,196,208,255
236,142,182,196,208,255
236,143,186,197,208,255
237,0,150,133,114,255
237,1,154,139,124,255
237,2,154,139,124,255
237,3,157,144,133,255
237,4,157,146,136,255
237,5,157,146,136,255
237,6,160,149,143,255
237,7,160,150,145,255
237,8,162,155,150,255
237,9,162,155,150,255
237,10,163,157,154,255
237,11,163,158,155,255
237,12,163,158,155,255
237,13,163,155,151,255
237,14,163,155,151,255
237,15,163,156,151,255
237,16,158,146,139,255
237,17,158,146,139,255
237,18,119,114,110,255
237,19,46,50,53,255
237,20,53,46,46,255
237,21,22,28,38,255
237,22,22,22,38,255
237,23,22,22,46,255
237,24,22,28,46,255
237,25,22,28,46,255
237,26,13,22,42,255
237,27,13,22,46,255
237,28,13,22,46,255
237,29,13,22,46,255
237,30,13,22,46,255
237,31,13,13,46,255
237,32,13,13,46,255
237,33,13,13,46,255
237,34,13,22,50,255
237,35,22,22,53,255
237,36,22,22,50,255
237,37,22,22,50,255
237,38,13,13,46,255
237,39,13,22,46,255
237,40,13,13,42,255
237,41,13,22,46,255
237,42,22,22,50,255
237,43,28,28,53,255
237,44,34,34,53,255
237,45,22,22,50,255
237,46,13,13,42,255
237,47,13,13,42,255
237,48,22,28,50,255
237,49,13,22,46,255
237,50,13,13,42,255
237,51,13,22,42,255
237,52,13,13,42,255
237,53,13,13,46,255
237,54,22,28,59,255
237,55,34,50,79,255
237,56,42,56,85,255
237,57,34,50,79,255
237,58,34,46,75,255
237,59,38,50,77,255
237,60,34,46,75,255
237,61,34,46,75,255
237,62,34,46,77,255
237,63,38,50,81,255
237,64,34,50,77,255
237,65,34,46,75,255
237,66,28,42,73,255
237,67,28,42,73,255
237,68,28,46,77,255
237,69,22,42,75,255
237,70,28,42,77,255
237,71,34,46,81,255
237,72,28,46,81,255
237,73,28,42,81,255
237,74,28,42,79,255
237,75,28,46,81,255
237,76,34,50,83,255
237,77,28,46,77,255
237,78,22,38,71,255
237,79,22,34,69,255
237,80,28,34,69,255
237,81,22,34,64,255
237,82,13,28,56,255
237,83,13,22,53,255
237,84,22,28,56,255
237,85,13,28,53,255
237,86,13,28,53,255
237,87,22,28,53,255
237,88,13,28,53,255
237,89,56,99,113,255
237,90,98,152,163,255
237,91,113,170,178,255
237,92,112,173,181,255
237,93,115,160,171,255
237,94,77,105,119,255
237,95,77,99,114,255
237,96,61,73,86,255
237,97,144,163,178,255
237,98,183,200,213,255
237,99,189,202,214,255
237,100,186,199,210,255
237,101,185,198,210,255
237,102,184,198,208,255
237,103,186,197,207,255
237,104,186,197,208,255
237,105,185,197,209,255
237,106,186,198,209,255
237,107,186,198,209,255
237,108,186,198,208,255
237,109,184,197,208,255
237,110,185,198,209,255
237,111,184,199,209,255
237,112,186,199,208,255
237,113,184,197,208,255
237,114,184,197,208,255
237,115,185,197,207,255
237,116,186,196,206,255
237,117,205,213,219,255
237,118,219,224,229,255
237,119,219,224,229,255
237,120,199,210,219,255
237,121,186,199,209,255
237,122,184,196,206,255
237,123,186,196,208,255
237,124,184,197,207,255
237,125,183,196,208,255
237,126,182,196,207,255
237,127,182,196,207,255
237,128,184,197,208,255
237,129,184,196,206,255
237,130,184,196,206,255
237,131,185,195,205,255
237,132,185,195,205,255
237,133,185,196,206,255
237,134,185,196,208,255
237,135,185,196,208,255
237,136,184,196,208,255
237,137,186,198,209,255
237,138,180,197,209,255
237,139,180,197,209,255
237,140,181,197,209,255
237,141,182,196,208,255
237,142,182,196,208,255
237,143,186,197,208,255
238,0,154,139,124,255
238,1,154,139,124,255
238,2,154,139,124,255
238,3,157,146,136,255
238,4,157,146,136,255
238,5,160,150,145,255
238,6,160,150,145,255
238,7,162,155,150,255
238,8,162,154,150,255
238,9,163,157,154,255
238,10,163,157,154,255
238,11,163,157,153,255
238,12,163,157,153,255
238,13,163,155,151,255
238,14,162,155,149,255
238,15,163,154,148,255
238,16,158,146,139,255
238,17,158,146,139,255
238,18,112,104,98,255
238,19,53,46,46,255
238,20,22,28,38,255
238,21,22,28,38,255
238,22,13,13,38,255
238,23,22,22,42,255
238,24,22,28,46,255
238,25,22,28,46,255
238,26,13,22,42,255
238,27,13,13,42,255
238,28,13,13,46,255
238,29,13,22,46,255
238,30,13,22,46,255
238,31,13,22,50,255
238,32,13,22,50,255
238,33,13,13,46,255
238,34,13,22,50,255
238,35,22,22,53,255
238,36,22,22,50,255
238,37,22,22,50,255
238,38,22,22,46,255
238,39,0,13,42,255
238,40,13,13,42,255
238,41,13,22,46,255
238,42,22,22,50,255
238,43,22,28,53,255
238,44,34,34,53,255
238,45,22,28,50,255
238,46,13,13,42,255
238,47,13,13,42,255
238,48,13,22,46,255
238,49,13,22,46,255
238,50,13,13,42,255
238,51,13,22,42,255
238,52,13,22,42,255
238,53,13,13,46,255
238,54,22,28,61,255
238,55,38,53,81,255
238,56,38,56,85,255
238,57,34,50,77,255
238,58,28,46,75,255
238,59,34,50,75,255
238,60,28,46,73,255
238,61,28,42,71,255
238,62,28,42,73,255
238,63,34,50,79,255
238,64,28,46,77,255
238,65,34,46,75,255
238,66,28,42,73,255
238,67,28,42,73,255
238,68,28,46,77,255
238,69,22,42,75,255
238,70,28,42,77,255
238,71,34,46,81,255
238,72,28,46,81,255
238,73,28,42,81,255
238,74,28,42,79,255
238,75,28,46,81,255
238,76,34,50,83,255
238,77,28,46,77,255
238,78,22,38,71,255
238,79,22,34,69,255
238,80,22,34,69,255
238,81,22,34,64,255
238,82,13,28,56,255
238,83,13,22,53,255
238,84,22,28,56,255
238,85,13,22,53,255
238,86,13,28,53,255
238,87,22,28,56,255
238,88,13,28,56,255
238,89,50,93,108,255
238,90,96,148,159,255
238,91,113,169,176,255
238,92,112,173,181,255
238,93,115,160,171,255
238,94,77,105,119,255
238,95,77,105,119,255
238,96,61,73,86,255
238,97,142,161,177,255
238,98,181,199,213,255
238,99,188,201,214,255
238,100,186,198,209,255
238,101,185,198,210,255
238,102,184,198,208,255
238,103,186,197,207,255
238,104,184,196,207,255
238,105,184,196,208,255
238,106,184,197,209,255
238,107,184,197,209,255
238,108,186,198,208,255
238,109,184,197,208,255
238,110,183,197,209,255
238,111,184,199,209,255
238,112,185,198,208,255
238,113,184,197,208,255
238,114,184,197,208,255
238,115,184,196,206,255
238,116,186,196,205,255
238,117,202,211,218,255
238,118,219,224,229,255
238,119,219,224,229,255
238,120,205,214,222,255
238,121,186,199,210,255
238,122,184,196,206,255
238,123,184,196,206,255
238,124,186,196,208,255
238,125,184,196,208,255
238,126,182,196,207,255
238,127,182,196,207,255
238,128,184,196,207,255
238,129,184,196,207,255
238,130,184,196,206,255
238,131,186,196,206,255
238,132,186,196,206,255
238,133,185,196,206,255
238,134,185,196,206,255
238,135,184,194,207,255
238,136,185,196,208,255
238,137,184,196,208,255
238,138,184,196,208,255
238,139,180,197,209,255
238,140,180,197,209,255
238,141,182,196,208,255
238,142,182,196,208,255
238,143,182,196,208,255
239,0,154,139,124,255
239,1,155,142,129,255
239,2,155,142,129,255
239,3,157,146,136,255
239,4,158,146,138,255
239,5,160,150,145,255
239,6,160,150,145,255
239,7,162,154,150,255
239,8,162,154,150,255
239,9,163,157,154,255
239,10,163,157,154,255
239,11,163,157,153,255
239,12,163,157,153,255
239,13,162,155,149,255
239,14,163,154,148,255
239,15,163,154,148,255
239,16,151,141,132,255
239,17,112,104,98,255
239,18,112,104,98,255
239,19,46,46,46,255
239,20,22,22,34,255
239,21,22,22,34,255
239,22,13,13,38,255
239,23,13,22,38,255
239,24,22,22,42,255
239,25,22,22,42,255
239,26,13,22,42,255
239,27,13,13,42,255
239,28,13,22,46,255
239,29,13,13,46,255
239,30,13,13,46,255
239,31,13,22,50,255
239,32,13,22,50,255
239,33,13,22,50,255
239,34,13,22,50,255
239,35,22,28,53,255
239,36,22,22,50,255
239,37,22,22,50,255
239,38,22,22,46,255
239,39,13,22,46,255
239,40,13,13,42,255
239,41,13,13,46,255
239,42,13,22,50,255
239,43,22,28,53,255
239,44,34,34,53,255
239,45,13,13,42,255
239,46,13,13,38,255
239,47,13,13,42,255
239,48,22,22,42,255
239,49,22,22,46,255
239,50,22,22,46,255
239,51,13,13,42,255
239,52,13,22,42,255
239,53,13,13,46,255
239,54,22,28,61,255
239,55,38,56,85,255
239,56,38,53,83,255
239,57,34,46,75,255
239,58,34,46,75,255
239,59,34,46,75,255
239,60,34,46,73,255
239,61,28,42,71,255
239,62,34,46,73,255
239,63,34,50,79,255
239,64,28,46,75,255
239,65,28,42,73,255
239,66,28,42,71,255
239,67,28,42,73,255
239,68,28,42,75,255
239,69,28,42,75,255
239,70,28,42,77,255
239,71,28,42,79,255
239,72,28,46,79,255
239,73,34,46,81,255
239,74,28,46,79,255
239,75,28,46,81,255
239,76,28,46,81,255
239,77,28,42,77,255
239,78,22,38,71,255
239,79,22,38,71,255
239,80,22,38,69,255
239,81,22,28,64,255
239,82,22,28,61,255
239,83,13,22,56,255
239,84,22,28,56,255
239,85,22,28,56,255
239,86,13,22,53,255
239,87,13,28,56,255
239,88,22,34,56,255
239,89,50,93,108,255
239,90,96,148,159,255
239,91,113,169,176,255
239,92,117,173,177,255
239,93,113,162,167,255
239,94,113,162,167,255
239,95,77,106,120,255
239,96,61,73,88,255
239,97,140,160,175,255
239,98,180,197,211,255
239,99,188,201,214,255
239,100,186,198,209,255
239,101,184,197,209,255
239,102,186,198,209,255
239,103,186,197,208,255
239,104,186,196,206,255
239,105,184,196,208,255
239,106,184,197,209,255
239,107,184,197,209,255
239,108,184,198,209,255
239,109,185,197,208,255
239,110,186,197,208,255
239,111,184,199,208,255
239,112,185,198,208,255
239,113,184,197,207,255
239,114,184,197,207,255
239,115,184,197,206,255
239,116,186,196,205,255
239,117,202,211,218,255
239,118,220,224,230,255
239,119,220,224,230,255
239,120,216,221,227,255
239,121,186,199,210,255
239,122,183,195,206,255
239,123,183,195,206,255
239,124,185,195,206,255
239,125,184,196,208,255
239,126,184,196,208,255
239,127,182,194,206,255
239,128,184,196,207,255
239,129,184,196,207,255
239,130,184,196,207,255
239,131,186,196,206,255
239,132,186,196,206,255
239,133,184,195,206,255
239,134,185,196,206,255
239,135,184,194,207,255
239,136,184,194,207,255
239,137,184,196,208,255
239,138,184,196,208,255
239,139,181,196,208,255
239,140,180,197,209,255
239,141,180,196,208,255
239,142,180,196,208,255
239,143,182,196,208,255
240,0,155,142,129,255
240,1,155,142,129,255
240,2,157,146,136,255
240,3,158,146,138,255
240,4,158,146,138,255
240,5,160,150,145,255
240,6,160,150,145,255
240,7,162,154,150,255
240,8,162,154,150,255
240,9,163,157,154,255
240,10,163,157,154,255
240,11,163,157,153,255
240,12,163,157,153,255
240,13,162,155,149,255
240,14,161,152,146,255
240,15,161,152,146,255
240,16,151,141,132,255
240,17,101,95,90,255
240,18,101,95,90,255
240,19,46,46,46,255
240,20,22,22,34,255
240,21,28,28,34,255
240,22,13,13,38,255
240,23,13,22,38,255
240,24,22,22,42,255
240,25,13,22,38,255
240,26,13,22,42,255
240,27,13,13,42,255
240,28,13,22,46,255
240,29,13,22,50,255
240,30,13,22,50,255
240,31,13,22,50,255
240,32,13,22,50,255
240,33,13,22,50,255
240,34,13,13,46,255
240,35,13,22,50,255
240,36,13,22,46,255
240,37,13,22,46,255
240,38,22,22,46,255
240,39,13,22,46,255
240,40,13,13,42,255
240,41,13,13,46,255
240,42,13,13,46,255
240,43,22,22,50,255
240,44,22,28,50,255
240,45,13,13,42,255
240,46,13,13,38,255
240,47,13,13,42,255
240,48,13,22,42,255
240,49,22,22,46,255
240,50,22,22,46,255
240,51,22,22,46,255
240,52,13,13,38,255
240,53,13,13,42,255
240,54,28,34,64,255
240,55,38,56,85,255
240,56,38,53,83,255
240,57,34,46,75,255
240,58,34,46,75,255
240,59,34,46,75,255
240,60,28,42,73,255
240,61,28,38,69,255
240,62,34,46,75,255
240,63,34,50,77,255
240,64,28,42,73,255
240,65,22,38,69,255
240,66,22,38,71,255
240,67,28,42,71,255
240,68,28,42,73,255
240,69,22,38,71,255
240,70,28,42,75,255
240,71,28,38,75,255
240,72,28,46,79,255
240,73,34,46,81,255
240,74,28,42,79,255
240,75,28,46,79,255
240,76,28,46,81,255
240,77,28,46,77,255
240,78,28,38,73,255
240,79,22,34,69,255
240,80,22,34,66,255
240,81,22,34,64,255
240,82,22,34,61,255
240,83,22,28,56,255
240,84,22,28,56,255
240,85,22,28,56,255
240,86,13,22,53,255
240,87,13,28,56,255
240,88,22,34,56,255
240,89,42,88,102,255
240,90,91,144,155,255
240,91,109,166,173,255
240,92,117,173,176,255
240,93,120,165,170,255
240,94,120,165,170,255
240,95,93,119,129,255
240,96,61,73,88,255
240,97,140,160,175,255
240,98,180,197,211,255
240,99,188,201,213,255
240,100,186,197,209,255
240,101,186,198,209,255
240,102,187,199,208,255
240,103,186,197,208,255
240,104,186,196,206,255
240,105,184,196,208,255
240,106,184,197,209,255
240,107,184,197,209,255
240,108,184,199,209,255
240,109,184,198,208,255
240,110,186,197,208,255
240,111,184,199,208,255
240,112,183,198,208,255
240,113,184,197,208,255
240,114,184,197,208,255
240,115,184,197,206,255
240,116,184,196,205,255
240,117,187,202,213,255
240,118,214,221,228,255
240,119,220,224,230,255
240,120,216,221,227,255
240,121,194,205,215,255
240,122,184,196,206,255
240,123,183,195,206,255
240,124,185,195,206,255
240,125,182,194,207,255
240,126,182,194,207,255
240,127,182,194,206,255
240,128,184,196,207,255
240,129,184,196,207,255
240,130,184,196,207,255
240,131,185,196,206,255
240,132,185,196,206,255
240,133,184,195,206,255
240,134,184,195,206,255
240,135,184,195,207,255
240,136,184,194,207,255
240,137,182,195,208,255
240,138,182,195,208,255
240,139,181,196,208,255
240,140,181,196,208,255
240,141,180,197,209,255
240,142,180,196,208,255
240,143,180,196,208,255
241,0,155,142,129,255
241,1,155,142,129,255
241,2,158,146,138,255
241,3,158,146,138,255
241,4,160,150,145,255
241,5,160,150,145,255
241,6,160,150,145,255
241,7,162,154,150,255
241,8,162,154,150,255
241,9,163,157,154,255
241,10,163,157,154,255
241,11,163,157,153,255
241,12,161,154,148,255
241,13,161,154,148,255
241,14,161,152,146,255
241,15,161,152,146,255
241,16,148,134,126,255
241,17,101,95,90,255
241,18,101,95,90,255
241,19,56,50,50,255
241,20,28,28,34,255
241,21,28,28,34,255
241,22,13,13,38,255
241,23,22,22,42,255
241,24,13,22,38,255
241,25,13,22,42,255
241,26,13,22,42,255
241,27,0,13,42,255
241,28,13,13,46,255
241,29,13,22,50,255
241,30,13,22,50,255
241,31,0,13,42,255
241,32,13,22,46,255
241,33,13,22,50,255
241,34,13,13,46,255
241,35,13,22,50,255
241,36,13,22,46,255
241,37,22,22,46,255
241,38,22,22,46,255
241,39,13,22,46,255
241,40,13,13,42,255
241,41,13,13,46,255
241,42,13,22,42,255
241,43,22,22,46,255
241,44,22,22,46,255
241,45,13,13,42,255
241,46,13,13,38,255
241,47,13,13,38,255
241,48,13,22,42,255
241,49,22,22,46,255
241,50,22,22,46,255
241,51,13,13,38,255
241,52,13,22,38,255
241,53,13,22,42,255
241,54,22,34,66,255
241,55,38,59,90,255
241,56,34,53,83,255
241,57,28,42,75,255
241,58,34,46,75,255
241,59,34,46,75,255
241,60,28,42,73,255
241,61,28,38,69,255
241,62,34,46,75,255
241,63,34,50,77,255
241,64,28,42,73,255
241,65,22,38,69,255
241,66,28,38,69,255
241,67,28,42,71,255
241,68,28,38,69,255
241,69,28,38,71,255
241,70,28,38,73,255
241,71,28,42,73,255
241,72,28,46,77,255
241,73,28,46,79,255
241,74,28,46,77,255
241,75,22,42,77,255
241,76,34,50,81,255
241,77,28,46,79,255
241,78,28,38,73,255
241,79,22,34,69,255
241,80,22,34,66,255
241,81,22,34,64,255
241,82,22,34,61,255
241,83,22,28,56,255
241,84,22,28,59,255
241,85,22,28,56,255
241,86,13,28,53,255
241,87,22,28,56,255
241,88,22,28,56,255
241,89,38,83,98,255
241,90,86,139,148,255
241,91,108,165,170,255
241,92,117,173,176,255
241,93,131,169,175,255
241,94,120,165,170,255
241,95,93,119,129,255
241,96,61,75,90,255
241,97,138,157,173,255
241,98,178,196,210,255
241,99,186,200,213,255
241,100,186,198,209,255
241,101,184,199,208,255
241,102,187,199,208,255
241,103,186,197,208,255
241,104,187,196,206,255
241,105,185,197,207,255
241,106,185,197,207,255
241,107,184,198,208,255
241,108,184,199,209,255
241,109,184,198,208,255
241,110,184,196,208,255
241,111,186,198,208,255
241,112,182,198,208,255
241,113,183,198,208,255
241,114,184,197,208,255
241,115,184,197,207,255
241,116,184,196,206,255
241,117,189,199,208,255
241,118,187,202,213,255
241,119,214,221,228,255
241,120,217,223,230,255
241,121,195,208,219,255
241,122,184,196,206,255
241,123,184,196,206,255
241,124,183,194,205,255
241,125,182,194,207,255
241,126,182,194,207,255
241,127,183,194,207,255
241,128,184,196,207,255
241,129,184,196,207,255
241,130,182,196,206,255
241,131,182,196,206,255
241,132,185,196,206,255
241,133,184,194,206,255
241,134,184,194,206,255
241,135,184,195,207,255
241,136,184,195,207,255
241,137,182,195,208,255
241,138,182,195,208,255
241,139,182,195,208,255
241,140,181,196,208,255
241,141,181,196,208,255
241,142,180,196,208,255
241,143,180,196,208,255
242,0,155,142,131,255
242,1,158,146,138,255
242,2,158,146,138,255
242,3,158,148,140,255
242,4,160,150,145,255
242,5,159,150,145,255
242,6,162,154,150,255
242,7,162,154,150,255
242,8,161,154,150,255
242,9,163,157,154,255
242,10,163,157,153,255
242,11,162,155,151,255
242,12,161,154,148,255
242,13,161,154,148,255
242,14,160,148,141,255
242,15,160,148,141,255
242,16,148,134,126,255
242,17,96,90,85,255
242,18,96,90,85,255
242,19,56,50,50,255
242,20,13,13,34,255
242,21,13,13,38,255
242,22,13,13,38,255
242,23,22,22,42,255
242,24,22,22,42,255
242,25,13,22,42,255
242,26,13,22,42,255
242,27,0,13,42,255
242,28,13,22,46,255
242,29,13,13,42,255
242,30,0,13,42,255
242,31,0,13,42,255
242,32,13,22,46,255
242,33,13,13,46,255
242,34,22,22,46,255
242,35,13,22,46,255
242,36,13,22,46,255
242,37,22,22,46,255
242,38,13,22,42,255
242,39,22,22,42,255
242,40,22,22,46,255
242,41,13,22,42,255
242,42,13,22,42,255
242,43,22,22,46,255
242,44,22,22,46,255
242,45,13,13,42,255
242,46,13,13,38,255
242,47,13,13,42,255
242,48,22,22,46,255
242,49,22,22,46,255
242,50,22,22,46,255
242,51,13,13,38,255
242,52,13,22,38,255
242,53,13,22,42,255
242,54,28,38,69,255
242,55,42,61,91,255
242,56,38,53,83,255
242,57,34,46,75,255
242,58,34,46,75,255
242,59,34,42,73,255
242,60,34,42,71,255
242,61,28,38,69,255
242,62,28,42,71,255
242,63,28,46,73,255
242,64,28,42,71,255
242,65,28,38,66,255
242,66,28,38,69,255
242,67,28,42,71,255
242,68,28,38,69,255
242,69,28,38,71,255
242,70,28,38,73,255
242,71,28,42,73,255
242,72,28,46,77,255
242,73,28,46,79,255
242,74,28,46,77,255
242,75,22,42,77,255
242,76,34,50,81,255
242,77,28,46,79,255
242,78,22,38,73,255
242,79,22,34,69,255
242,80,22,38,66,255
242,81,22,34,64,255
242,82,22,28,61,255
242,83,22,28,59,255
242,84,22,28,59,255
242,85,13,28,56,255
242,86,22,28,56,255
242,87,13,28,56,255
242,88,22,28,56,255
242,89,38,71,86,255
242,90,86,139,148,255
242,91,108,165,170,255
242,92,117,173,176,255
242,93,131,169,175,255
242,94,131,169,175,255
242,95,106,132,145,255
242,96,61,79,95,255
242,97,133,152,170,255
242,98,176,194,209,255
242,99,186,200,213,255
242,100,186,198,209,255
242,101,184,199,208,255
242,102,187,199,208,255
242,103,186,197,208,255
242,104,185,196,206,255
242,105,186,196,206,255
242,106,185,197,207,255
242,107,184,198,208,255
242,108,184,198,208,255
242,109,184,198,208,255
242,110,184,196,208,255
242,111,186,198,208,255
242,112,182,198,208,255
242,113,182,198,208,255
242,114,184,198,208,255
242,115,184,197,208,255
242,116,184,196,206,255
242,117,189,199,208,255
242,118,189,199,208,255
242,119,211,218,224,255
242,120,217,223,230,255
242,121,195,208,219,255
242,122,195,208,219,255
242,123,184,196,207,255
242,124,183,194,205,255
242,125,183,194,205,255
242,126,183,194,205,255
242,127,183,194,207,255
242,128,183,196,207,255
242,129,183,196,207,255
242,130,182,196,206,255
242,131,182,196,206,255
242,132,183,195,206,255
242,133,185,196,206,255
242,134,184,194,206,255
242,135,182,195,206,255
242,136,184,195,207,255
242,137,184,195,207,255
242,138,183,195,206,255
242,139,182,195,208,255
242,140,180,194,207,255
242,141,181,196,208,255
242,142,181,196,208,255
242,143,179,195,207,255
243,0,155,142,131,255
243,1,158,146,138,255
243,2,158,148,140,255
243,3,158,148,140,255
243,4,159,150,145,255
243,5,159,150,145,255
243,6,162,154,150,255
243,7,161,154,150,255
243,8,163,157,154,255
243,9,162,156,153,255
243,10,162,155,151,255
243,11,162,155,151,255
243,12,160,151,146,255
243,13,160,151,146,255
243,14,160,148,141,255
243,15,143,130,121,255
243,16,143,130,121,255
243,17,96,90,85,255
243,18,34,34,42,255
243,19,34,34,42,255
243,20,13,13,34,255
243,21,13,13,38,255
243,22,13,22,42,255
243,23,22,22,42,255
243,24,22,22,42,255
243,25,13,22,42,255
243,26,13,22,42,255
243,27,0,13,42,255
243,28,13,22,46,255
243,29,13,13,42,255
243,30,13,13,42,255
243,31,13,13,42,255
243,32,13,13,42,255
243,33,13,13,46,255
243,34,22,22,46,255
243,35,0,13,38,255
243,36,13,13,42,255
243,37,13,22,42,255
243,38,13,22,42,255
243,39,22,22,42,255
243,40,13,13,34,255
243,41,0,13,34,255
243,42,13,13,34,255
243,43,13,22,38,255
243,44,13,13,38,255
243,45,13,13,42,255
243,46,13,13,38,255
243,47,13,22,42,255
243,48,22,22,46,255
243,49,13,22,42,255
243,50,13,22,42,255
243,51,13,13,34,255
243,52,0,0,22,255
243,53,13,13,28,255
243,54,28,38,69,255
243,55,42,61,91,255
243,56,38,53,83,255
243,57,34,46,75,255
243,58,34,42,73,255
243,59,28,38,71,255
243,60,28,38,69,255
243,61,28,38,66,255
243,62,28,38,66,255
243,63,34,42,71,255
243,64,28,38,64,255
243,65,28,38,64,255
243,66,28,38,66,255
243,67,22,38,66,255
243,68,28,38,69,255
243,69,22,38,71,255
243,70,28,38,73,255
243,71,28,42,73,255
243,72,28,42,77,255
243,73,28,46,77,255
243,74,22,42,75,255
243,75,22,42,75,255
243,76,28,46,81,255
243,77,28,42,77,255
243,78,22,38,73,255
243,79,22,34,66,255
243,80,22,34,66,255
243,81,22,34,66,255
243,82,22,34,61,255
243,83,22,28,59,255
243,84,22,28,59,255
243,85,22,28,59,255
243,86,22,28,56,255
243,87,13,28,56,255
243,88,22,28,56,255
243,89,38,71,86,255
243,90,85,135,144,255
243,91,106,163,168,255
243,92,124,173,177,255
243,93,124,173,177,255
243,94,131,176,180,255
243,95,118,144,158,255
243,96,75,90,105,255
243,97,133,152,170,255
243,98,176,194,209,255
243,99,185,200,213,255
243,100,185,198,210,255
243,101,184,199,209,255
243,102,186,198,208,255
243,103,186,197,207,255
243,104,185,196,206,255
243,105,186,196,206,255
243,106,186,196,206,255
243,107,184,197,208,255
243,108,183,197,207,255
243,109,184,198,208,255
243,110,184,196,208,255
243,111,182,197,208,255
243,112,184,198,208,255
243,113,184,198,208,255
243,114,184,198,208,255
243,115,184,197,208,255
243,116,184,197,206,255
243,117,184,198,209,255
243,118,189,199,208,255
243,119,211,218,224,255
243,120,217,223,229,255
243,121,197,209,219,255
243,122,195,208,219,255
243,123,184,196,207,255
243,124,183,194,205,255
243,125,183,194,205,255
243,126,183,194,205,255
243,127,185,195,207,255
243,128,185,195,207,255
243,129,183,196,207,255
243,130,182,195,205,255
243,131,182,195,205,255
243,132,183,195,206,255
243,133,183,195,206,255
243,134,182,194,206,255
243,135,184,194,206,255
243,136,182,195,206,255
243,137,184,195,207,255
243,138,183,195,206,255
243,139,183,195,206,255
243,140,180,194,207,255
243,141,180,194,207,255
243,142,181,196,208,255
243,143,179,195,207,255
244,0,158,146,138,255
244,1,158,148,140,255
244,2,158,148,140,255
244,3,159,150,145,255
244,4,159,150,145,255
244,5,159,150,145,255
244,6,161,154,150,255
244,7,161,154,150,255
244,8,162,156,153,255
244,9,162,156,153,255
244,10,162,155,151,255
244,11,162,154,150,255
244,12,160,151,146,255
244,13,160,151,146,255
244,14,159,147,137,255
244,15,143,130,121,255
244,16,143,130,121,255
244,17,56,66,71,255
244,18,34,34,42,255
244,19,34,34,42,255
244,20,13,13,34,255
244,21,13,22,42,255
244,22,13,22,42,255
244,23,22,22,42,255
244,24,22,22,42,255
244,25,13,22,42,255
244,26,13,22,42,255
244,27,13,13,42,255
244,28,13,13,42,255
244,29,13,22,46,255
244,30,13,13,42,255
244,31,13,13,42,255
244,32,13,22,38,255
244,33,13,13,38,255
244,34,13,13,38,255
244,35,0,13,38,255
244,36,13,13,42,255
244,37,0,13,28,255
244,38,0,13,28,255
244,39,0,0,28,255
244,40,13,13,34,255
244,41,0,13,34,255
244,42,13,13,22,255
244,43,0,0,22,255
244,44,13,13,34,255
244,45,13,13,42,255
244,46,13,13,38,255
244,47,13,22,42,255
244,48,22,22,46,255
244,49,13,22,42,255
244,50,13,13,28,255
244,51,13,13,28,255
244,52,0,0,0,255
244,53,13,13,22,255
244,54,28,38,73,255
244,55,42,59,90,255
244,56,38,53,83,255
244,57,28,42,73,255
244,58,34,42,73,255
244,59,28,38,71,255
244,60,28,38,69,255
244,61,28,38,66,255
244,62,28,38,66,255
244,63,28,38,66,255
244,64,28,34,61,255
244,65,28,34,61,255
244,66,28,38,64,255
244,67,28,38,66,255
244,68,22,34,66,255
244,69,28,38,71,255
244,70,22,34,71,255
244,71,22,38,73,255
244,72,28,42,75,255
244,73,28,42,77,255
244,74,28,42,77,255
244,75,28,42,77,255
244,76,28,46,79,255
244,77,28,46,79,255
244,78,22,42,75,255
244,79,22,34,69,255
244,80,22,34,66,255
244,81,22,34,66,255
244,82,22,34,61,255
244,83,22,28,59,255
244,84,22,28,59,255
244,85,22,28,59,255
244,86,13,28,56,255
244,87,13,28,56,255
244,88,22,28,56,255
244,89,22,53,69,255
244,90,79,130,138,255
244,91,106,163,167,255
244,92,128,176,179,255
244,93,128,176,179,255
244,94,131,176,180,255
244,95,118,144,158,255
244,96,75,90,105,255
244,97,122,142,162,255
244,98,173,190,207,255
244,99,186,202,214,255
244,100,185,199,210,255
244,101,183,198,209,255
244,102,186,198,208,255
244,103,186,197,207,255
244,104,186,197,206,255
244,105,184,196,206,255
244,106,184,196,206,255
244,107,184,197,208,255
244,108,183,197,207,255
244,109,184,197,208,255
244,110,184,196,207,255
244,111,185,198,208,255
244,112,184,198,208,255
244,113,184,198,208,255
244,114,184,197,208,255
244,115,184,197,208,255
244,116,184,197,207,255
244,117,184,198,209,255
244,118,184,198,209,255
244,119,208,215,222,255
244,120,217,223,229,255
244,121,197,209,219,255
244,122,197,209,219,255
244,123,185,196,208,255
244,124,183,194,205,255
244,125,183,194,205,255
244,126,183,194,206,255
244,127,185,195,207,255
244,128,185,195,207,255
244,129,180,196,207,255
244,130,182,195,205,255
244,131,182,195,205,255
244,132,183,195,205,255
244,133,183,195,206,255
244,134,182,194,206,255
244,135,182,194,206,255
244,136,182,195,206,255
244,137,182,195,206,255
244,138,183,195,206,255
244,139,183,195,206,255
244,140,183,195,206,255
244,141,180,194,207,255
244,142,180,194,207,255
244,143,181,196,208,255
245,0,158,148,140,255
245,1,158,148,140,255
245,2,159,148,140,255
245,3,159,150,145,255
245,4,159,150,145,255
245,5,158,149,144,255
245,6,161,154,150,255
245,7,160,153,149,255
245,8,162,156,153,255
245,9,162,156,153,255
245,10,162,154,150,255
245,11,162,154,150,255
245,12,160,151,145,255
245,13,159,147,137,255
245,14,159,147,137,255
245,15,127,119,113,255
245,16,127,119,113,255
245,17,56,66,71,255
245,18,22,22,34,255
245,19,22,22,34,255
245,20,13,13,34,255
245,21,13,22,42,255
245,22,13,13,38,255
245,23,22,22,42,255
245,24,22,22,42,255
245,25,0,13,42,255
245,26,13,13,42,255
245,27,13,13,42,255
245,28,13,13,42,255
245,29,13,13,42,255
245,30,13,13,38,255
245,31,13,22,38,255
245,32,13,22,38,255
245,33,13,13,28,255
245,34,0,13,28,255
245,35,13,13,34,255
245,36,0,13,28,255
245,37,0,13,28,255
245,38,0,0,28,255
245,39,0,0,13,255
245,40,0,0,13,255
245,41,0,0,13,255
245,42,13,13,22,255
245,43,0,0,22,255
245,44,13,13,34,255
245,45,13,13,42,255
245,46,13,13,42,255
245,47,13,22,42,255
245,48,22,28,46,255
245,49,22,22,42,255
245,50,13,13,28,255
245,51,13,13,28,255
245,52,0,0,0,255
245,53,0,0,13,255
245,54,34,46,79,255
245,55,38,59,88,255
245,56,34,50,79,255
245,57,34,42,73,255
245,58,28,42,71,255
245,59,28,38,69,255
245,60,28,38,64,255
245,61,22,34,59,255
245,62,28,38,64,255
245,63,28,38,66,255
245,64,28,34,61,255
245,65,28,34,61,255
245,66,28,38,64,255
245,67,28,38,66,255
245,68,22,34,66,255
245,69,28,38,71,255
245,70,22,34,71,255
245,71,22,38,73,255
245,72,28,42,75,255
245,73,28,42,77,255
245,74,28,42,77,255
245,75,28,42,77,255
245,76,28,46,79,255
245,77,28,46,79,255
245,78,22,42,75,255
245,79,22,34,69,255
245,80,22,34,66,255
245,81,22,38,69,255
245,82,22,34,66,255
245,83,22,34,64,255
245,84,13,28,61,255
245,85,22,34,61,255
245,86,22,34,61,255
245,87,22,34,61,255
245,88,22,28,56,255
245,89,22,50,64,255
245,90,75,127,134,255
245,91,106,163,167,255
245,92,128,176,179,255
245,93,128,176,179,255
245,94,138,179,184,255
245,95,122,150,166,255
245,96,69,91,112,255
245,97,104,124,145,255
245,98,166,184,201,255
245,99,186,202,214,255
245,100,185,199,210,255
245,101,183,198,209,255
245,102,186,197,208,255
245,103,186,197,206,255
245,104,186,196,205,255
245,105,186,197,206,255
245,106,184,196,206,255
245,107,183,197,206,255
245,108,184,198,208,255
245,109,185,197,207,255
245,110,184,196,206,255
245,111,185,198,208,255
245,112,185,198,208,255
245,113,184,198,208,255
245,114,183,196,208,255
245,115,184,197,208,255
245,116,184,197,207,255
245,117,184,197,207,255
245,118,182,196,207,255
245,119,208,215,222,255
245,120,218,224,229,255
245,121,199,210,220,255
245,122,197,209,219,255
245,123,185,196,208,255
245,124,183,194,206,255
245,125,183,194,206,255
245,126,183,194,206,255
245,127,184,194,206,255
245,128,184,194,206,255
245,129,180,196,207,255
245,130,180,196,207,255
245,131,180,194,205,255
245,132,183,195,205,255
245,133,183,195,205,255
245,134,182,194,206,255
245,135,182,194,206,255
245,136,180,194,206,255
245,137,182,195,206,255
245,138,183,195,206,255
245,139,183,195,206,255
245,140,183,195,206,255
245,141,181,195,206,255
245,142,180,194,207,255
245,143,180,194,207,255
246,0,158,148,140,255
246,1,159,148,140,255
246,2,159,148,140,255
246,3,159,150,145,255
246,4,158,149,144,255
246,5,161,154,150,255
246,6,160,153,149,255
246,7,160,153,149,255
246,8,162,155,151,255
246,9,162,155,151,255
246,10,162,154,150,255
246,11,161,154,149,255
246,12,160,151,145,255
246,13,159,147,137,255
246,14,157,145,135,255
246,15,127,119,113,255
246,16,127,119,113,255
246,17,42,42,42,255
246,18,22,22,34,255
246,19,22,22,34,255
246,20,13,22,38,255
246,21,13,13,38,255
246,22,22,22,42,255
246,23,22,22,42,255
246,24,13,22,38,255
246,25,0,13,42,255
246,26,13,13,42,255
246,27,13,13,42,255
246,28,13,13,42,255
246,29,13,13,42,255
246,30,13,13,38,255
246,31,13,13,28,255
246,32,13,13,28,255
246,33,13,13,28,255
246,34,0,13,28,255
246,35,0,0,13,255
246,36,0,0,13,255
246,37,0,0,13,255
246,38,0,0,13,255
246,39,0,0,13,255
246,40,0,0,13,255
246,41,0,0,0,255
246,42,0,0,0,255
246,43,0,0,13,255
246,44,22,22,38,255
246,45,13,13,42,255
246,46,13,13,42,255
246,47,13,22,42,255
246,48,22,22,46,255
246,49,13,13,34,255
246,50,0,0,13,255
246,51,0,0,13,255
246,52,0,0,0,255
246,53,0,0,13,255
246,54,34,46,79,255
246,55,38,59,88,255
246,56,34,50,79,255
246,57,34,42,71,255
246,58,28,38,69,255
246,59,28,34,64,255
246,60,22,34,59,255
246,61,22,34,56,255
246,62,22,34,59,255
246,63,28,34,61,255
246,64,28,34,61,255
246,65,28,34,61,255
246,66,28,38,64,255
246,67,28,38,64,255
246,68,22,34,64,255
246,69,28,38,69,255
246,70,28,38,71,255
246,71,28,42,73,255
246,72,28,42,75,255
246,73,28,42,77,255
246,74,28,42,77,255
246,75,22,42,77,255
246,76,28,46,79,255
246,77,28,46,81,255
246,78,28,42,77,255
246,79,28,38,73,255
246,80,22,38,71,255
246,81,22,38,71,255
246,82,28,38,69,255
246,83,22,34,64,255
246,84,22,28,61,255
246,85,22,34,61,255
246,86,22,34,61,255
246,87,22,34,61,255
246,88,22,28,56,255
246,89,22,50,64,255
246,90,75,127,134,255
246,91,106,163,166,255
246,92,124,175,179,255
246,93,124,175,179,255
246,94,136,179,186,255
246,95,122,152,169,255
246,96,71,90,108,255
246,97,104,124,145,255
246,98,166,184,201,255
246,99,186,202,215,255
246,100,185,199,211,255
246,101,182,197,209,255
246,102,184,197,207,255
246,103,186,197,206,255
246,104,186,196,205,255
246,105,186,196,205,255
246,106,186,196,205,255
246,107,186,197,206,255
246,108,184,197,207,255
246,109,185,197,207,255
246,110,184,196,206,255
246,111,184,197,207,255
246,112,184,197,207,255
246,113,184,198,208,255
246,114,183,196,208,255
246,115,182,196,206,255
246,116,183,196,206,255
246,117,184,197,207,255
246,118,182,196,207,255
246,119,203,212,220,255
246,120,219,224,230,255
246,121,218,224,229,255
246,122,199,210,220,255
246,123,185,196,208,255
246,124,183,194,206,255
246,125,183,194,206,255
246,126,182,193,205,255
246,127,184,194,206,255
246,128,184,194,206,255
246,129,183,196,207,255
246,130,180,196,207,255
246,131,180,194,205,255
246,132,181,195,205,255
246,133,183,195,205,255
246,134,181,194,206,255
246,135,181,194,206,255
246,136,180,194,206,255
246,137,180,194,206,255
246,138,182,195,206,255
246,139,183,195,206,255
246,140,183,195,206,255
246,141,181,195,206,255
246,142,181,195,206,255
246,143,180,194,207,255
247,0,158,148,140,255
247,1,159,148,140,255
247,2,159,150,145,255
247,3,158,149,144,255
247,4,158,149,144,255
247,5,160,153,149,255
247,6,160,153,149,255
247,7,162,155,151,255
247,8,162,155,151,255
247,9,162,154,150,255
247,10,161,154,149,255
247,11,160,151,145,255
247,12,160,151,145,255
247,13,157,145,135,255
247,14,157,145,135,255
247,15,114,106,99,255
247,16,42,42,42,255
247,17,42,42,42,255
247,18,22,22,34,255
247,19,13,22,38,255
247,20,13,22,38,255
247,21,22,22,46,255
247,22,22,22,42,255
247,23,22,22,42,255
247,24,13,22,38,255
247,25,0,13,38,255
247,26,13,13,42,255
247,27,13,13,42,255
247,28,13,13,42,255
247,29,13,13,34,255
247,30,13,13,34,255
247,31,13,13,28,255
247,32,13,13,28,255
247,33,0,13,13,255
247,34,0,0,13,255
247,35,0,0,13,255
247,36,0,0,13,255
247,37,0,0,0,255
247,38,0,0,0,255
247,39,0,0,0,255
247,40,0,0,0,255
247,41,0,0,0,255
247,42,0,0,0,255
247,43,13,13,13,255
247,44,13,13,34,255
247,45,13,13,42,255
247,46,0,13,38,255
247,47,13,22,42,255
247,48,22,22,46,255
247,49,13,13,34,255
247,50,13,13,22,255
247,51,13,13,22,255
247,52,0,0,13,255
247,53,0,0,13,255
247,54,34,50,83,255
247,55,38,59,90,255
247,56,38,50,79,255
247,57,34,42,71,255
247,58,28,38,69,255
247,59,28,34,64,255
247,60,22,34,59,255
247,61,22,34,56,255
247,62,28,34,59,255
247,63,28,34,61,255
247,64,28,38,61,255
247,65,28,38,61,255
247,66,28,38,64,255
247,67,28,34,64,255
247,68,28,38,64,255
247,69,28,38,69,255
247,70,22,34,71,255
247,71,22,38,73,255
247,72,28,42,75,255
247,73,28,42,77,255
247,74,28,42,77,255
247,75,28,42,77,255
247,76,28,46,79,255
247,77,28,46,79,255
247,78,28,46,79,255
247,79,22,42,75,255
247,80,28,42,75,255
247,81,22,38,71,255
247,82,28,38,69,255
247,83,22,34,64,255
247,84,22,28,61,255
247,85,22,34,61,255
247,86,22,34,61,255
247,87,13,28,59,255
247,88,13,28,53,255
247,89,22,46,64,255
247,90,71,120,128,255
247,91,108,161,165,255
247,92,120,175,178,255
247,93,120,175,178,255
247,94,136,179,186,255
247,95,122,152,169,255
247,96,71,90,108,255
247,97,86,105,124,255
247,98,155,174,192,255
247,99,184,200,214,255
247,100,184,199,211,255
247,101,182,197,209,255
247,102,184,197,207,255
247,103,184,196,206,255
247,104,187,197,206,255
247,105,187,197,206,255
247,106,186,196,206,255
247,107,186,197,206,255
247,108,184,197,207,255
247,109,184,197,207,255
247,110,184,196,207,255
247,111,184,197,207,255
247,112,184,197,207,255
247,113,183,197,207,255
247,114,182,196,206,255
247,115,182,196,206,255
247,116,183,196,206,255
247,117,183,196,206,255
247,118,183,196,206,255
247,119,203,212,220,255
247,120,219,224,230,255
247,121,219,224,230,255
247,122,203,213,222,255
247,123,185,196,208,255
247,124,185,196,208,255
247,125,184,194,206,255
247,126,182,193,205,255
247,127,182,193,205,255
247,128,182,192,205,255
247,129,183,196,207,255
247,130,183,196,207,255
247,131,180,194,205,255
247,132,180,194,205,255
247,133,181,195,205,255
247,134,183,195,205,255
247,135,181,194,206,255
247,136,181,194,206,255
247,137,180,194,206,255
247,138,180,194,206,255
247,139,183,195,206,255
247,140,183,195,206,255
247,141,183,195,206,255
247,142,181,195,206,255
247,143,180,194,207,255
248,0,159,148,140,255
248,1,159,148,140,255
248,2,158,149,144,255
248,3,158,149,144,255
248,4,159,149,144,255
248,5,160,153,149,255
248,6,159,152,148,255
248,7,162,155,151,255
248,8,162,155,151,255
248,9,161,154,149,255
248,10,161,154,149,255
248,11,160,150,144,255
248,12,160,150,144,255
248,13,157,145,135,255
248,14,149,140,130,255
248,15,114,106,99,255
248,16,42,42,42,255
248,17,38,34,38,255
248,18,22,22,34,255
248,19,13,22,38,255
248,20,13,22,38,255
248,21,22,22,46,255
248,22,22,22,42,255
248,23,22,22,42,255
248,24,13,13,38,255
248,25,0,13,38,255
248,26,13,13,42,255
248,27,0,0,34,255
248,28,13,13,38,255
248,29,13,13,34,255
248,30,0,0,13,255
248,31,0,0,13,255
248,32,0,0,13,255
248,33,0,13,13,255
248,34,0,0,13,255
248,35,0,0,0,255
248,36,13,13,13,255
248,37,0,0,0,255
248,38,0,0,0,255
248,39,0,0,0,255
248,40,0,0,0,255
248,41,0,0,0,255
248,42,0,0,13,255
248,43,13,13,13,255
248,44,13,13,34,255
248,45,13,13,42,255
248,46,13,13,38,255
248,47,13,13,38,255
248,48,22,28,46,255
248,49,13,22,34,255
248,50,13,13,22,255
248,51,0,0,13,255
248,52,0,0,13,255
248,53,0,0,13,255
248,54,38,56,86,255
248,55,38,59,88,255
248,56,38,50,77,255
248,57,28,38,66,255
248,58,28,38,66,255
248,59,28,34,61,255
248,60,28,34,59,255
248,61,22,28,53,255
248,62,28,34,59,255
248,63,28,34,61,255
248,64,28,38,61,255
248,65,28,38,61,255
248,66,28,38,64,255
248,67,28,34,64,255
248,68,28,38,64,255
248,69,28,38,69,255
248,70,22,34,71,255
248,71,22,38,73,255
248,72,28,42,75,255
248,73,28,42,77,255
248,74,28,42,77,255
248,75,28,42,77,255
248,76,28,46,79,255
248,77,28,46,79,255
248,78,28,46,79,255
248,79,22,42,75,255
248,80,28,42,75,255
248,81,22,38,71,255
248,82,22,38,69,255
248,83,22,34,66,255
248,84,28,34,66,255
248,85,22,34,66,255
248,86,22,34,64,255
248,87,22,34,61,255
248,88,22,34,59,255
248,89,22,46,66,255
248,90,71,120,128,255
248,91,108,161,165,255
248,92,108,161,165,255
248,93,120,175,178,255
248,94,129,177,183,255
248,95,124,155,169,255
248,96,71,90,109,255
248,97,64,85,104,255
248,98,155,174,192,255
248,99,184,200,214,255
248,100,184,199,211,255
248,101,184,197,209,255
248,102,182,197,207,255
248,103,184,196,206,255
248,104,187,197,206,255
248,105,187,197,206,255
248,106,186,196,206,255
248,107,187,196,206,255
248,108,186,196,207,255
248,109,184,197,207,255
248,110,184,196,207,255
248,111,183,196,207,255
248,112,183,196,207,255
248,113,182,197,206,255
248,114,182,196,206,255
248,115,183,196,206,255
248,116,183,196,206,255
248,117,183,196,206,255
248,118,183,196,206,255
248,119,199,209,218,255
248,120,218,223,230,255
248,121,219,224,230,255
248,122,203,213,222,255
248,123,184,196,209,255
248,124,185,196,208,255
248,125,184,194,206,255
248,126,184,194,205,255
248,127,182,193,205,255
248,128,182,192,205,255
248,129,182,194,206,255
248,130,183,196,207,255
248,131,180,195,205,255
248,132,180,195,205,255
248,133,181,195,205,255
248,134,181,195,205,255
248,135,181,194,206,255
248,136,181,194,206,255
248,137,181,194,206,255
248,138,180,194,206,255
248,139,183,196,206,255
248,140,183,195,206,255
248,141,183,195,206,255
248,142,181,195,206,255
248,143,181,195,206,255
249,0,159,148,140,255
249,1,158,149,144,255
249,2,158,149,144,255
249,3,159,149,144,255
249,4,160,153,149,255
249,5,160,153,149,255
249,6,159,152,148,255
249,7,162,155,151,255
249,8,162,154,149,255
249,9,161,154,149,255
249,10,161,155,150,255
249,11,160,150,144,255
249,12,160,150,144,255
249,13,149,140,130,255
249,14,114,106,99,255
249,15,114,106,99,255
249,16,38,34,38,255
249,17,38,34,38,255
249,18,22,22,34,255
249,19,13,22,38,255
249,20,13,22,38,255
249,21,22,22,42,255
249,22,22,22,42,255
249,23,22,22,42,255
249,24,13,13,38,255
249,25,0,0,38,255
249,26,0,0,34,255
249,27,13,13,38,255
249,28,0,13,22,255
249,29,13,13,13,255
249,30,0,0,13,255
249,31,0,0,13,255
249,32,0,0,0,255
249,33,0,0,0,255
249,34,0,0,0,255
249,35,0,0,0,255
249,36,13,13,13,255
249,37,0,0,0,255
249,38,0,0,0,255
249,39,0,0,0,255
249,40,0,0,0,255
249,41,0,0,0,255
249,42,0,0,0,255
249,43,13,13,22,255
249,44,13,13,38,255
249,45,13,13,38,255
249,46,13,13,38,255
249,47,13,13,38,255
249,48,22,22,42,255
249,49,13,13,34,255
249,50,13,13,22,255
249,51,0,0,0,255
249,52,0,0,0,255
249,53,0,0,13,255
249,54,38,56,86,255
249,55,38,59,88,255
249,56,38,50,77,255
249,57,28,38,66,255
249,58,28,34,64,255
249,59,28,34,61,255
249,60,28,34,56,255
249,61,28,34,53,255
249,62,22,34,59,255
249,63,28,38,64,255
249,64,22,34,59,255
249,65,28,34,61,255
249,66,22,34,59,255
249,67,28,38,64,255
249,68,28,38,66,255
249,69,28,38,69,255
249,70,28,42,73,255
249,71,28,42,75,255
249,72,22,42,75,255
249,73,22,38,75,255
249,74,28,42,77,255
249,75,28,42,79,255
249,76,28,46,81,255
249,77,28,46,83,255
249,78,28,46,81,255
249,79,28,46,79,255
249,80,28,42,77,255
249,81,22,38,73,255
249,82,22,38,71,255
249,83,28,38,69,255
249,84,22,34,66,255
249,85,22,34,64,255
249,86,22,34,64,255
249,87,22,34,61,255
249,88,22,34,59,255
249,89,22,46,66,255
249,90,66,115,122,255
249,91,106,160,163,255
249,92,106,160,163,255
249,93,119,175,175,255
249,94,127,177,179,255
249,95,121,155,167,255
249,96,71,90,109,255
249,97,64,85,104,255
249,98,144,163,182,255
249,99,181,198,213,255
249,100,186,200,212,255
249,101,182,197,208,255
249,102,182,197,207,255
249,103,184,196,206,255
249,104,184,196,206,255
249,105,186,197,206,255
249,106,185,196,206,255
249,107,187,196,206,255
249,108,186,196,207,255
249,109,182,196,207,255
249,110,184,196,206,255
249,111,184,196,206,255
249,112,183,196,207,255
249,113,182,197,206,255
249,114,181,195,206,255
249,115,182,196,206,255
249,116,183,196,206,255
249,117,183,196,206,255
249,118,183,196,206,255
249,119,199,209,218,255
249,120,218,223,230,255
249,121,218,223,230,255
249,122,205,215,224,255
249,123,184,196,209,255
249,124,184,196,209,255
249,125,182,193,205,255
249,126,184,194,205,255
249,127,184,194,205,255
249,128,182,192,205,255
249,129,182,192,205,255
249,130,182,194,206,255
249,131,180,195,205,255
249,132,180,195,205,255
249,133,181,195,205,255
249,134,181,195,205,255
249,135,179,193,205,255
249,136,181,194,206,255
249,137,181,194,206,255
249,138,180,194,206,255
249,139,180,194,206,255
249,140,183,196,206,255
249,141,183,195,206,255
249,142,183,195,206,255
249,143,181,195,206,255
250,0,158,148,140,255
250,1,158,149,144,255
250,2,158,149,144,255
250,3,159,149,144,255
250,4,160,153,149,255
250,5,159,152,148,255
250,6,162,155,151,255
250,7,162,154,149,255
250,8,162,154,149,255
250,9,161,155,150,255
250,10,161,155,150,255
250,11,160,150,144,255
250,12,160,150,144,255
250,13,149,140,130,255
250,14,104,96,91,255
250,15,104,96,91,255
250,16,38,34,38,255
250,17,46,42,38,255
250,18,22,22,34,255
250,19,13,22,38,255
250,20,13,13,34,255
250,21,22,22,42,255
250,22,22,22,42,255
250,23,13,13,38,255
250,24,13,13,38,255
250,25,0,0,38,255
250,26,13,13,34,255
250,27,0,13,22,255
250,28,0,13,22,255
250,29,13,13,13,255
250,30,13,13,13,255
250,31,0,0,0,255
250,32,0,0,0,255
250,33,0,0,0,255
250,34,0,0,0,255
250,35,0,0,0,255
250,36,0,0,0,255
250,37,0,0,0,255
250,38,0,0,0,255
250,39,0,0,0,255
250,40,0,0,0,255
250,41,0,0,0,255
250,42,0,0,0,255
250,43,13,13,22,255
250,44,13,13,42,255
250,45,0,13,38,255
250,46,13,13,38,255
250,47,22,22,42,255
250,48,22,22,42,255
250,49,13,13,34,255
250,50,13,13,22,255
250,51,13,13,13,255
250,52,13,13,13,255
250,53,0,0,13,255
250,54,38,56,88,255
250,55,42,59,88,255
250,56,34,46,75,255
250,57,28,38,66,255
250,58,28,34,64,255
250,59,28,34,61,255
250,60,28,34,56,255
250,61,28,34,53,255
250,62,22,34,59,255
250,63,28,38,64,255
250,64,22,34,59,255
250,65,22,34,59,255
250,66,28,34,59,255
250,67,22,34,64,255
250,68,28,38,69,255
250,69,28,38,71,255
250,70,28,38,73,255
250,71,28,42,75,255
250,72,22,38,73,255
250,73,22,38,73,255
250,74,28,42,75,255
250,75,28,46,79,255
250,76,28,46,83,255
250,77,28,46,83,255
250,78,28,46,81,255
250,79,28,42,79,255
250,80,28,42,77,255
250,81,22,38,73,255
250,82,22,38,71,255
250,83,28,38,69,255
250,84,22,34,66,255
250,85,22,34,64,255
250,86,22,34,64,255
250,87,22,34,64,255
250,88,22,34,61,255
250,89,22,42,64,255
250,90,64,112,119,255
250,91,105,158,160,255
250,92,105,158,160,255
250,93,119,175,175,255
250,94,127,177,179,255
250,95,121,155,167,255
250,96,73,93,110,255
250,97,59,71,85,255
250,98,135,154,172,255
250,99,178,196,210,255
250,100,186,200,212,255
250,101,182,197,208,255
250,102,182,197,208,255
250,103,184,197,207,255
250,104,184,197,207,255
250,105,186,197,206,255
250,106,185,196,206,255
250,107,186,196,206,255
250,108,184,194,206,255
250,109,182,195,207,255
250,110,184,196,206,255
250,111,184,196,206,255
250,112,182,195,206,255
250,113,184,197,207,255
250,114,181,195,206,255
250,115,182,196,206,255
250,116,182,196,206,255
250,117,181,196,206,255
250,118,183,196,206,255
250,119,185,200,213,255
250,120,185,200,213,255
250,121,218,223,230,255
250,122,205,215,224,255
250,123,184,197,209,255
250,124,184,196,209,255
250,125,182,193,205,255
250,126,182,193,205,255
250,127,184,194,205,255
250,128,182,192,204,255
250,129,182,192,204,255
250,130,182,194,206,255
250,131,179,194,205,255
250,132,180,195,205,255
250,133,181,195,205,255
250,134,181,195,205,255
250,135,179,193,205,255
250,136,179,193,205,255
250,137,181,194,206,255
250,138,181,194,206,255
250,139,180,194,206,255
250,140,183,196,206,255
250,141,183,195,206,255
250,142,183,195,206,255
250,143,183,196,207,255
251,0,158,149,144,255
251,1,158,149,144,255
251,2,159,149,144,255
251,3,160,153,149,255
251,4,159,152,148,255
251,5,159,152,148,255
251,6,162,154,149,255
251,7,162,154,149,255
251,8,161,155,150,255
251,9,161,155,150,255
251,10,160,150,144,255
251,11,160,150,144,255
251,12,149,140,130,255
251,13,145,135,127,255
251,14,104,96,91,255
251,15,104,96,91,255
251,16,46,42,38,255
251,17,22,22,34,255
251,18,22,22,34,255
251,19,13,13,34,255
251,20,22,22,42,255
251,21,22,22,42,255
251,22,13,22,34,255
251,23,13,13,38,255
251,24,13,13,38,255
251,25,0,0,34,255
251,26,13,13,34,255
251,27,0,13,22,255
251,28,0,0,13,255
251,29,0,0,0,255
251,30,13,13,13,255
251,31,0,0,0,255
251,32,0,0,0,255
251,33,0,0,0,255
251,34,0,0,0,255
251,35,0,0,0,255
251,36,0,0,0,255
251,37,0,0,0,255
251,38,13,13,13,255
251,39,0,0,0,255
251,40,0,0,0,255
251,41,0,0,0,255
251,42,0,0,0,255
251,43,22,13,22,255
251,44,13,13,42,255
251,45,0,13,38,255
251,46,13,13,38,255
251,47,13,22,38,255
251,48,22,22,38,255
251,49,13,13,34,255
251,50,0,0,13,255
251,51,13,13,13,255
251,52,13,13,13,255
251,53,0,0,13,255
251,54,38,56,88,255
251,55,42,59,90,255
251,56,34,46,75,255
251,57,28,34,64,255
251,58,28,34,64,255
251,59,28,34,61,255
251,60,22,28,56,255
251,61,22,34,53,255
251,62,28,38,59,255
251,63,22,34,61,255
251,64,22,34,59,255
251,65,22,34,59,255
251,66,28,34,59,255
251,67,22,34,64,255
251,68,28,38,69,255
251,69,28,38,71,255
251,70,28,38,73,255
251,71,28,42,75,255
251,72,22,38,73,255
251,73,22,38,73,255
251,74,28,42,75,255
251,75,28,46,79,255
251,76,28,46,83,255
251,77,28,46,83,255
251,78,28,46,81,255
251,79,28,42,79,255
251,80,22,38,77,255
251,81,22,34,71,255
251,82,22,34,71,255
251,83,22,34,69,255
251,84,22,34,69,255
251,85,22,34,69,255
251,86,22,34,66,255
251,87,22,34,64,255
251,88,13,28,61,255
251,89,22,42,64,255
251,90,64,112,119,255
251,91,105,158,160,255
251,92,105,158,160,255
251,93,118,175,175,255
251,94,124,177,177,255
251,95,114,154,163,255
251,96,71,91,108,255
251,97,59,71,85,255
251,98,135,154,172,255
251,99,178,196,210,255
251,100,185,199,212,255
251,101,182,196,207,255
251,102,184,197,208,255
251,103,184,197,207,255
251,104,184,197,207,255
251,105,185,197,206,255
251,106,184,195,205,255
251,107,186,196,206,255
251,108,184,194,206,255
251,109,182,195,207,255
251,110,184,196,206,255
251,111,184,196,206,255
251,112,182,195,206,255
251,113,184,197,207,255
251,114,182,196,206,255
251,115,182,195,206,255
251,116,182,196,206,255
251,117,181,196,206,255
251,118,182,195,205,255
251,119,185,200,213,255
251,120,185,200,213,255
251,121,211,219,227,255
251,122,205,215,224,255
251,123,205,215,224,255
251,124,184,197,209,255
251,125,182,193,205,255
251,126,182,193,205,255
251,127,182,193,205,255
251,128,182,192,204,255
251,129,182,192,204,255
251,130,182,194,205,255
251,131,182,194,206,255
251,132,179,194,205,255
251,133,180,195,205,255
251,134,181,195,205,255
251,135,181,195,205,255
251,136,179,193,205,255
251,137,179,193,205,255
251,138,181,194,206,255
251,139,181,194,206,255
251,140,180,194,206,255
251,141,183,196,206,255
251,142,183,195,206,255
251,143,183,195,206,255
252,0,158,149,144,255
252,1,159,149,144,255
252,2,159,149,144,255
252,3,159,152,148,255
252,4,159,152,148,255
252,5,160,151,147,255
252,6,162,154,149,255
252,7,162,154,149,255
252,8,161,155,150,255
252,9,161,155,150,255
252,10,160,150,144,255
252,11,160,150,144,255
252,12,145,135,127,255
252,13,145,135,127,255
252,14,104,96,91,255
252,15,56,69,73,255
252,16,46,42,38,255
252,17,13,13,28,255
252,18,13,13,28,255
252,19,13,13,34,255
252,20,22,22,38,255
252,21,22,22,38,255
252,22,13,22,34,255
252,23,13,13,38,255
252,24,13,13,38,255
252,25,0,0,34,255
252,26,0,0,28,255
252,27,0,0,13,255
252,28,0,0,13,255
252,29,0,0,0,255
252,30,0,0,0,255
252,31,0,0,0,255
252,32,0,0,0,255
252,33,0,0,0,255
252,34,13,0,13,255
252,35,0,0,0,255
252,36,0,0,0,255
252,37,0,0,0,255
252,38,0,0,0,255
252,39,0,0,0,255
252,40,0,0,0,255
252,41,0,0,0,255
252,42,0,0,0,255
252,43,13,13,28,255
252,44,13,13,38,255
252,45,13,13,38,255
252,46,13,13,38,255
252,47,13,22,38,255
252,48,22,22,38,255
252,49,13,13,34,255
252,50,0,0,13,255
252,51,0,0,13,255
252,52,0,0,13,255
252,53,22,22,34,255
252,54,42,64,95,255
252,55,42,59,90,255
252,56,34,46,75,255
252,57,28,34,64,255
252,58,28,34,64,255
252,59,28,34,61,255
252,60,28,34,56,255
252,61,28,34,56,255
252,62,28,38,61,255
252,63,22,34,61,255
252,64,22,34,59,255
252,65,22,34,59,255
252,66,22,34,56,255
252,67,22,34,61,255
252,68,28,38,69,255
252,69,28,38,71,255
252,70,28,42,75,255
252,71,22,38,75,255
252,72,22,38,75,255
252,73,28,42,75,255
252,74,22,42,75,255
252,75,22,42,79,255
252,76,28,46,85,255
252,77,28,46,83,255
252,78,34,46,83,255
252,79,22,38,77,255
252,80,28,38,75,255
252,81,28,38,73,255
252,82,22,38,71,255
252,83,28,38,71,255
252,84,22,34,69,255
252,85,22,34,69,255
252,86,22,34,66,255
252,87,22,34,64,255
252,88,13,28,61,255
252,89,22,38,59,255
252,90,61,108,114,255
252,91,105,157,159,255
252,92,105,157,159,255
252,93,118,175,174,255
252,94,124,177,177,255
252,95,114,154,163,255
252,96,71,91,108,255
252,97,59,71,85,255
252,98,131,148,167,255
252,99,176,193,209,255
252,100,184,199,211,255
252,101,182,196,207,255
252,102,184,197,208,255
252,103,184,197,208,255
252,104,184,197,208,255
252,105,185,197,206,255
252,106,184,195,205,255
252,107,186,196,206,255
252,108,184,194,206,255
252,109,182,195,207,255
252,110,184,196,206,255
252,111,184,196,206,255
252,112,183,195,205,255
252,113,184,197,206,255
252,114,182,196,206,255
252,115,182,195,206,255
252,116,182,195,206,255
252,117,180,195,205,255
252,118,182,195,205,255
252,119,184,196,207,255
252,120,184,196,207,255
252,121,211,219,227,255
252,122,212,219,226,255
252,123,212,219,226,255
252,124,184,197,209,255
252,125,184,193,204,255
252,126,184,193,204,255
252,127,182,193,205,255
252,128,182,192,204,255
252,129,182,192,204,255
252,130,182,194,205,255
252,131,182,194,205,255
252,132,179,194,205,255
252,133,179,194,205,255
252,134,181,195,205,255
252,135,181,195,205,255
252,136,179,193,205,255
252,137,179,193,205,255
252,138,179,192,205,255
252,139,181,194,206,255
252,140,181,194,206,255
252,141,183,196,206,255
252,142,183,196,206,255
252,143,183,195,206,255
253,0,158,149,144,255
253,1,159,149,144,255
253,2,159,149,144,255
253,3,159,152,148,255
253,4,159,152,148,255
253,5,162,154,149,255
253,6,162,154,149,255
253,7,161,155,150,255
253,8,161,155,150,255
253,9,161,154,149,255
253,10,160,150,144,255
253,11,159,149,142,255
253,12,145,135,127,255
253,13,145,135,127,255
253,14,56,69,73,255
253,15,46,42,38,255
253,16,59,50,46,255
253,17,13,13,28,255
253,18,13,13,28,255
253,19,0,13,34,255
253,20,22,22,38,255
253,21,22,22,38,255
253,22,22,22,38,255
253,23,13,13,38,255
253,24,13,13,38,255
253,25,13,13,38,255
253,26,0,0,28,255
253,27,0,0,13,255
253,28,0,0,0,255
253,29,0,0,0,255
253,30,0,0,0,255
253,31,0,0,0,255
253,32,0,0,0,255
253,33,13,0,13,255
253,34,13,0,13,255
253,35,0,0,0,255
253,36,0,0,0,255
253,37,0,0,0,255
253,38,0,0,0,255
253,39,0,0,0,255
253,40,0,0,0,255
253,41,0,0,0,255
253,42,0,0,0,255
253,43,13,13,28,255
253,44,13,13,38,255
253,45,13,13,38,255
253,46,13,13,38,255
253,47,13,13,34,255
253,48,13,22,38,255
253,49,13,13,34,255
253,50,0,0,13,255
253,51,0,0,13,255
253,52,0,0,13,255
253,53,13,22,53,255
253,54,42,64,98,255
253,55,46,61,93,255
253,56,34,46,75,255
253,57,28,38,66,255
253,58,22,34,61,255
253,59,28,34,61,255
253,60,28,34,56,255
253,61,28,34,56,255
253,62,28,38,61,255
253,63,22,34,61,255
253,64,22,34,59,255
253,65,22,34,59,255
253,66,22,34,56,255
253,67,22,34,61,255
253,68,28,38,69,255
253,69,28,38,69,255
253,70,28,42,73,255
253,71,22,38,73,255
253,72,28,42,75,255
253,73,22,42,75,255
253,74,28,42,75,255
253,75,22,42,79,255
253,76,28,46,85,255
253,77,28,46,83,255
253,78,34,46,83,255
253,79,22,38,77,255
253,80,28,38,75,255
253,81,28,38,73,255
253,82,22,38,71,255
253,83,28,38,71,255
253,84,22,34,69,255
253,85,22,34,66,255
253,86,22,34,66,255
253,87,22,34,64,255
253,88,22,34,61,255
253,89,13,34,53,255
253,90,56,104,108,255
253,91,105,157,159,255
253,92,105,157,159,255
253,93,118,175,174,255
253,94,121,177,175,255
253,95,112,156,161,255
253,96,73,93,108,255
253,97,59,73,85,255
253,98,131,148,167,255
253,99,176,193,209,255
253,100,184,199,211,255
253,101,183,196,207,255
253,102,184,197,207,255
253,103,184,197,208,255
253,104,184,197,208,255
253,105,185,197,206,255
253,106,185,195,205,255
253,107,186,196,206,255
253,108,184,194,206,255
253,109,182,195,207,255
253,110,182,195,207,255
253,111,184,196,206,255
253,112,183,195,205,255
253,113,184,197,206,255
253,114,183,196,206,255
253,115,183,196,206,255
253,116,182,195,206,255
253,117,180,195,205,255
253,118,182,194,204,255
253,119,184,196,207,255
253,120,184,196,207,255
253,121,209,215,222,255
253,122,212,219,226,255
253,123,212,219,226,255
253,124,192,203,213,255
253,125,184,193,204,255
253,126,184,193,204,255
253,127,182,193,204,255
253,128,182,193,205,255
253,129,182,192,204,255
253,130,182,194,205,255
253,131,182,194,205,255
253,132,182,194,205,255
253,133,179,194,205,255
253,134,182,195,205,255
253,135,181,195,205,255
253,136,180,194,205,255
253,137,179,193,205,255
253,138,179,193,205,255
253,139,181,194,206,255
253,140,181,194,206,255
253,141,183,196,206,255
253,142,183,196,206,255
253,143,183,195,206,255
254,0,159,149,144,255
254,1,159,149,144,255
254,2,159,152,148,255
254,3,159,152,148,255
254,4,160,151,147,255
254,5,162,154,149,255
254,6,161,155,150,255
254,7,161,155,150,255
254,8,161,154,149,255
254,9,161,154,149,255
254,10,160,150,144,255
254,11,159,149,142,255
254,12,145,135,127,255
254,13,122,119,113,255
254,14,56,69,73,255
254,15,59,50,46,255
254,16,59,50,46,255
254,17,13,13,28,255
254,18,13,13,34,255
254,19,0,13,34,255
254,20,22,22,38,255
254,21,28,28,42,255
254,22,22,22,38,255
254,23,13,13,38,255
254,24,13,13,38,255
254,25,13,13,38,255
254,26,0,0,28,255
254,27,0,0,13,255
254,28,0,0,0,255
254,29,0,0,0,255
254,30,0,0,0,255
254,31,13,13,13,255
254,32,0,0,0,255
254,33,13,0,13,255
254,34,0,0,0,255
254,35,0,0,0,255
254,36,0,0,0,255
254,37,0,0,0,255
254,38,0,0,0,255
254,39,0,0,0,255
254,40,0,0,0,255
254,41,0,0,0,255
254,42,0,0,0,255
254,43,13,13,22,255
254,44,13,13,34,255
254,45,13,13,38,255
254,46,13,13,38,255
254,47,13,13,34,255
254,48,13,22,38,255
254,49,0,0,28,255
254,50,0,0,0,255
254,51,13,13,13,255
254,52,13,22,53,255
254,53,13,22,53,255
254,54,42,64,98,255
254,55,46,61,93,255
254,56,34,46,75,255
254,57,28,38,66,255
254,58,22,34,61,255
254,59,22,34,59,255
254,60,22,34,59,255
254,61,22,34,59,255
254,62,28,38,64,255
254,63,28,38,66,255
254,64,28,38,64,255
254,65,22,28,56,255
254,66,22,34,59,255
254,67,22,34,61,255
254,68,28,34,66,255
254,69,28,38,69,255
254,70,28,42,73,255
254,71,22,38,73,255
254,72,28,42,75,255
254,73,22,42,75,255
254,74,28,42,75,255
254,75,28,42,77,255
254,76,28,46,81,255
254,77,28,46,83,255
254,78,34,46,81,255
254,79,28,38,75,255
254,80,22,38,73,255
254,81,28,38,73,255
254,82,28,38,73,255
254,83,22,38,71,255
254,84,22,34,69,255
254,85,22,34,69,255
254,86,22,34,66,255
254,87,22,34,64,255
254,88,22,34,61,255
254,89,13,34,53,255
254,90,56,104,108,255
254,91,56,104,108,255
254,92,99,155,157,255
254,93,115,173,173,255
254,94,121,178,175,255
254,95,112,156,161,255
254,96,73,93,108,255
254,97,59,73,85,255
254,98,130,147,164,255
254,99,175,192,208,255
254,100,182,198,211,255
254,101,183,196,207,255
254,102,184,197,207,255
254,103,184,197,207,255
254,104,183,196,206,255
254,105,183,197,206,255
254,106,185,195,205,255
254,107,186,196,206,255
254,108,184,194,206,255
254,109,182,195,206,255
254,110,182,195,207,255
254,111,184,196,206,255
254,112,183,195,206,255
254,113,183,196,206,255
254,114,183,196,206,255
254,115,183,196,206,255
254,116,182,196,206,255
254,117,180,195,205,255
254,118,182,194,204,255
254,119,182,194,204,255
254,120,184,196,207,255
254,121,209,215,222,255
254,122,215,221,228,255
254,123,212,219,226,255
254,124,192,203,213,255
254,125,184,194,205,255
254,126,184,193,204,255
254,127,182,193,204,255
254,128,182,193,204,255
254,129,182,192,204,255
254,130,180,194,205,255
254,131,182,194,205,255
254,132,182,194,205,255
254,133,179,194,205,255
254,134,182,195,205,255
254,135,182,195,205,255
254,136,180,194,205,255
254,137,180,194,205,255
254,138,179,193,205,255
254,139,179,192,205,255
254,140,181,194,206,255
254,141,181,194,206,255
254,142,183,196,206,255
254,143,183,196,206,255
255,0,159,149,144,255
255,1,160,153,149,255
255,2,159,152,148,255
255,3,159,152,148,255
255,4,160,151,147,255
255,5,162,154,149,255
255,6,161,155,150,255
255,7,161,155,150,255
255,8,161,154,149,255
255,9,160,150,144,255
255,10,159,149,142,255
255,11,145,135,127,255
255,12,122,119,113,255
255,13,56,69,73,255
255,14,79,71,64,255
255,15,59,50,46,255
255,16,59,50,46,255
255,17,13,13,34,255
255,18,0,13,34,255
255,19,0,13,34,255
255,20,28,28,42,255
255,21,22,22,38,255
255,22,13,13,38,255
255,23,13,22,42,255
255,24,13,13,38,255
255,25,13,13,34,255
255,26,0,0,22,255
255,27,0,0,13,255
255,28,0,0,0,255
255,29,0,0,0,255
255,30,0,0,0,255
255,31,13,13,13,255
255,32,0,0,0,255
255,33,0,0,0,255
255,34,0,0,0,255
255,35,0,0,0,255
255,36,0,0,0,255
255,37,0,0,0,255
255,38,0,0,0,255
255,39,0,0,0,255
255,40,13,13,13,255
255,41,13,13,13,255
255,42,0,0,13,255
255,43,13,13,22,255
255,44,13,13,34,255
255,45,13,13,38,255
255,46,22,22,34,255
255,47,22,22,34,255
255,48,13,13,34,255
255,49,0,0,28,255
255,50,0,0,0,255
255,51,13,13,13,255
255,52,13,22,50,255
255,53,13,22,50,255
255,54,42,61,96,255
255,55,42,61,93,255
255,56,28,42,71,255
255,57,28,34,64,255
255,58,22,34,61,255
255,59,22,34,59,255
255,60,22,34,59,255
255,61,22,34,59,255
255,62,28,38,64,255
255,63,28,38,66,255
255,64,22,34,61,255
255,65,22,34,59,255
255,66,22,28,56,255
255,67,22,28,59,255
255,68,22,34,64,255
255,69,28,38,71,255
255,70,22,38,73,255
255,71,22,38,73,255
255,72,28,42,75,255
255,73,22,42,77,255
255,74,22,38,73,255
255,75,22,38,75,255
255,76,28,46,81,255
255,77,28,46,83,255
255,78,28,46,79,255
255,79,22,38,73,255
255,80,22,38,73,255
255,81,28,38,73,255
255,82,28,38,73,255
255,83,22,38,71,255
255,84,22,34,69,255
255,85,22,34,69,255
255,86,22,34,66,255
255,87,22,34,64,255
255,88,22,28,59,255
255,89,13,28,53,255
255,90,53,101,108,255
255,91,53,101,108,255
255,92,99,155,157,255
255,93,115,173,173,255
255,94,121,178,175,255
255,95,114,160,161,255
255,96,75,102,110,255
255,97,56,71,83,255
255,98,130,147,164,255
255,99,175,192,208,255
255,100,182,198,211,255
255,101,183,195,207,255
255,102,183,196,206,255
255,103,183,196,206,255
255,104,183,196,206,255
255,105,183,197,206,255
255,106,183,195,205,255
255,107,186,195,206,255
255,108,184,194,206,255
255,109,182,195,206,255
255,110,182,195,206,255
255,111,183,196,207,255
255,112,183,195,206,255
255,113,183,196,206,255
255,114,183,196,206,255
255,115,183,196,206,255
255,116,182,196,206,255
255,117,183,196,205,255
255,118,183,194,204,255
255,119,182,194,204,255
255,120,185,196,206,255
255,121,205,213,221,255
255,122,209,215,222,255
255,123,215,221,228,255
255,124,192,203,213,255
255,125,192,203,213,255
255,126,184,194,205,255
255,127,182,193,204,255
255,128,182,193,204,255
255,129,180,192,203,255
255,130,182,192,204,255
255,131,180,194,205,255
255,132,182,194,205,255
255,133,182,194,205,255
255,134,179,194,205,255
255,135,182,195,205,255
255,136,181,195,205,255
255,137,180,194,205,255
255,138,179,193,205,255
255,139,179,192,205,255
255,140,181,194,206,255
255,141,181,194,206,255
255,142,180,194,206,255
255,143,183,196,206,255
